// MilkShape 3D ASCII

Frames: 30
Frame: 1

Meshes: 1
"MDL-polym1" 1 0
112
1 -11.521073 -0.047381 -19.478935 0.443585 0.376868 -1
1 8.060965 9.963260 -19.478935 0.098977 0.198780 -1
1 8.060965 -0.047381 -19.478935 0.098977 0.376868 -1
1 -11.521073 9.963260 -19.478935 0.443585 0.198780 -1
1 -11.521073 -0.047381 -19.478935 0.000000 0.998537 -1
1 8.060965 -0.047381 20.172102 0.806106 0.195693 -1
1 -11.521074 -0.047381 20.172102 0.000000 0.195693 -1
1 8.060965 -0.047381 -19.478935 0.806106 0.998537 -1
1 -11.521073 -0.047381 -19.478935 0.003771 0.697739 -1
1 -11.521074 9.963260 20.172102 0.602409 0.545502 -1
1 -11.521073 9.963260 -19.478935 0.003771 0.545502 -1
1 -11.521074 -0.047381 20.172102 0.602409 0.697739 -1
1 8.060965 -0.047381 -19.478935 0.726397 0.994418 -1
1 8.060965 9.963260 20.172102 0.159321 0.852846 -1
1 8.060965 -0.047381 20.172102 0.159321 0.994418 -1
1 8.060965 9.963260 -19.478935 0.726397 0.852846 -1
1 -2.729202 20.221241 -16.316811 0.855734 0.468649 -1
1 -0.104901 20.233797 17.149088 0.882705 0.837273 -1
1 -0.104901 20.233797 -16.316811 0.884123 0.468714 -1
1 -2.729202 20.221241 17.149088 0.854316 0.837208 -1
1 -11.521074 -0.047382 29.837040 0.510450 0.380059 -1
1 8.060965 7.047693 29.837040 0.862441 0.252524 -1
1 -11.521074 7.047693 29.837040 0.510450 0.252524 -1
1 8.060965 -0.047382 29.837040 0.862441 0.380059 -1
1 8.060965 -0.047382 29.837040 0.806106 0.000000 -1
1 -11.521074 -0.047382 29.837040 0.000000 0.000000 -1
1 8.060965 7.047693 29.837040 0.021096 0.894078 -1
1 8.060965 -0.047382 29.837040 0.021096 0.994418 -1
1 8.060965 9.963260 20.172102 0.976893 0.874017 -1
1 -11.521074 7.047693 29.837040 0.766286 0.980862 -1
1 8.060965 7.047693 29.837040 0.978174 0.981375 -1
1 -11.521074 9.963260 20.172102 0.765004 0.873503 -1
1 -11.521074 -0.047382 29.837040 0.748327 0.697739 -1
1 -11.521074 7.047693 29.837040 0.748327 0.589841 -1
1 -11.521074 13.932454 20.172102 0.602409 0.485141 -1
1 -11.521073 13.932454 -19.478933 0.003771 0.485141 -1
1 -11.521074 9.963260 20.172102 0.509201 0.193806 -1
1 8.060965 13.932454 20.172102 0.858441 0.120040 -1
1 -11.521074 13.932454 20.172102 0.509201 0.120040 -1
1 8.060965 9.963260 20.172102 0.858441 0.193806 -1
1 8.060965 13.932454 -19.478933 0.726397 0.796712 -1
1 8.060965 13.932454 20.172102 0.159321 0.796712 -1
1 -11.521073 13.932454 -19.478933 0.443585 0.128169 -1
1 8.060965 13.932454 -19.478933 0.098977 0.128169 -1
1 -11.521073 13.932454 -19.478933 0.764382 0.435576 -1
1 -6.842702 17.391453 20.172102 0.811319 0.871285 -1
1 -6.842702 17.391453 -19.478933 0.812999 0.434609 -1
1 -11.521074 13.932454 20.172102 0.762702 0.872252 -1
1 -11.521074 13.932454 20.172102 0.505347 0.122931 -1
1 3.854361 17.391453 20.172102 0.779563 0.058646 -1
1 -6.842702 17.391453 20.172102 0.588785 0.058646 -1
1 8.060965 13.932454 20.172102 0.854587 0.122931 -1
1 8.060965 13.932454 20.172102 0.974591 0.872766 -1
1 3.854361 17.391453 -19.478933 0.928747 0.434889 -1
1 3.854361 17.391453 20.172102 0.927067 0.871565 -1
1 8.060965 13.932454 -19.478933 0.976270 0.436090 -1
1 -6.842702 17.391453 -19.478933 0.361254 0.066634 -1
1 3.854361 17.391453 -19.478933 0.173006 0.066634 -1
1 -3.845951 17.391453 17.149088 0.843873 0.838071 -1
1 -3.845951 17.391453 -16.316811 0.845291 0.469512 -1
1 0.949109 17.391453 17.149088 0.895759 0.838197 -1
1 0.949109 17.391453 -16.316811 0.897176 0.469638 -1
1 -3.845951 17.391453 -16.316811 0.053719 0.428501 -1
1 -3.845951 19.592453 17.149088 0.555301 0.395513 -1
1 -3.845951 19.592453 -16.316811 0.053719 0.395513 -1
1 -3.845951 17.391453 17.149088 0.555301 0.428501 -1
1 -3.845951 17.391453 17.149088 0.642231 0.058646 -1
1 0.949109 19.592453 17.149088 0.727749 0.017741 -1
1 -3.845951 19.592453 17.149088 0.642231 0.017741 -1
1 0.949109 17.391453 17.149088 0.727749 0.058646 -1
1 0.949109 17.391453 17.149088 0.205031 0.738215 -1
1 0.949109 19.592453 -16.316811 0.686121 0.702595 -1
1 0.949109 19.592453 17.149088 0.205031 0.702595 -1
1 0.949109 17.391453 -16.316811 0.686121 0.738215 -1
1 0.949109 17.391453 -16.316811 0.227023 0.057468 -1
1 -3.845951 19.592453 -16.316811 0.311407 0.018312 -1
1 0.949109 19.592453 -16.316811 0.227023 0.018312 -1
1 -3.845951 17.391453 -16.316811 0.311407 0.057468 -1
1 -3.845951 19.592453 -16.316811 0.844015 0.468818 -1
1 -3.845951 19.592453 17.149088 0.842597 0.837377 -1
1 -0.104901 20.233797 17.149088 0.708951 0.005822 -1
1 -2.729202 20.221241 17.149088 0.662148 0.006055 -1
1 0.949109 19.592453 17.149088 0.894482 0.837503 -1
1 0.949109 19.592453 -16.316811 0.895900 0.468944 -1
1 0.949109 19.592453 -16.316811 0.224133 0.023131 -1
1 -2.729202 20.221241 -16.316811 0.288864 0.011945 -1
1 -0.104901 20.233797 -16.316811 0.242682 0.011721 -1
1 -3.845951 19.592453 -16.316811 0.308517 0.023131 -1
1 8.043913 -0.053024 -19.551191 0.099277 0.376969 -1
1 12.771075 5.087394 -19.551191 0.016088 0.285521 -1
1 12.749572 -0.053024 -19.551191 0.016466 0.376969 -1
1 8.043913 7.669793 -19.551191 0.099277 0.239581 -1
1 8.043913 -0.053024 -19.551191 0.805404 1.000000 -1
1 12.749572 -0.053024 -7.698191 0.999115 0.760004 -1
1 8.043913 -0.053024 -7.698191 0.805404 0.760004 -1
1 12.749572 -0.053024 -19.551191 0.999115 1.000000 -1
1 8.043913 -0.053024 -19.551191 0.000000 1.000000 -1
1 8.043913 7.669793 -7.698191 0.239996 0.619319 -1
1 8.043913 7.669793 -19.551191 0.000000 0.619319 -1
1 8.043913 -0.053024 -7.698191 0.239996 1.000000 -1
1 12.749572 -0.053024 -19.551191 0.734404 0.994442 -1
1 12.771074 5.087394 -7.698191 0.564886 0.921745 -1
1 12.749572 -0.053024 -7.698191 0.564886 0.994442 -1
1 12.771075 5.087394 -19.551191 0.734404 0.921745 -1
1 8.043913 7.669793 -19.551191 0.731873 0.881487 -1
1 12.771074 5.087394 -7.698191 0.559062 0.920279 -1
1 12.771075 5.087394 -19.551191 0.731873 0.920279 -1
1 8.043913 7.669793 -7.698191 0.559062 0.881487 -1
1 8.043913 -0.053024 -7.698191 0.867749 0.378209 -1
1 12.771074 5.087394 -7.698191 0.946354 0.292732 -1
1 8.043913 7.669793 -7.698191 0.867749 0.249791 -1
1 12.749572 -0.053024 -7.698191 0.945996 0.378209 -1
38
0.000000 0.000000 -1.000000
0.000000 0.000000 -1.000000
0.000000 -1.000000 0.000000
0.000000 -1.000000 -0.000000
0.000000 -1.000000 -0.000000
-1.000000 0.000000 -0.000000
-1.000000 0.000000 -0.000000
-1.000000 0.000000 -0.000000
-1.000000 0.000000 -0.000000
1.000000 0.000000 0.000000
-0.171618 0.985164 0.000000
0.175976 0.984394 0.000000
0.356902 0.934142 0.000000
-0.338311 0.941034 0.000000
0.000000 0.000000 1.000000
0.000000 -1.000000 -0.000000
0.000000 0.957387 0.288809
-1.000000 0.000000 0.000000
-1.000000 0.000000 -0.000000
-1.000000 0.000000 -0.000000
0.000000 0.000000 -1.000000
0.000000 0.000000 -1.000000
-0.594510 0.804088 -0.000000
-0.249841 0.968287 -0.000000
-0.154408 0.988007 0.000000
-0.594510 0.804088 -0.000000
0.635131 0.772404 0.000000
0.269181 0.963090 0.000000
0.166026 0.986121 0.000000
0.000000 1.000000 0.000000
-0.490627 0.871370 0.000000
0.519813 0.854280 0.000000
0.999991 -0.004183 0.000000
0.999991 -0.004183 0.000000
0.999991 -0.004183 0.000000
0.479417 0.877587 0.000000
0.479417 0.877587 0.000000
0.479417 0.877587 0.000000
72
1 0 1 2 0 1 0 1
1 0 3 1 0 1 1 1
1 4 5 6 2 3 4 1
1 4 7 5 2 2 3 1
1 8 9 10 5 6 7 1
1 8 11 9 5 8 6 1
1 12 13 14 9 9 9 1
1 12 15 13 9 9 9 1
1 16 17 18 10 11 12 1
1 16 19 17 10 13 11 1
1 20 21 22 14 14 14 1
1 20 23 21 14 14 14 1
1 6 24 25 4 15 15 1
1 6 5 24 4 3 15 1
1 14 26 27 9 9 9 1
1 14 13 26 9 9 9 1
1 28 29 30 16 16 16 1
1 28 31 29 16 16 16 1
1 9 32 33 6 17 17 1
1 9 11 32 6 8 17 1
1 10 34 35 7 18 19 1
1 10 9 34 7 6 18 1
1 36 37 38 14 14 14 1
1 36 39 37 14 14 14 1
1 13 40 41 9 9 9 1
1 13 15 40 9 9 9 1
1 1 42 43 1 20 21 1
1 1 3 42 1 1 20 1
1 44 45 46 22 23 24 1
1 44 47 45 22 25 23 1
1 48 49 50 14 14 14 1
1 48 51 49 14 14 14 1
1 52 53 54 26 27 28 1
1 52 55 53 26 26 27 1
1 43 56 57 21 0 0 1
1 43 42 56 21 20 0 1
1 46 58 59 24 29 29 1
1 46 45 58 24 23 29 1
1 45 60 58 23 29 29 1
1 45 54 60 23 28 29 1
1 54 61 60 28 29 29 1
1 54 53 61 28 27 29 1
1 53 59 61 27 29 29 1
1 53 46 59 27 24 29 1
1 62 63 64 17 17 17 1
1 62 65 63 17 17 17 1
1 66 67 68 14 14 14 1
1 66 69 67 14 14 14 1
1 70 71 72 9 9 9 1
1 70 73 71 9 9 9 1
1 74 75 76 0 0 0 1
1 74 77 75 0 0 0 1
1 78 19 16 30 13 10 1
1 78 79 19 30 30 13 1
1 68 80 81 14 14 14 1
1 68 67 80 14 14 14 1
1 82 18 17 31 12 11 1
1 82 83 18 31 31 12 1
1 84 85 86 0 0 0 1
1 84 87 85 0 0 0 1
1 88 89 90 0 0 0 1
1 88 91 89 0 0 0 1
1 92 93 94 2 2 2 1
1 92 95 93 2 2 2 1
1 96 97 98 17 17 17 1
1 96 99 97 17 17 17 1
1 100 101 102 32 32 33 1
1 100 103 101 32 34 32 1
1 104 105 106 35 35 36 1
1 104 107 105 35 37 35 1
1 108 109 110 14 14 14 1
1 108 111 109 14 14 14 1

Materials: 1
"DefaultLib_Mater"
0.298039 0.298039 0.298039 1.000000
0.698039 0.698039 0.698039 1.000000
1.000000 1.000000 1.000000 1.000000
0.000000 0.000000 0.000000 1.000000
125.440002
1.000000
"lager_3.tga"
""

Bones: 0
GroupComments: 0
MaterialComments: 0
BoneComments: 0
ModelComment: 0
