// MilkShape 3D ASCII

Frames: 30
Frame: 1

Meshes: 1
"MDL-polym1" 1 0
96
1 -31.448971 -0.178153 44.785915 0.887143 0.001920 -1
1 31.862518 19.747498 44.785915 0.461528 0.162194 -1
1 31.862518 -0.178153 44.785915 0.461528 0.001918 -1
1 -31.448971 19.747498 44.785915 0.887143 0.162196 -1
1 -31.448971 -0.178153 44.785915 0.006490 0.135579 -1
1 31.862518 -0.178153 62.456051 1.000000 0.000000 -1
1 -31.448971 -0.178153 62.456051 0.006490 0.000000 -1
1 31.862518 -0.178153 44.785915 1.000000 0.135579 -1
1 -31.448971 -0.178153 44.785915 0.857068 0.683341 -1
1 -31.448971 19.747498 62.456051 0.992647 0.530531 -1
1 -31.448971 19.747498 44.785915 0.857068 0.530530 -1
1 -31.448971 -0.178153 62.456051 0.992647 0.683342 -1
1 31.862518 -0.178153 44.785915 0.137254 0.998126 -1
1 31.862518 19.747498 62.456051 0.003276 0.847194 -1
1 31.862518 -0.178153 62.456051 0.003276 0.998126 -1
1 31.862518 19.747498 44.785915 0.137254 0.847194 -1
1 -31.448971 19.747498 44.785915 0.002791 0.438156 -1
1 31.862518 19.747498 62.456051 0.221033 0.499837 -1
1 31.862518 19.747498 44.785915 0.221033 0.438156 -1
1 -31.448971 19.747498 62.456051 0.002791 0.499837 -1
1 -31.448971 -0.178153 62.456051 0.182720 0.355894 -1
1 31.862518 19.747498 62.456051 0.581428 0.230583 -1
1 -31.448971 19.747498 62.456051 0.182720 0.230580 -1
1 31.862518 -0.178153 62.456051 0.581428 0.355897 -1
1 11.441278 -0.035732 -38.081867 0.765599 0.995222 -1
1 11.441278 32.617065 43.965908 0.143500 0.747886 -1
1 11.441278 -0.035732 43.965908 0.143500 0.995222 -1
1 11.441278 32.617065 -38.081860 0.765599 0.747886 -1
1 11.441278 -0.035732 -38.081867 0.679541 0.771406 -1
1 -31.862518 -0.035732 43.965908 0.000000 0.141871 -1
1 -31.862518 -0.035732 -38.081867 0.000000 0.771406 -1
1 11.441278 -0.035732 43.965908 0.679541 0.141871 -1
1 11.441278 -0.035732 -38.081867 0.634037 0.002639 -1
1 -31.862518 32.617065 -38.081860 0.978587 0.262223 -1
1 11.441278 32.617065 -38.081860 0.634037 0.262222 -1
1 -31.862518 -0.035732 -38.081867 0.978587 0.002640 -1
1 11.441278 -0.035732 43.965908 0.450388 0.354137 -1
1 -31.862518 32.617065 43.965908 0.177679 0.148779 -1
1 -31.862518 -0.035732 43.965908 0.177679 0.354135 -1
1 11.441278 32.617065 43.965908 0.450388 0.148781 -1
1 11.441278 32.617065 -38.081860 0.145865 0.159401 -1
1 -31.862518 32.617065 43.965908 0.002690 0.430675 -1
1 11.441278 32.617065 43.965908 0.145865 0.430675 -1
1 -31.862518 32.617065 -38.081860 0.002690 0.159401 -1
1 -31.862518 -0.035732 -38.081867 0.226143 0.684932 -1
1 -31.862518 32.617065 43.965908 0.855677 0.434521 -1
1 -31.862518 32.617065 -38.081860 0.226143 0.434516 -1
1 -31.862518 -0.035732 43.965908 0.855677 0.684937 -1
1 -15.591242 -0.137231 -67.874771 0.998790 0.994691 -1
1 -15.591242 22.209736 -37.436924 0.768005 0.825419 -1
1 -15.591242 -0.137233 -37.436932 0.768005 0.994691 -1
1 -15.591242 22.209736 -67.874771 0.998790 0.825419 -1
1 -15.591242 -0.137231 -67.874771 0.255336 1.000000 -1
1 -31.599926 -0.137233 -37.436932 0.004121 0.766457 -1
1 -31.599926 -0.137231 -67.874771 0.004121 1.000000 -1
1 -15.591242 -0.137233 -37.436932 0.255336 0.766457 -1
1 -15.591242 -0.137231 -67.874771 0.846697 0.004986 -1
1 -31.599926 22.209736 -67.874771 0.974071 0.182641 -1
1 -15.591242 22.209736 -67.874771 0.846697 0.182640 -1
1 -31.599926 -0.137231 -67.874771 0.974071 0.004987 -1
1 -15.591242 -0.137233 -37.436932 0.255336 0.998999 -1
1 -31.599926 22.209736 -37.436924 0.004121 0.452500 -1
1 -31.599926 -0.137233 -37.436932 0.004121 0.998999 -1
1 -15.591242 22.209736 -37.436924 0.255336 0.452500 -1
1 -15.591242 22.209736 -67.874771 0.055400 0.059136 -1
1 -31.599926 22.209736 -37.436924 0.005023 0.154920 -1
1 -15.591242 22.209736 -37.436924 0.055400 0.154920 -1
1 -31.599926 22.209736 -67.874771 0.005023 0.059136 -1
1 -31.599926 -0.137231 -67.874771 0.000000 0.680467 -1
1 -31.599926 22.209736 -37.436924 0.233543 0.509088 -1
1 -31.599926 22.209736 -67.874771 0.000000 0.509087 -1
1 -31.599926 -0.137233 -37.436932 0.233543 0.680469 -1
1 7.109416 32.710705 -33.959713 0.734345 0.745723 -1
1 5.703946 40.550213 18.287323 0.338199 0.685870 -1
1 7.109416 32.710705 19.532188 0.328761 0.745723 -1
1 5.703946 40.550213 -32.635838 0.724307 0.685870 -1
1 7.109416 32.710705 -33.959713 0.611564 0.739777 -1
1 -27.018333 32.710705 19.532188 0.076017 0.329345 -1
1 -27.116467 32.710705 -33.959713 0.074477 0.739777 -1
1 7.109416 32.710705 19.532188 0.611564 0.329345 -1
1 7.109416 32.710705 -33.959713 0.666049 0.264322 -1
1 -26.063644 40.712955 -32.635838 0.929993 0.328374 -1
1 5.703946 40.550213 -32.635838 0.677231 0.327080 -1
1 -27.116467 32.710705 -33.959713 0.938371 0.264323 -1
1 7.109416 32.710705 19.532188 0.423127 0.140206 -1
1 -26.063646 40.712955 18.287323 0.214219 0.089471 -1
1 -27.018333 32.710705 19.532188 0.208206 0.140205 -1
1 5.703946 40.550213 18.287323 0.414277 0.090496 -1
1 5.703946 40.550213 -32.635838 0.130965 0.173505 -1
1 -26.063646 40.712955 18.287323 0.020076 0.345831 -1
1 5.703946 40.550213 18.287323 0.130965 0.345832 -1
1 -26.063644 40.712955 -32.635838 0.020076 0.173504 -1
1 -27.116467 32.710705 -33.959713 0.257780 0.432664 -1
1 -26.063646 40.712955 18.287323 0.658662 0.371045 -1
1 -26.063644 40.712955 -32.635838 0.267939 0.371042 -1
1 -27.018333 32.710705 19.532188 0.668211 0.432643 -1
22
0.000000 0.000000 -1.000000
0.000000 -1.000000 0.000000
-1.000000 0.000000 0.000000
1.000000 0.000000 0.000000
0.000000 1.000000 0.000000
0.000000 0.000000 1.000000
0.000000 0.000000 -1.000000
0.000000 -1.000000 -0.000000
0.000000 -0.000000 1.000000
0.984307 0.176467 0.000000
0.000427 0.164942 -0.986303
0.000854 0.166663 -0.986013
0.000000 0.163219 -0.986590
0.000402 0.155343 0.987861
0.000000 0.153716 0.988115
0.000804 0.156969 0.987603
0.005123 0.999987 0.000000
0.005123 0.999987 0.000000
0.005123 0.999987 0.000000
-0.992207 0.124594 0.000911
-0.991456 0.130442 -0.000000
-0.992924 0.118741 0.001822
48
1 0 1 2 0 0 0 1
1 0 3 1 0 0 0 1
1 4 5 6 1 1 1 1
1 4 7 5 1 1 1 1
1 8 9 10 2 2 2 1
1 8 11 9 2 2 2 1
1 12 13 14 3 3 3 1
1 12 15 13 3 3 3 1
1 16 17 18 4 4 4 1
1 16 19 17 4 4 4 1
1 20 21 22 5 5 5 1
1 20 23 21 5 5 5 1
1 24 25 26 3 3 3 1
1 24 27 25 3 3 3 1
1 28 29 30 1 1 1 1
1 28 31 29 1 1 1 1
1 32 33 34 6 6 6 1
1 32 35 33 6 6 6 1
1 36 37 38 5 5 5 1
1 36 39 37 5 5 5 1
1 40 41 42 4 4 4 1
1 40 43 41 4 4 4 1
1 44 45 46 2 2 2 1
1 44 47 45 2 2 2 1
1 48 49 50 3 3 3 1
1 48 51 49 3 3 3 1
1 52 53 54 7 7 7 1
1 52 55 53 7 7 7 1
1 56 57 58 0 0 0 1
1 56 59 57 0 0 0 1
1 60 61 62 8 8 8 1
1 60 63 61 8 8 8 1
1 64 65 66 4 4 4 1
1 64 67 65 4 4 4 1
1 68 69 70 2 2 2 1
1 68 71 69 2 2 2 1
1 72 73 74 9 9 9 1
1 72 75 73 9 9 9 1
1 76 77 78 1 1 1 1
1 76 79 77 1 1 1 1
1 80 81 82 10 10 11 1
1 80 83 81 10 12 10 1
1 84 85 86 13 13 14 1
1 84 87 85 13 15 13 1
1 88 89 90 16 16 17 1
1 88 91 89 16 18 16 1
1 92 93 94 19 19 20 1
1 92 95 93 19 21 19 1

Materials: 1
"DefaultLib_Mater"
0.298039 0.298039 0.298039 1.000000
0.698039 0.698039 0.698039 1.000000
1.000000 1.000000 1.000000 1.000000
0.000000 0.000000 0.000000 1.000000
125.440002
1.000000
"kRAFWERK.tga"
""

Bones: 0
GroupComments: 0
MaterialComments: 0
BoneComments: 0
ModelComment: 0
