// MilkShape 3D ASCII

Frames: 30
Frame: 1

Meshes: 1
"MDL-polym1" 1 0
88
1 -20.118269 -0.094163 -36.878468 0.898284 0.414571 -1
1 17.173882 13.344893 -36.878464 0.070646 0.123306 -1
1 17.173882 -0.094163 -36.878468 0.070646 0.414571 -1
1 -20.118269 13.344893 -36.878464 0.898284 0.123306 -1
1 -20.118269 -0.094163 -36.878468 0.000000 1.000000 -1
1 17.173882 -0.094163 37.278465 0.926823 0.000000 -1
1 -20.118269 -0.094163 37.278465 0.000000 0.000000 -1
1 17.173882 -0.094163 -36.878468 0.926823 1.000000 -1
1 -20.118269 -0.094163 -36.878468 0.016366 0.862283 -1
1 -20.118269 13.344893 37.278469 0.699118 0.738552 -1
1 -20.118269 13.344893 -36.878464 0.016366 0.738552 -1
1 -20.118269 -0.094163 37.278465 0.699118 0.862283 -1
1 17.173882 -0.094163 -36.878468 0.678813 0.598472 -1
1 17.173882 13.344893 37.278469 0.012868 0.477787 -1
1 17.173882 -0.094163 37.278465 0.012868 0.598472 -1
1 17.173882 13.344893 -36.878464 0.678813 0.477787 -1
1 -1.754123 18.494162 -36.878464 0.844830 0.444967 -1
1 -1.441203 18.494162 37.278469 0.848795 0.954780 -1
1 -1.441203 18.494162 -36.878464 0.848795 0.444967 -1
1 -1.754123 18.494162 37.278469 0.844830 0.954780 -1
1 -20.118269 -0.094163 37.278465 0.892452 0.415398 -1
1 17.173882 13.344893 37.278469 0.071299 0.120568 -1
1 -20.118269 13.344893 37.278469 0.892452 0.120568 -1
1 17.173882 -0.094163 37.278465 0.071299 0.415398 -1
1 -20.118269 13.344893 -36.878464 0.720832 0.440867 -1
1 -10.945067 14.601445 37.278469 0.783350 0.953044 -1
1 -10.945067 14.601445 -36.878464 0.783350 0.440867 -1
1 -20.118269 13.344893 37.278469 0.720832 0.953044 -1
1 7.702848 14.601445 37.278469 0.279846 0.093001 -1
1 -10.945067 14.601445 37.278469 0.690463 0.093001 -1
1 17.173882 13.344893 37.278469 0.977658 0.953044 -1
1 7.702848 14.601445 -36.878464 0.911776 0.440867 -1
1 7.702848 14.601445 37.278469 0.911776 0.953044 -1
1 17.173882 13.344893 -36.878464 0.977658 0.440867 -1
1 -10.945067 14.601445 -36.878464 0.694700 0.096073 -1
1 7.702848 14.601445 -36.878464 0.280840 0.096073 -1
1 -10.945067 14.601445 -36.878464 0.014598 0.724016 -1
1 -10.945067 17.001993 37.278469 0.697349 0.704311 -1
1 -10.945067 17.001993 -36.878464 0.014598 0.704311 -1
1 -10.945067 14.601445 37.278469 0.697349 0.724016 -1
1 7.702848 17.001993 37.278469 0.279846 0.040337 -1
1 -10.945067 17.001993 37.278469 0.690463 0.040337 -1
1 7.702848 14.601445 37.278469 0.009332 0.464646 -1
1 7.702848 17.001993 -36.878464 0.682051 0.446282 -1
1 7.702848 17.001993 37.278469 0.009332 0.446282 -1
1 7.702848 14.601445 -36.878464 0.682051 0.464646 -1
1 7.702848 14.601445 -36.878464 0.284732 0.096073 -1
1 -10.945067 17.001993 -36.878464 0.690808 0.044046 -1
1 7.702848 17.001993 -36.878464 0.284732 0.044046 -1
1 -10.945067 14.601445 -36.878464 0.690808 0.096073 -1
1 -10.945067 17.001993 -36.878464 0.782095 0.440867 -1
1 -1.754123 18.494162 37.278469 0.844612 0.953044 -1
1 -1.754123 18.494162 -36.878464 0.844612 0.440867 -1
1 -10.945067 17.001993 37.278469 0.782095 0.953044 -1
1 -1.441203 18.494162 37.278469 0.481193 0.007601 -1
1 -1.754123 18.494162 37.278469 0.488083 0.007601 -1
1 7.702848 17.001993 37.278469 0.910521 0.953044 -1
1 -1.441203 18.494162 -36.878464 0.846767 0.440867 -1
1 -1.441203 18.494162 37.278469 0.846767 0.953044 -1
1 7.702848 17.001993 -36.878464 0.910521 0.440867 -1
1 7.702848 17.001993 -36.878464 0.280840 0.044046 -1
1 -1.754123 18.494162 -36.878464 0.490722 0.011706 -1
1 -1.441203 18.494162 -36.878464 0.483777 0.011706 -1
1 -10.945067 17.001993 -36.878464 0.694700 0.044046 -1
1 17.038965 -0.090236 -30.910322 0.073641 0.414486 -1
1 20.118269 3.470830 -30.910322 0.005300 0.337307 -1
1 20.118269 -0.090236 -30.910322 0.005300 0.414486 -1
1 17.038965 4.712939 -30.910322 0.073641 0.310387 -1
1 17.038965 -0.090236 -30.910322 0.923470 0.919520 -1
1 20.118269 -0.090236 -24.117285 1.000000 0.827917 -1
1 17.038965 -0.090236 -24.117285 0.923470 0.827917 -1
1 20.118269 -0.090236 -30.910322 1.000000 0.919520 -1
1 17.038965 -0.090236 -30.910322 0.080480 0.999789 -1
1 17.038965 4.712939 -24.117285 0.172083 0.741391 -1
1 17.038965 4.712939 -30.910322 0.080480 0.741391 -1
1 17.038965 -0.090236 -24.117285 0.172083 0.999789 -1
1 20.118269 -0.090236 -30.910322 0.623543 0.600206 -1
1 20.118269 3.470830 -24.117285 0.562540 0.568227 -1
1 20.118269 -0.090236 -24.117285 0.562540 0.600206 -1
1 20.118269 3.470830 -30.910322 0.623543 0.568227 -1
1 17.038965 4.712939 -30.910322 0.977892 0.487393 -1
1 20.118269 3.470830 -24.117285 0.999748 0.534311 -1
1 20.118269 3.470830 -30.910322 0.999748 0.487393 -1
1 17.038965 4.712939 -24.117285 0.977892 0.534311 -1
1 17.038965 -0.090236 -24.117285 0.074270 0.415312 -1
1 20.118269 3.470830 -24.117285 0.006465 0.337188 -1
1 17.038965 4.712939 -24.117285 0.074270 0.309938 -1
1 20.118269 -0.090236 -24.117285 0.006465 0.415312 -1
16
0.000000 0.000000 -1.000000
0.000000 0.000000 -1.000000
0.000000 -1.000000 0.000000
-1.000000 0.000000 0.000000
1.000000 0.000000 0.000000
0.000000 1.000000 0.000000
0.000000 -0.000000 1.000000
0.000000 -0.000000 1.000000
0.000000 -0.000000 1.000000
-0.135713 0.990748 0.000000
0.000000 0.000000 1.000000
0.131521 0.991313 0.000000
0.000000 0.000000 -1.000000
-0.160254 0.987076 0.000000
0.161054 0.986946 0.000000
0.374086 0.927394 0.000000
48
1 0 1 2 0 1 0 1
1 0 3 1 0 1 1 1
1 4 5 6 2 2 2 1
1 4 7 5 2 2 2 1
1 8 9 10 3 3 3 1
1 8 11 9 3 3 3 1
1 12 13 14 4 4 4 1
1 12 15 13 4 4 4 1
1 16 17 18 5 5 5 1
1 16 19 17 5 5 5 1
1 20 21 22 6 7 8 1
1 20 23 21 6 6 7 1
1 24 25 26 9 9 9 1
1 24 27 25 9 9 9 1
1 22 28 29 8 10 10 1
1 22 21 28 8 7 10 1
1 30 31 32 11 11 11 1
1 30 33 31 11 11 11 1
1 1 34 35 1 12 12 1
1 1 3 34 1 1 12 1
1 36 37 38 3 3 3 1
1 36 39 37 3 3 3 1
1 29 40 41 10 10 10 1
1 29 28 40 10 10 10 1
1 42 43 44 4 4 4 1
1 42 45 43 4 4 4 1
1 46 47 48 12 12 12 1
1 46 49 47 12 12 12 1
1 50 51 52 13 13 13 1
1 50 53 51 13 13 13 1
1 41 54 55 10 10 10 1
1 41 40 54 10 10 10 1
1 56 57 58 14 14 14 1
1 56 59 57 14 14 14 1
1 60 61 62 12 12 12 1
1 60 63 61 12 12 12 1
1 64 65 66 12 12 12 1
1 64 67 65 12 12 12 1
1 68 69 70 2 2 2 1
1 68 71 69 2 2 2 1
1 72 73 74 3 3 3 1
1 72 75 73 3 3 3 1
1 76 77 78 4 4 4 1
1 76 79 77 4 4 4 1
1 80 81 82 15 15 15 1
1 80 83 81 15 15 15 1
1 84 85 86 10 10 10 1
1 84 87 85 10 10 10 1

Materials: 1
"DefaultLib_Mater"
0.298039 0.298039 0.298039 1.000000
0.698039 0.698039 0.698039 1.000000
1.000000 1.000000 1.000000 1.000000
0.000000 0.000000 0.000000 1.000000
125.440002
1.000000
"trainHal.tga"
""

Bones: 0
GroupComments: 0
MaterialComments: 0
BoneComments: 0
ModelComment: 0
