// MilkShape 3D ASCII

Frames: 30
Frame: 1

Meshes: 1
"Cylinder01" 1 0
426
1 0.304890 0.897652 -0.145417 0.819861 0.019581 -1
1 0.338402 0.897652 0.001410 0.750000 0.019581 -1
1 0.328857 0.880183 0.001410 0.750000 0.038663 -1
1 0.296290 0.880183 -0.141275 0.819861 0.038663 -1
1 0.210990 0.897652 -0.263163 0.890882 0.019581 -1
1 0.205039 0.880183 -0.255701 0.890882 0.038663 -1
1 0.075302 0.897652 -0.328507 0.963399 0.019581 -1
1 0.073178 0.880183 -0.319202 0.963399 0.038663 -1
1 -0.075302 0.897652 -0.328507 1.036601 0.019581 -1
1 -0.073178 0.880183 -0.319202 1.036601 0.038663 -1
1 -0.210990 0.897652 -0.263163 0.109118 0.019581 -1
1 -0.075302 0.897652 -0.328507 0.036601 0.019581 -1
1 -0.073178 0.880183 -0.319202 0.036601 0.038663 -1
1 -0.205039 0.880183 -0.255701 0.109118 0.038663 -1
1 -0.304890 0.897652 -0.145417 0.180139 0.019581 -1
1 -0.296290 0.880183 -0.141275 0.180139 0.038663 -1
1 -0.338402 0.897652 0.001410 0.250000 0.019581 -1
1 -0.328857 0.880183 0.001410 0.250000 0.038663 -1
1 -0.304890 0.897652 0.148238 0.319861 0.019581 -1
1 -0.296290 0.880183 0.144096 0.319861 0.038663 -1
1 -0.210990 0.897652 0.265984 0.390882 0.019581 -1
1 -0.205039 0.880183 0.258521 0.390882 0.038663 -1
1 -0.075302 0.897652 0.331328 0.463399 0.019581 -1
1 -0.073178 0.880183 0.322023 0.463399 0.038663 -1
1 0.075302 0.897652 0.331328 0.536601 0.019581 -1
1 0.073178 0.880183 0.322023 0.536601 0.038663 -1
1 0.210990 0.897652 0.265984 0.609118 0.019581 -1
1 0.205039 0.880183 0.258521 0.609118 0.038663 -1
1 0.304890 0.897652 0.148238 0.680139 0.019581 -1
1 0.296290 0.880183 0.144096 0.680139 0.038663 -1
1 0.296290 0.915120 -0.141275 0.819861 0.000499 -1
1 0.328857 0.915120 0.001410 0.750000 0.000499 -1
1 0.205039 0.915120 -0.255701 0.890882 0.000499 -1
1 0.073178 0.915120 -0.319202 0.963399 0.000499 -1
1 -0.073178 0.915120 -0.319202 1.036601 0.000499 -1
1 -0.205039 0.915120 -0.255701 0.109118 0.000499 -1
1 -0.073178 0.915120 -0.319202 0.036601 0.000499 -1
1 -0.296290 0.915120 -0.141275 0.180139 0.000499 -1
1 -0.328857 0.915120 0.001410 0.250000 0.000499 -1
1 -0.296290 0.915120 0.144096 0.319861 0.000499 -1
1 -0.205039 0.915120 0.258521 0.390882 0.000499 -1
1 -0.073178 0.915120 0.322023 0.463399 0.000499 -1
1 0.073178 0.915120 0.322023 0.536601 0.000499 -1
1 0.205039 0.915120 0.258521 0.609118 0.000499 -1
1 0.296290 0.915120 0.144096 0.680139 0.000499 -1
1 0.290797 0.885261 0.001410 0.500000 0.059729 -1
1 0.261999 0.885261 -0.124762 0.313763 0.103330 -1
1 0.296290 0.880183 -0.141275 0.289388 0.051412 -1
1 0.328857 0.880183 0.001410 0.500000 0.002105 -1
1 0.181309 0.885261 -0.225944 0.164413 0.225496 -1
1 0.205039 0.880183 -0.255701 0.120490 0.189568 -1
1 0.064708 0.885261 -0.282096 0.081529 0.402030 -1
1 0.073178 0.880183 -0.319202 0.026759 0.389208 -1
1 -0.064708 0.885261 -0.282096 0.081529 0.597969 -1
1 -0.073178 0.880183 -0.319202 0.026759 0.610792 -1
1 -0.181309 0.885261 -0.225944 0.164413 0.774504 -1
1 -0.205039 0.880183 -0.255701 0.120490 0.810432 -1
1 -0.261999 0.885261 -0.124762 0.313763 0.896670 -1
1 -0.296290 0.880183 -0.141275 0.289388 0.948587 -1
1 -0.290797 0.885261 0.001410 0.500000 0.940271 -1
1 -0.328857 0.880183 0.001410 0.500000 0.997895 -1
1 -0.261999 0.885261 0.127583 0.686237 0.896670 -1
1 -0.296290 0.880183 0.144096 0.710612 0.948588 -1
1 -0.181309 0.885261 0.228765 0.835587 0.774504 -1
1 -0.205039 0.880183 0.258521 0.879510 0.810432 -1
1 -0.064708 0.885261 0.284917 0.918471 0.597970 -1
1 -0.073178 0.880183 0.322023 0.973241 0.610792 -1
1 0.064708 0.885261 0.284917 0.918471 0.402031 -1
1 0.073178 0.880183 0.322023 0.973241 0.389208 -1
1 0.181309 0.885261 0.228765 0.835587 0.225496 -1
1 0.205039 0.880183 0.258521 0.879510 0.189568 -1
1 0.261999 0.885261 0.127583 0.686237 0.103330 -1
1 0.296290 0.880183 0.144096 0.710612 0.051412 -1
1 0.000000 0.885261 0.001410 0.500000 0.500000 -1
1 0.261999 0.898791 -0.124762 1.504286 1.020462 -1
1 0.290797 0.898791 0.001410 1.262143 1.020462 -1
1 0.328857 0.915120 0.001410 1.262143 0.946314 -1
1 0.296290 0.915120 -0.141275 1.504286 0.946314 -1
1 0.181309 0.898791 -0.225944 1.746428 1.020462 -1
1 0.205039 0.915120 -0.255701 1.746428 0.946314 -1
1 0.064708 0.898791 -0.282096 1.988571 1.020462 -1
1 0.073178 0.915120 -0.319202 1.988571 0.946314 -1
1 -0.064708 0.898791 -0.282096 2.230714 1.020462 -1
1 -0.073178 0.915120 -0.319202 2.230714 0.946314 -1
1 -0.181309 0.898791 -0.225944 -0.917143 1.020462 -1
1 -0.064708 0.898791 -0.282096 -1.159286 1.020462 -1
1 -0.073178 0.915120 -0.319202 -1.159286 0.946314 -1
1 -0.205039 0.915120 -0.255701 -0.917143 0.946314 -1
1 -0.261999 0.898791 -0.124762 -0.675000 1.020462 -1
1 -0.296290 0.915120 -0.141275 -0.675000 0.946314 -1
1 -0.290797 0.898791 0.001410 -0.432857 1.020462 -1
1 -0.328857 0.915120 0.001410 -0.432857 0.946314 -1
1 -0.261999 0.898791 0.127583 -0.190714 1.020462 -1
1 -0.296290 0.915120 0.144096 -0.190714 0.946314 -1
1 -0.181309 0.898791 0.228765 0.051429 1.020462 -1
1 -0.205039 0.915120 0.258521 0.051429 0.946314 -1
1 -0.064708 0.898791 0.284917 0.293571 1.020462 -1
1 -0.073178 0.915120 0.322023 0.293571 0.946314 -1
1 0.064708 0.898791 0.284917 0.535714 1.020462 -1
1 0.073178 0.915120 0.322023 0.535714 0.946314 -1
1 0.181309 0.898791 0.228765 0.777857 1.020462 -1
1 0.205039 0.915120 0.258521 0.777857 0.946314 -1
1 0.261999 0.898791 0.127583 1.020000 1.020462 -1
1 0.296290 0.915120 0.144096 1.020000 0.946314 -1
1 0.290797 0.898791 0.001410 0.500000 0.059729 -1
1 0.261999 0.898791 -0.124762 0.313763 0.103330 -1
1 0.000000 0.898791 0.001410 0.500000 0.500000 -1
1 0.181309 0.898791 -0.225944 0.164413 0.225496 -1
1 0.064708 0.898791 -0.282096 0.081529 0.402030 -1
1 -0.064708 0.898791 -0.282096 0.081529 0.597969 -1
1 -0.181309 0.898791 -0.225944 0.164413 0.774504 -1
1 -0.261999 0.898791 -0.124762 0.313763 0.896670 -1
1 -0.290797 0.898791 0.001410 0.500000 0.940271 -1
1 -0.261999 0.898791 0.127583 0.686237 0.896670 -1
1 -0.181309 0.898791 0.228765 0.835587 0.774504 -1
1 -0.064708 0.898791 0.284917 0.918471 0.597970 -1
1 0.064708 0.898791 0.284917 0.918471 0.402031 -1
1 0.181309 0.898791 0.228765 0.835587 0.225496 -1
1 0.261999 0.898791 0.127583 0.686237 0.103330 -1
1 0.193239 0.003312 0.244247 0.858440 0.207433 -1
1 0.067645 0.003312 0.304730 0.947716 0.397585 -1
1 -0.071755 0.003312 0.304730 0.947716 0.608638 -1
1 -0.197350 0.003312 0.244247 0.858440 0.798790 -1
1 -0.284264 0.003312 0.135260 0.697569 0.930379 -1
1 -0.315283 0.003312 -0.000645 0.496966 0.977343 -1
1 -0.284264 0.003312 -0.136549 0.296364 0.930379 -1
1 -0.197350 0.003312 -0.245536 0.135493 0.798790 -1
1 -0.071755 0.003312 -0.306019 0.046217 0.608638 -1
1 0.067645 0.003312 -0.306019 0.046217 0.397585 -1
1 0.193239 0.003312 -0.245536 0.135493 0.207433 -1
1 0.280153 0.003312 -0.136549 0.296364 0.075844 -1
1 0.311173 0.003312 -0.000645 0.496967 0.028880 -1
1 0.280153 0.003312 0.135260 0.697569 0.075844 -1
1 0.311173 0.003312 -0.000645 0.000337 0.996504 -1
1 0.280153 0.003312 -0.136549 0.070549 0.996504 -1
1 0.280153 0.900594 -0.136549 0.070549 0.016368 -1
1 0.311173 0.900594 -0.000645 0.000337 0.016368 -1
1 0.193239 0.003312 -0.245536 0.141668 0.996504 -1
1 0.193239 0.900594 -0.245536 0.141668 0.016368 -1
1 0.067645 0.003312 -0.306019 0.213984 0.996504 -1
1 0.067645 0.900594 -0.306019 0.213984 0.016368 -1
1 -0.071755 0.003312 -0.306019 0.286711 0.996504 -1
1 -0.071755 0.900594 -0.306019 0.286711 0.016368 -1
1 -0.197350 0.003312 -0.245536 0.358595 0.996504 -1
1 -0.197350 0.900594 -0.245536 0.358595 0.016368 -1
1 -0.284264 0.003312 -0.136549 0.428975 0.996504 -1
1 -0.284264 0.900594 -0.136549 0.428975 0.016368 -1
1 -0.315283 0.003312 -0.000645 0.498300 0.996504 -1
1 -0.315283 0.900594 -0.000645 0.498300 0.016368 -1
1 -0.284264 0.003312 0.135260 0.567806 0.996504 -1
1 -0.284264 0.900594 0.135260 0.567806 0.016368 -1
1 -0.197350 0.003312 0.244247 0.638717 0.996504 -1
1 -0.197350 0.900594 0.244247 0.638717 0.016368 -1
1 -0.071755 0.003312 0.304730 0.711425 0.996504 -1
1 -0.071755 0.900594 0.304730 0.711425 0.016368 -1
1 0.067645 0.003312 0.304730 0.785103 0.996504 -1
1 0.067645 0.900594 0.304730 0.785103 0.016368 -1
1 0.193239 0.003312 0.244247 0.858262 0.996504 -1
1 0.193239 0.900594 0.244247 0.858262 0.016368 -1
1 0.280153 0.003312 0.135260 0.929935 0.996504 -1
1 0.280153 0.900594 0.135260 0.929935 0.016368 -1
1 0.311173 0.003312 -0.000645 1.000337 0.996504 -1
1 0.311173 0.900594 -0.000645 1.000337 0.016368 -1
1 0.304890 0.629705 -0.145417 0.819861 0.312270 -1
1 0.338402 0.629705 0.001410 0.750000 0.312270 -1
1 0.328857 0.612236 0.001410 0.750000 0.331352 -1
1 0.296290 0.612236 -0.141275 0.819861 0.331352 -1
1 0.210990 0.629705 -0.263163 0.890882 0.312270 -1
1 0.205039 0.612236 -0.255701 0.890882 0.331352 -1
1 0.075302 0.629705 -0.328507 0.963399 0.312270 -1
1 0.073178 0.612236 -0.319202 0.963399 0.331352 -1
1 -0.075302 0.629705 -0.328507 1.036601 0.312270 -1
1 -0.073178 0.612236 -0.319202 1.036601 0.331352 -1
1 -0.210990 0.629705 -0.263163 0.109118 0.312270 -1
1 -0.075302 0.629705 -0.328507 0.036601 0.312270 -1
1 -0.073178 0.612236 -0.319202 0.036601 0.331352 -1
1 -0.205039 0.612236 -0.255701 0.109118 0.331352 -1
1 -0.304890 0.629705 -0.145417 0.180139 0.312270 -1
1 -0.296290 0.612236 -0.141275 0.180139 0.331352 -1
1 -0.338402 0.629705 0.001410 0.250000 0.312270 -1
1 -0.328857 0.612236 0.001410 0.250000 0.331352 -1
1 -0.304890 0.629705 0.148238 0.319861 0.312270 -1
1 -0.296290 0.612236 0.144096 0.319861 0.331352 -1
1 -0.210990 0.629705 0.265984 0.390882 0.312270 -1
1 -0.205039 0.612236 0.258522 0.390882 0.331352 -1
1 -0.075302 0.629705 0.331328 0.463399 0.312270 -1
1 -0.073178 0.612236 0.322023 0.463399 0.331352 -1
1 0.075302 0.629705 0.331328 0.536601 0.312270 -1
1 0.073178 0.612236 0.322023 0.536601 0.331352 -1
1 0.210990 0.629705 0.265984 0.609118 0.312270 -1
1 0.205039 0.612236 0.258521 0.609118 0.331352 -1
1 0.304890 0.629705 0.148238 0.680139 0.312270 -1
1 0.296290 0.612236 0.144096 0.680139 0.331352 -1
1 0.296290 0.647174 -0.141275 0.819861 0.293188 -1
1 0.328857 0.647174 0.001410 0.750000 0.293188 -1
1 0.205039 0.647174 -0.255701 0.890882 0.293188 -1
1 0.073178 0.647174 -0.319202 0.963399 0.293188 -1
1 -0.073178 0.647174 -0.319202 1.036601 0.293188 -1
1 -0.205039 0.647174 -0.255701 0.109118 0.293188 -1
1 -0.073178 0.647174 -0.319202 0.036601 0.293188 -1
1 -0.296290 0.647174 -0.141275 0.180139 0.293188 -1
1 -0.328857 0.647174 0.001410 0.250000 0.293188 -1
1 -0.296290 0.647174 0.144096 0.319861 0.293188 -1
1 -0.205039 0.647174 0.258522 0.390882 0.293188 -1
1 -0.073178 0.647174 0.322023 0.463399 0.293188 -1
1 0.073178 0.647174 0.322023 0.536601 0.293188 -1
1 0.205039 0.647174 0.258521 0.609118 0.293188 -1
1 0.296290 0.647174 0.144096 0.680139 0.293188 -1
1 0.205039 0.612236 -0.255701 0.120490 0.189568 -1
1 0.296290 0.612236 -0.141275 0.289388 0.051412 -1
1 0.328857 0.612236 0.001410 0.500000 0.002105 -1
1 0.296290 0.612236 0.144096 0.710612 0.051412 -1
1 0.205039 0.612236 0.258521 0.879510 0.189568 -1
1 0.073178 0.612236 0.322023 0.973241 0.389208 -1
1 -0.073178 0.612236 0.322023 0.973241 0.610792 -1
1 -0.205039 0.612236 0.258522 0.879510 0.810432 -1
1 -0.296290 0.612236 0.144096 0.710612 0.948588 -1
1 -0.328857 0.612236 0.001410 0.500000 0.997895 -1
1 -0.296290 0.612236 -0.141275 0.289388 0.948587 -1
1 -0.205039 0.612236 -0.255701 0.120490 0.810432 -1
1 -0.073178 0.612236 -0.319202 0.026759 0.610792 -1
1 0.073178 0.612236 -0.319202 0.026759 0.389208 -1
1 0.073178 0.647174 0.322023 0.973241 0.389208 -1
1 0.205039 0.647174 0.258521 0.879510 0.189568 -1
1 0.296290 0.647174 0.144096 0.710612 0.051412 -1
1 0.328857 0.647174 0.001410 0.500000 0.002105 -1
1 0.296290 0.647174 -0.141275 0.289388 0.051412 -1
1 0.205039 0.647174 -0.255701 0.120490 0.189568 -1
1 0.073178 0.647174 -0.319202 0.026759 0.389208 -1
1 -0.073178 0.647174 -0.319202 0.026759 0.610792 -1
1 -0.205039 0.647174 -0.255701 0.120490 0.810432 -1
1 -0.296290 0.647174 -0.141275 0.289388 0.948587 -1
1 -0.328857 0.647174 0.001410 0.500000 0.997895 -1
1 -0.296290 0.647174 0.144096 0.710612 0.948588 -1
1 -0.205039 0.647174 0.258522 0.879510 0.810432 -1
1 -0.073178 0.647174 0.322023 0.973241 0.610792 -1
1 0.304890 0.273423 -0.145417 0.819861 0.701451 -1
1 0.338402 0.273423 0.001410 0.750000 0.701451 -1
1 0.328857 0.255954 0.001410 0.750000 0.720533 -1
1 0.296290 0.255954 -0.141275 0.819861 0.720533 -1
1 0.210990 0.273423 -0.263163 0.890882 0.701451 -1
1 0.205039 0.255954 -0.255700 0.890882 0.720533 -1
1 0.075302 0.273423 -0.328507 0.963399 0.701451 -1
1 0.073178 0.255954 -0.319202 0.963399 0.720533 -1
1 -0.075302 0.273423 -0.328507 1.036601 0.701451 -1
1 -0.073178 0.255954 -0.319202 1.036601 0.720533 -1
1 -0.210990 0.273423 -0.263163 0.109118 0.701451 -1
1 -0.075302 0.273423 -0.328507 0.036601 0.701451 -1
1 -0.073178 0.255954 -0.319202 0.036601 0.720533 -1
1 -0.205039 0.255954 -0.255700 0.109118 0.720533 -1
1 -0.304890 0.273423 -0.145417 0.180139 0.701451 -1
1 -0.296290 0.255954 -0.141275 0.180139 0.720533 -1
1 -0.338402 0.273423 0.001410 0.250000 0.701451 -1
1 -0.328857 0.255954 0.001410 0.250000 0.720533 -1
1 -0.304890 0.273423 0.148238 0.319861 0.701451 -1
1 -0.296290 0.255954 0.144096 0.319861 0.720533 -1
1 -0.210990 0.273423 0.265984 0.390882 0.701451 -1
1 -0.205039 0.255954 0.258521 0.390882 0.720533 -1
1 -0.075302 0.273423 0.331328 0.463399 0.701451 -1
1 -0.073178 0.255954 0.322023 0.463399 0.720533 -1
1 0.075302 0.273423 0.331328 0.536601 0.701451 -1
1 0.073178 0.255954 0.322023 0.536601 0.720533 -1
1 0.210990 0.273423 0.265984 0.609118 0.701451 -1
1 0.205039 0.255954 0.258521 0.609118 0.720533 -1
1 0.304890 0.273423 0.148238 0.680139 0.701451 -1
1 0.296290 0.255954 0.144096 0.680139 0.720533 -1
1 0.296290 0.290892 -0.141275 0.819861 0.682369 -1
1 0.328857 0.290892 0.001410 0.750000 0.682369 -1
1 0.205039 0.290892 -0.255700 0.890882 0.682369 -1
1 0.073178 0.290892 -0.319202 0.963399 0.682369 -1
1 -0.073178 0.290892 -0.319202 1.036601 0.682369 -1
1 -0.205039 0.290892 -0.255700 0.109118 0.682369 -1
1 -0.073178 0.290892 -0.319202 0.036601 0.682369 -1
1 -0.296290 0.290892 -0.141275 0.180139 0.682369 -1
1 -0.328857 0.290892 0.001410 0.250000 0.682369 -1
1 -0.296290 0.290892 0.144096 0.319861 0.682369 -1
1 -0.205039 0.290892 0.258521 0.390882 0.682369 -1
1 -0.073178 0.290892 0.322023 0.463399 0.682369 -1
1 0.073178 0.290892 0.322023 0.536601 0.682369 -1
1 0.205039 0.290892 0.258521 0.609118 0.682369 -1
1 0.296290 0.290892 0.144096 0.680139 0.682369 -1
1 0.205039 0.255954 -0.255700 0.120490 0.189568 -1
1 0.296290 0.255954 -0.141275 0.289388 0.051412 -1
1 0.328857 0.255954 0.001410 0.500000 0.002105 -1
1 0.296290 0.255954 0.144096 0.710612 0.051412 -1
1 0.205039 0.255954 0.258521 0.879510 0.189568 -1
1 0.073178 0.255954 0.322023 0.973241 0.389208 -1
1 -0.073178 0.255954 0.322023 0.973241 0.610792 -1
1 -0.205039 0.255954 0.258521 0.879510 0.810432 -1
1 -0.296290 0.255954 0.144096 0.710612 0.948588 -1
1 -0.328857 0.255954 0.001410 0.500000 0.997895 -1
1 -0.296290 0.255954 -0.141275 0.289388 0.948587 -1
1 -0.205039 0.255954 -0.255700 0.120490 0.810432 -1
1 -0.073178 0.255954 -0.319202 0.026759 0.610792 -1
1 0.073178 0.255954 -0.319202 0.026759 0.389208 -1
1 0.073178 0.290892 0.322023 0.973241 0.389208 -1
1 0.205039 0.290892 0.258521 0.879510 0.189568 -1
1 0.296290 0.290892 0.144096 0.710612 0.051412 -1
1 0.328857 0.290892 0.001410 0.500000 0.002105 -1
1 0.296290 0.290892 -0.141275 0.289388 0.051412 -1
1 0.205039 0.290892 -0.255700 0.120490 0.189568 -1
1 0.073178 0.290892 -0.319202 0.026759 0.389208 -1
1 -0.073178 0.290892 -0.319202 0.026759 0.610792 -1
1 -0.205039 0.290892 -0.255700 0.120490 0.810432 -1
1 -0.296290 0.290892 -0.141275 0.289388 0.948587 -1
1 -0.328857 0.290892 0.001410 0.500000 0.997895 -1
1 -0.296290 0.290892 0.144096 0.710612 0.948588 -1
1 -0.205039 0.290892 0.258521 0.879510 0.810432 -1
1 -0.073178 0.290892 0.322023 0.973241 0.610792 -1
1 0.304890 0.018038 -0.145417 0.819861 0.980419 -1
1 0.338402 0.018038 0.001410 0.750000 0.980419 -1
1 0.328857 0.000569 0.001410 0.750000 0.999501 -1
1 0.296290 0.000569 -0.141275 0.819861 0.999501 -1
1 0.210990 0.018038 -0.263163 0.890882 0.980419 -1
1 0.205039 0.000569 -0.255700 0.890882 0.999501 -1
1 0.075302 0.018038 -0.328507 0.963399 0.980419 -1
1 0.073178 0.000569 -0.319202 0.963399 0.999501 -1
1 -0.075302 0.018038 -0.328507 1.036601 0.980419 -1
1 -0.073178 0.000569 -0.319202 1.036601 0.999501 -1
1 -0.210990 0.018038 -0.263163 0.109118 0.980419 -1
1 -0.075302 0.018038 -0.328507 0.036601 0.980419 -1
1 -0.073178 0.000569 -0.319202 0.036601 0.999501 -1
1 -0.205039 0.000569 -0.255700 0.109118 0.999501 -1
1 -0.304890 0.018038 -0.145417 0.180139 0.980419 -1
1 -0.296290 0.000569 -0.141275 0.180139 0.999501 -1
1 -0.338402 0.018038 0.001410 0.250000 0.980419 -1
1 -0.328857 0.000569 0.001410 0.250000 0.999501 -1
1 -0.304890 0.018038 0.148238 0.319861 0.980419 -1
1 -0.296290 0.000569 0.144096 0.319861 0.999501 -1
1 -0.210990 0.018038 0.265984 0.390882 0.980419 -1
1 -0.205039 0.000569 0.258521 0.390882 0.999501 -1
1 -0.075302 0.018038 0.331328 0.463399 0.980419 -1
1 -0.073178 0.000569 0.322023 0.463399 0.999501 -1
1 0.075302 0.018038 0.331328 0.536601 0.980419 -1
1 0.073178 0.000569 0.322023 0.536601 0.999501 -1
1 0.210990 0.018038 0.265984 0.609118 0.980419 -1
1 0.205039 0.000569 0.258521 0.609118 0.999501 -1
1 0.304890 0.018038 0.148238 0.680139 0.980419 -1
1 0.296290 0.000569 0.144096 0.680139 0.999501 -1
1 0.296290 0.035507 -0.141275 0.819861 0.961337 -1
1 0.328857 0.035507 0.001410 0.750000 0.961337 -1
1 0.205039 0.035507 -0.255700 0.890882 0.961337 -1
1 0.073178 0.035507 -0.319202 0.963399 0.961337 -1
1 -0.073178 0.035507 -0.319202 1.036601 0.961337 -1
1 -0.205039 0.035507 -0.255700 0.109118 0.961337 -1
1 -0.073178 0.035507 -0.319202 0.036601 0.961337 -1
1 -0.296290 0.035507 -0.141275 0.180139 0.961337 -1
1 -0.328857 0.035507 0.001410 0.250000 0.961337 -1
1 -0.296290 0.035507 0.144096 0.319861 0.961337 -1
1 -0.205039 0.035507 0.258521 0.390882 0.961337 -1
1 -0.073178 0.035507 0.322023 0.463399 0.961337 -1
1 0.073178 0.035507 0.322023 0.536601 0.961337 -1
1 0.205039 0.035507 0.258521 0.609118 0.961337 -1
1 0.296290 0.035507 0.144096 0.680139 0.961337 -1
1 0.205039 0.000569 -0.255700 0.120490 0.189568 -1
1 0.296290 0.000569 -0.141275 0.289388 0.051412 -1
1 0.328857 0.000569 0.001410 0.500000 0.002105 -1
1 0.296290 0.000569 0.144096 0.710612 0.051412 -1
1 0.205039 0.000569 0.258521 0.879510 0.189568 -1
1 0.073178 0.000569 0.322023 0.973241 0.389208 -1
1 -0.073178 0.000569 0.322023 0.973241 0.610792 -1
1 -0.205039 0.000569 0.258521 0.879510 0.810432 -1
1 -0.296290 0.000569 0.144096 0.710612 0.948588 -1
1 -0.328857 0.000569 0.001410 0.500000 0.997895 -1
1 -0.296290 0.000569 -0.141275 0.289388 0.948587 -1
1 -0.205039 0.000569 -0.255700 0.120490 0.810432 -1
1 -0.073178 0.000569 -0.319202 0.026759 0.610792 -1
1 0.073178 0.000569 -0.319202 0.026759 0.389208 -1
1 0.073178 0.035507 0.322023 0.973241 0.389208 -1
1 0.205039 0.035507 0.258521 0.879510 0.189568 -1
1 0.296290 0.035507 0.144096 0.710612 0.051412 -1
1 0.328857 0.035507 0.001410 0.500000 0.002105 -1
1 0.296290 0.035507 -0.141275 0.289388 0.051412 -1
1 0.205039 0.035507 -0.255700 0.120490 0.189568 -1
1 0.073178 0.035507 -0.319202 0.026759 0.389208 -1
1 -0.073178 0.035507 -0.319202 0.026759 0.610792 -1
1 -0.205039 0.035507 -0.255700 0.120490 0.810432 -1
1 -0.296290 0.035507 -0.141275 0.289388 0.948587 -1
1 -0.328857 0.035507 0.001410 0.500000 0.997895 -1
1 -0.296290 0.035507 0.144096 0.710612 0.948588 -1
1 -0.205039 0.035507 0.258521 0.879510 0.810432 -1
1 -0.073178 0.035507 0.322023 0.973241 0.610792 -1
1 -0.175421 0.888438 -0.006810 1.045804 0.528531 -1
1 -0.180004 0.888438 -0.023912 1.085374 0.528531 -1
1 -0.180004 0.913099 -0.023912 1.085374 0.471469 -1
1 -0.175421 0.913099 -0.006810 1.045804 0.471469 -1
1 -0.192524 0.888438 -0.036432 1.114341 0.528531 -1
1 -0.192524 0.913099 -0.036432 1.114341 0.471469 -1
1 -0.192524 0.888438 -0.036432 0.498707 0.528531 -1
1 -0.209626 0.888438 -0.041015 0.538278 0.528531 -1
1 -0.209626 0.913099 -0.041015 0.538278 0.471469 -1
1 -0.192524 0.913099 -0.036432 0.498707 0.471469 -1
1 -0.226728 0.888438 -0.036432 0.577848 0.528531 -1
1 -0.226728 0.913099 -0.036432 0.577848 0.471469 -1
1 -0.239248 0.888438 -0.023912 0.606816 0.528531 -1
1 -0.239248 0.913099 -0.023912 0.606816 0.471469 -1
1 -0.239248 0.888438 -0.023912 -0.085374 0.528531 -1
1 -0.243831 0.888438 -0.006810 -0.045804 0.528531 -1
1 -0.243831 0.913099 -0.006810 -0.045804 0.471469 -1
1 -0.239248 0.913099 -0.023912 -0.085374 0.471469 -1
1 -0.239248 0.888438 0.010292 -0.006233 0.528531 -1
1 -0.239248 0.913099 0.010292 -0.006233 0.471469 -1
1 -0.226728 0.888438 0.022812 0.022734 0.528531 -1
1 -0.226728 0.913099 0.022812 0.022734 0.471469 -1
1 -0.226728 0.888438 0.022812 0.422152 0.528531 -1
1 -0.209626 0.888438 0.027394 0.461722 0.528531 -1
1 -0.209626 0.913099 0.027394 0.461722 0.471469 -1
1 -0.226728 0.913099 0.022812 0.422152 0.471469 -1
1 -0.192524 0.888438 0.022812 0.501293 0.528531 -1
1 -0.192524 0.913099 0.022812 0.501293 0.471469 -1
1 -0.180004 0.888438 0.010292 0.530260 0.528531 -1
1 -0.180004 0.913099 0.010292 0.530260 0.471469 -1
1 -0.180004 0.888438 0.010292 1.006233 0.528531 -1
1 -0.180004 0.913099 0.010292 1.006233 0.471469 -1
1 -0.175421 0.913099 -0.006810 0.540863 -0.045804 -1
1 -0.180004 0.913099 -0.023912 0.530260 -0.085374 -1
1 -0.192524 0.913099 -0.036432 0.501293 -0.114341 -1
1 -0.209626 0.913099 -0.041015 0.461722 -0.124944 -1
1 -0.226728 0.913099 -0.036432 0.422152 -0.114342 -1
1 -0.239248 0.913099 -0.023912 0.393184 -0.085374 -1
1 -0.243831 0.913099 -0.006810 0.382582 -0.045804 -1
1 -0.239248 0.913099 0.010292 0.393184 -0.006233 -1
1 -0.226728 0.913099 0.022812 0.422152 0.022734 -1
1 -0.209626 0.913099 0.027394 0.461722 0.033337 -1
1 -0.192524 0.913099 0.022812 0.501293 0.022734 -1
1 -0.180004 0.913099 0.010292 0.530260 -0.006233 -1
306
0.900969 -0.000001 -0.433884
1.000000 -0.000000 0.000000
0.875595 -0.478430 -0.066616
0.759980 -0.478431 -0.439926
0.623489 -0.000000 -0.781832
0.493842 -0.478430 -0.726103
0.222521 -0.000000 -0.974928
0.129892 -0.478429 -0.868466
0.000000 -0.174833 -0.984598
0.000000 -0.470156 -0.882583
-0.623489 -0.000000 -0.781832
-0.427200 0.174834 -0.887092
-0.382938 -0.470157 -0.795180
-0.598007 -0.478430 -0.643033
-0.900969 -0.000001 -0.433884
-0.817787 -0.478431 -0.319887
-1.000000 0.000000 0.000000
-0.875595 -0.478431 0.066616
-0.900969 -0.000000 0.433884
-0.759980 -0.478431 0.439926
-0.623490 0.000000 0.781831
-0.493842 -0.478430 0.726103
-0.222521 0.000001 0.974928
-0.129892 -0.478429 0.868466
0.222521 0.000001 0.974928
0.259784 -0.478429 0.838819
0.623490 0.000000 0.781831
0.598007 -0.478430 0.643033
0.900969 0.000000 0.433884
0.817788 -0.478431 0.319887
0.817788 0.478429 -0.319888
0.875595 0.478430 0.066616
0.598007 0.478430 -0.643034
0.259784 0.478429 -0.838819
0.000000 0.470156 -0.882583
-0.493842 0.478430 -0.726103
-0.382938 0.470156 -0.795180
-0.759981 0.478429 -0.439926
-0.875595 0.478430 -0.066616
-0.817787 0.478431 0.319887
-0.598007 0.478430 0.643033
-0.259785 0.478431 0.838818
0.129892 0.478431 0.868465
0.493842 0.478431 0.726102
0.759980 0.478431 0.439925
-0.079511 -0.996816 0.006049
-0.069012 -0.996816 0.039949
-0.123527 -0.991164 0.048319
-0.132259 -0.991164 -0.010062
-0.044845 -0.996816 0.065936
-0.090329 -0.991164 0.097130
-0.011795 -0.996816 0.078864
-0.039240 -0.991164 0.126704
0.023590 -0.996816 0.076172
0.019620 -0.991164 0.131182
0.054304 -0.996816 0.058393
0.074595 -0.991164 0.109678
0.074262 -0.996816 0.029048
0.114795 -0.991164 0.066451
0.079511 -0.996816 -0.006049
0.132259 -0.991164 0.010062
0.069012 -0.996816 -0.039949
0.123527 -0.991164 -0.048319
0.044845 -0.996816 -0.065936
0.090329 -0.991164 -0.097130
0.011795 -0.996816 -0.078864
0.039240 -0.991164 -0.126703
-0.023591 -0.996816 -0.076171
-0.019620 -0.991164 -0.131182
-0.054304 -0.996816 -0.058393
-0.074595 -0.991164 -0.109678
-0.074262 -0.996816 -0.029048
-0.114795 -0.991164 -0.066451
0.000000 -1.000000 0.000000
-0.368081 0.918579 0.143980
-0.394098 0.918579 -0.029984
-0.394098 0.918579 0.029984
-0.342062 0.918578 0.198008
-0.269158 0.918579 0.289424
-0.222273 0.918580 0.326811
-0.116926 0.918580 0.377544
-0.058463 0.918580 0.390888
0.000000 0.915294 0.402786
0.000000 0.915294 0.402786
0.222273 0.918580 0.326811
0.174762 0.915294 0.362898
0.174762 0.915294 0.362897
0.269158 0.918579 0.289424
0.342062 0.918579 0.198007
0.368081 0.918578 0.143979
0.394098 0.918579 0.029984
0.394097 0.918580 -0.029983
0.368079 0.918579 -0.143979
0.342061 0.918579 -0.198007
0.269157 0.918580 -0.289423
0.222273 0.918580 -0.326812
0.116926 0.918579 -0.377545
0.058463 0.918579 -0.390890
-0.058464 0.918579 -0.390890
-0.116926 0.918579 -0.377545
-0.222273 0.918580 -0.326812
-0.269157 0.918580 -0.289423
-0.342061 0.918579 -0.198007
-0.368080 0.918579 -0.143978
0.000000 1.000000 0.000000
0.000000 1.000000 -0.000000
-0.000000 1.000000 0.000000
0.000000 1.000000 0.000000
0.000000 1.000000 0.000000
-0.000000 1.000000 0.000000
-0.000000 1.000000 -0.000000
0.000000 1.000000 0.000000
-0.000000 1.000000 0.000000
-0.000000 1.000000 -0.000000
0.000000 1.000000 -0.000000
0.000000 1.000000 0.000000
0.974928 -0.000000 -0.222521
0.865457 -0.000000 -0.500983
0.931288 -0.000000 -0.364284
0.974928 -0.000000 -0.222521
0.562382 -0.000000 -0.826878
0.681004 -0.000000 -0.732280
0.147920 -0.000000 -0.988999
0.295839 -0.000000 -0.955238
-0.295839 -0.000000 -0.955238
-0.147920 -0.000000 -0.988999
-0.681004 -0.000000 -0.732280
-0.562382 -0.000000 -0.826878
-0.931288 -0.000000 -0.364284
-0.865457 -0.000000 -0.500983
-0.997118 0.000000 0.075862
-0.997118 -0.000000 -0.075862
-0.865457 0.000000 0.500983
-0.931288 0.000000 0.364284
-0.562382 0.000000 0.826878
-0.681004 0.000000 0.732279
-0.147920 0.000000 0.988999
-0.295840 0.000000 0.955238
0.295840 0.000000 0.955238
0.147920 0.000000 0.988999
0.681004 0.000000 0.732279
0.562382 0.000000 0.826878
0.931288 0.000000 0.364284
0.865457 0.000000 0.500983
0.974928 0.000000 0.222521
0.974928 0.000000 0.222521
0.900969 0.000000 -0.433884
1.000000 -0.000001 -0.000000
0.623489 0.000000 -0.781832
0.493841 -0.478431 -0.726103
0.222521 0.000000 -0.974928
0.129892 -0.478431 -0.868465
0.000000 -0.174834 -0.984598
0.000000 -0.470158 -0.882582
-0.623489 -0.000000 -0.781832
-0.427200 0.174834 -0.887092
-0.382937 -0.470158 -0.795180
-0.598007 -0.478430 -0.643033
-0.900969 -0.000000 -0.433884
-1.000000 -0.000001 0.000000
-0.900969 -0.000002 0.433884
-0.759980 -0.478431 0.439925
-0.623490 -0.000001 0.781832
-0.493842 -0.478431 0.726102
-0.222521 -0.000001 0.974928
-0.129892 -0.478431 0.868465
0.222521 -0.000002 0.974928
0.259784 -0.478431 0.838818
0.623490 -0.000002 0.781831
0.598007 -0.478430 0.643033
0.900969 -0.000001 0.433884
0.817788 0.478430 -0.319887
0.875596 0.478428 0.066616
0.598007 0.478430 -0.643033
0.259784 0.478431 -0.838818
0.000000 0.470158 -0.882582
-0.493841 0.478431 -0.726102
-0.382937 0.470159 -0.795179
-0.759980 0.478431 -0.439926
-0.875595 0.478430 -0.066616
-0.817789 0.478429 0.319888
-0.598008 0.478428 0.643034
-0.259785 0.478428 0.838820
0.129892 0.478429 0.868466
0.493843 0.478428 0.726103
0.759981 0.478428 0.439926
-0.000000 1.000000 -0.000000
-0.000002 1.000000 -0.000000
-0.000000 1.000000 -0.000000
0.000000 1.000000 -0.000000
-0.000001 1.000000 -0.000001
-0.000001 1.000000 -0.000001
-0.000000 1.000000 -0.000000
0.900969 0.000001 -0.433884
1.000000 0.000001 0.000000
0.875596 -0.478429 -0.066616
0.759980 -0.478430 -0.439926
0.623490 0.000001 -0.781832
0.493842 -0.478430 -0.726102
0.222521 0.000001 -0.974928
0.129892 -0.478430 -0.868466
0.000000 -0.174833 -0.984598
0.000000 -0.470157 -0.882583
-0.623490 0.000001 -0.781832
-0.427201 0.174835 -0.887092
-0.382938 -0.470158 -0.795179
-0.598007 -0.478430 -0.643033
-0.900969 0.000001 -0.433884
-0.817788 -0.478430 -0.319887
-1.000000 0.000001 -0.000000
-0.875595 -0.478430 0.066616
-0.900969 0.000001 0.433884
-0.759981 -0.478429 0.439926
-0.623490 0.000001 0.781831
-0.493842 -0.478429 0.726103
-0.222521 0.000001 0.974928
-0.129892 -0.478430 0.868466
0.222521 0.000000 0.974928
0.259785 -0.478430 0.838819
0.623490 0.000001 0.781831
0.598008 -0.478429 0.643034
0.900969 0.000001 0.433884
0.817788 -0.478429 0.319887
0.817787 0.478431 -0.319887
0.875595 0.478430 0.066616
0.598007 0.478432 -0.643033
0.259784 0.478432 -0.838818
-0.493841 0.478432 -0.726102
-0.382938 0.470159 -0.795179
-0.759980 0.478431 -0.439925
-0.875595 0.478431 -0.066616
-0.817787 0.478431 0.319887
-0.598007 0.478430 0.643033
-0.259784 0.478431 0.838818
0.129892 0.478431 0.868465
0.493842 0.478430 0.726102
0.759980 0.478431 0.439926
0.900969 -0.000001 -0.433884
1.000000 -0.000001 -0.000000
0.875595 -0.478430 -0.066616
0.759980 -0.478431 -0.439925
0.623489 -0.000001 -0.781832
0.493841 -0.478432 -0.726102
0.222521 -0.000002 -0.974928
0.129892 -0.478431 -0.868465
0.000000 -0.174835 -0.984598
-0.623490 -0.000002 -0.781832
-0.427200 0.174833 -0.887093
-0.382937 -0.470159 -0.795179
-0.598007 -0.478432 -0.643033
-0.900969 -0.000002 -0.433884
-0.817787 -0.478431 -0.319887
-1.000000 -0.000001 0.000000
-0.875595 -0.478431 0.066616
-0.900969 -0.000001 0.433884
-0.759980 -0.478431 0.439925
-0.623490 -0.000001 0.781832
-0.493841 -0.478432 0.726102
-0.222521 -0.000002 0.974928
-0.129892 -0.478431 0.868465
0.222521 -0.000001 0.974928
0.259784 -0.478432 0.838818
0.623490 -0.000001 0.781831
0.598007 -0.478431 0.643033
0.900969 -0.000001 0.433884
0.817788 -0.478430 0.319887
0.817789 0.478428 -0.319888
0.875596 0.478428 0.066616
0.598008 0.478429 -0.643034
0.259784 0.478429 -0.838819
0.000000 0.470156 -0.882583
-0.493842 0.478429 -0.726103
-0.382938 0.470156 -0.795180
-0.759981 0.478429 -0.439926
-0.875596 0.478429 -0.066616
-0.817788 0.478429 0.319888
-0.598008 0.478429 0.643034
-0.259784 0.478429 0.838819
0.493842 0.478429 0.726103
0.759981 0.478429 0.439926
0.996035 0.000000 -0.088963
0.818111 -0.000000 -0.575061
0.907073 0.000000 -0.420974
0.996035 0.000000 0.088962
0.707107 -0.000001 -0.707107
0.707107 -0.000000 -0.707106
0.258818 -0.000001 -0.965926
-0.088962 0.000000 -0.996035
0.088962 -0.000000 -0.996035
0.258817 -0.000001 -0.965926
-0.575061 0.000000 -0.818111
-0.420974 0.000000 -0.907073
-0.707106 0.000000 -0.707107
-0.965926 0.000000 -0.258820
-0.996035 0.000000 0.088963
-0.996035 0.000000 -0.088962
-0.818110 0.000000 0.575061
-0.907072 0.000000 0.420974
-0.707107 0.000000 0.707107
-0.258819 0.000000 0.965926
0.088962 0.000000 0.996035
-0.088962 0.000000 0.996035
0.575061 0.000000 0.818110
0.420974 0.000000 0.907073
0.707107 0.000000 0.707106
0.965926 0.000000 0.258819
454
1 0 1 2 0 1 2 1
1 2 3 0 2 3 0 1
1 4 0 3 4 0 3 1
1 3 5 4 3 5 4 1
1 6 4 5 6 4 5 1
1 5 7 6 5 7 6 1
1 8 6 7 8 6 7 1
1 7 9 8 7 9 8 1
1 10 11 12 10 11 12 1
1 12 13 10 12 13 10 1
1 14 10 13 14 10 13 1
1 13 15 14 13 15 14 1
1 16 14 15 16 14 15 1
1 15 17 16 15 17 16 1
1 18 16 17 18 16 17 1
1 17 19 18 17 19 18 1
1 20 18 19 20 18 19 1
1 19 21 20 19 21 20 1
1 22 20 21 22 20 21 1
1 21 23 22 21 23 22 1
1 24 22 23 24 22 23 1
1 23 25 24 23 25 24 1
1 26 24 25 26 24 25 1
1 25 27 26 25 27 26 1
1 28 26 27 28 26 27 1
1 27 29 28 27 29 28 1
1 1 28 29 1 28 29 1
1 29 2 1 29 2 1 1
1 30 31 1 30 31 1 1
1 1 0 30 1 0 30 1
1 32 30 0 32 30 0 1
1 0 4 32 0 4 32 1
1 33 32 4 33 32 4 1
1 4 6 33 4 6 33 1
1 34 33 6 34 33 6 1
1 6 8 34 6 8 34 1
1 35 36 11 35 36 11 1
1 11 10 35 11 10 35 1
1 37 35 10 37 35 10 1
1 10 14 37 10 14 37 1
1 38 37 14 38 37 14 1
1 14 16 38 14 16 38 1
1 39 38 16 39 38 16 1
1 16 18 39 16 18 39 1
1 40 39 18 40 39 18 1
1 18 20 40 18 20 40 1
1 41 40 20 41 40 20 1
1 20 22 41 20 22 41 1
1 42 41 22 42 41 22 1
1 22 24 42 22 24 42 1
1 43 42 24 43 42 24 1
1 24 26 43 24 26 43 1
1 44 43 26 44 43 26 1
1 26 28 44 26 28 44 1
1 31 44 28 31 44 28 1
1 28 1 31 28 1 31 1
1 45 46 47 45 46 47 1
1 47 48 45 47 48 45 1
1 46 49 50 46 49 50 1
1 50 47 46 50 47 46 1
1 49 51 52 49 51 52 1
1 52 50 49 52 50 49 1
1 51 53 54 51 53 54 1
1 54 52 51 54 52 51 1
1 53 55 56 53 55 56 1
1 56 54 53 56 54 53 1
1 55 57 58 55 57 58 1
1 58 56 55 58 56 55 1
1 57 59 60 57 59 60 1
1 60 58 57 60 58 57 1
1 59 61 62 59 61 62 1
1 62 60 59 62 60 59 1
1 61 63 64 61 63 64 1
1 64 62 61 64 62 61 1
1 63 65 66 63 65 66 1
1 66 64 63 66 64 63 1
1 65 67 68 65 67 68 1
1 68 66 65 68 66 65 1
1 67 69 70 67 69 70 1
1 70 68 67 70 68 67 1
1 69 71 72 69 71 72 1
1 72 70 69 72 70 69 1
1 71 45 48 71 45 48 1
1 48 72 71 48 72 71 1
1 46 45 73 46 45 73 1
1 49 46 73 49 46 73 1
1 51 49 73 51 49 73 1
1 53 51 73 53 51 73 1
1 55 53 73 55 53 73 1
1 57 55 73 57 55 73 1
1 59 57 73 59 57 73 1
1 61 59 73 61 59 73 1
1 63 61 73 63 61 73 1
1 65 63 73 65 63 73 1
1 67 65 73 67 65 73 1
1 69 67 73 69 67 73 1
1 71 69 73 71 69 73 1
1 45 71 73 45 71 73 1
1 74 75 76 74 75 76 1
1 76 77 74 76 77 74 1
1 78 74 77 78 74 77 1
1 77 79 78 77 79 78 1
1 80 78 79 80 78 79 1
1 79 81 80 79 81 80 1
1 82 80 81 82 80 81 1
1 81 83 82 81 83 82 1
1 84 85 86 84 85 86 1
1 86 87 84 86 87 84 1
1 88 84 87 88 84 87 1
1 87 89 88 87 89 88 1
1 90 88 89 90 88 89 1
1 89 91 90 89 91 90 1
1 92 90 91 92 90 91 1
1 91 93 92 91 93 92 1
1 94 92 93 94 92 93 1
1 93 95 94 93 95 94 1
1 96 94 95 96 94 95 1
1 95 97 96 95 97 96 1
1 98 96 97 98 96 97 1
1 97 99 98 97 99 98 1
1 100 98 99 100 98 99 1
1 99 101 100 99 101 100 1
1 102 100 101 102 100 101 1
1 101 103 102 101 103 102 1
1 75 102 103 75 102 103 1
1 103 76 75 103 76 75 1
1 104 105 106 104 105 106 1
1 105 107 106 105 107 106 1
1 107 108 106 107 108 106 1
1 108 109 106 108 108 106 1
1 109 110 106 108 109 106 1
1 110 111 106 109 110 106 1
1 111 112 106 110 111 106 1
1 112 113 106 111 112 106 1
1 113 114 106 112 113 106 1
1 114 115 106 113 108 106 1
1 115 116 106 108 108 106 1
1 116 117 106 108 114 106 1
1 117 118 106 114 115 106 1
1 118 104 106 115 104 106 1
1 119 120 121 73 73 73 1
1 121 122 123 73 73 73 1
1 123 124 125 73 73 73 1
1 121 123 125 73 73 73 1
1 125 126 127 73 73 73 1
1 127 128 129 73 73 73 1
1 125 127 129 73 73 73 1
1 129 130 131 73 73 73 1
1 125 129 131 73 73 73 1
1 121 125 131 73 73 73 1
1 119 121 131 73 73 73 1
1 132 119 131 73 73 73 1
1 133 134 135 116 117 118 1
1 135 136 133 118 119 116 1
1 134 137 138 117 120 121 1
1 138 135 134 121 118 117 1
1 137 139 140 120 122 123 1
1 140 138 137 123 121 120 1
1 139 141 142 122 124 125 1
1 142 140 139 125 123 122 1
1 141 143 144 124 126 127 1
1 144 142 141 127 125 124 1
1 143 145 146 126 128 129 1
1 146 144 143 129 127 126 1
1 145 147 148 128 130 131 1
1 148 146 145 131 129 128 1
1 147 149 150 130 132 133 1
1 150 148 147 133 131 130 1
1 149 151 152 132 134 135 1
1 152 150 149 135 133 132 1
1 151 153 154 134 136 137 1
1 154 152 151 137 135 134 1
1 153 155 156 136 138 139 1
1 156 154 153 139 137 136 1
1 155 157 158 138 140 141 1
1 158 156 155 141 139 138 1
1 157 159 160 140 142 143 1
1 160 158 157 143 141 140 1
1 159 161 162 142 144 145 1
1 162 160 159 145 143 142 1
1 163 164 165 146 147 2 1
1 165 166 163 2 3 146 1
1 167 163 166 148 146 3 1
1 166 168 167 3 149 148 1
1 169 167 168 150 148 149 1
1 168 170 169 149 151 150 1
1 171 169 170 152 150 151 1
1 170 172 171 151 153 152 1
1 173 174 175 154 155 156 1
1 175 176 173 156 157 154 1
1 177 173 176 158 154 157 1
1 176 178 177 157 15 158 1
1 179 177 178 159 158 15 1
1 178 180 179 15 17 159 1
1 181 179 180 160 159 17 1
1 180 182 181 17 161 160 1
1 183 181 182 162 160 161 1
1 182 184 183 161 163 162 1
1 185 183 184 164 162 163 1
1 184 186 185 163 165 164 1
1 187 185 186 166 164 165 1
1 186 188 187 165 167 166 1
1 189 187 188 168 166 167 1
1 188 190 189 167 169 168 1
1 191 189 190 170 168 169 1
1 190 192 191 169 29 170 1
1 164 191 192 147 170 29 1
1 192 165 164 29 2 147 1
1 193 194 164 171 172 147 1
1 164 163 193 147 146 171 1
1 195 193 163 173 171 146 1
1 163 167 195 146 148 173 1
1 196 195 167 174 173 148 1
1 167 169 196 148 150 174 1
1 197 196 169 175 174 150 1
1 169 171 197 150 152 175 1
1 198 199 174 176 177 155 1
1 174 173 198 155 154 176 1
1 200 198 173 178 176 154 1
1 173 177 200 154 158 178 1
1 201 200 177 179 178 158 1
1 177 179 201 158 159 179 1
1 202 201 179 180 179 159 1
1 179 181 202 159 160 180 1
1 203 202 181 181 180 160 1
1 181 183 203 160 162 181 1
1 204 203 183 182 181 162 1
1 183 185 204 162 164 182 1
1 205 204 185 183 182 164 1
1 185 187 205 164 166 183 1
1 206 205 187 184 183 166 1
1 187 189 206 166 168 184 1
1 207 206 189 185 184 168 1
1 189 191 207 168 170 185 1
1 194 207 191 172 185 170 1
1 191 164 194 170 147 172 1
1 208 209 210 73 73 73 1
1 210 211 212 73 73 73 1
1 212 213 214 73 73 73 1
1 210 212 214 73 73 73 1
1 214 215 216 73 73 73 1
1 216 217 218 73 73 73 1
1 214 216 218 73 73 73 1
1 210 214 218 73 73 73 1
1 208 210 218 73 73 73 1
1 218 219 220 73 73 73 1
1 208 218 220 73 73 73 1
1 208 220 221 73 73 73 1
1 222 223 224 108 108 186 1
1 224 225 226 186 187 188 1
1 226 227 228 188 108 189 1
1 224 226 228 186 188 189 1
1 228 229 230 189 108 190 1
1 230 231 232 190 191 192 1
1 228 230 232 189 190 192 1
1 224 228 232 186 189 192 1
1 222 224 232 108 186 192 1
1 232 233 234 192 108 108 1
1 222 232 234 108 192 108 1
1 222 234 235 108 108 108 1
1 236 237 238 193 194 195 1
1 238 239 236 195 196 193 1
1 240 236 239 197 193 196 1
1 239 241 240 196 198 197 1
1 242 240 241 199 197 198 1
1 241 243 242 198 200 199 1
1 244 242 243 201 199 200 1
1 243 245 244 200 202 201 1
1 246 247 248 203 204 205 1
1 248 249 246 205 206 203 1
1 250 246 249 207 203 206 1
1 249 251 250 206 208 207 1
1 252 250 251 209 207 208 1
1 251 253 252 208 210 209 1
1 254 252 253 211 209 210 1
1 253 255 254 210 212 211 1
1 256 254 255 213 211 212 1
1 255 257 256 212 214 213 1
1 258 256 257 215 213 214 1
1 257 259 258 214 216 215 1
1 260 258 259 217 215 216 1
1 259 261 260 216 218 217 1
1 262 260 261 219 217 218 1
1 261 263 262 218 220 219 1
1 264 262 263 221 219 220 1
1 263 265 264 220 222 221 1
1 237 264 265 194 221 222 1
1 265 238 237 222 195 194 1
1 266 267 237 223 224 194 1
1 237 236 266 194 193 223 1
1 268 266 236 225 223 193 1
1 236 240 268 193 197 225 1
1 269 268 240 226 225 197 1
1 240 242 269 197 199 226 1
1 270 269 242 175 226 199 1
1 242 244 270 199 201 175 1
1 271 272 247 227 228 204 1
1 247 246 271 204 203 227 1
1 273 271 246 229 227 203 1
1 246 250 273 203 207 229 1
1 274 273 250 230 229 207 1
1 250 252 274 207 209 230 1
1 275 274 252 231 230 209 1
1 252 254 275 209 211 231 1
1 276 275 254 232 231 211 1
1 254 256 276 211 213 232 1
1 277 276 256 233 232 213 1
1 256 258 277 213 215 233 1
1 278 277 258 234 233 215 1
1 258 260 278 215 217 234 1
1 279 278 260 235 234 217 1
1 260 262 279 217 219 235 1
1 280 279 262 236 235 219 1
1 262 264 280 219 221 236 1
1 267 280 264 224 236 221 1
1 264 237 267 221 194 224 1
1 281 282 283 73 73 73 1
1 283 284 285 73 73 73 1
1 285 286 287 73 73 73 1
1 283 285 287 73 73 73 1
1 287 288 289 73 73 73 1
1 289 290 291 73 73 73 1
1 287 289 291 73 73 73 1
1 283 287 291 73 73 73 1
1 281 283 291 73 73 73 1
1 291 292 293 73 73 73 1
1 281 291 293 73 73 73 1
1 281 293 294 73 73 73 1
1 295 296 297 108 108 108 1
1 297 298 299 108 108 108 1
1 299 300 301 108 108 108 1
1 297 299 301 108 108 108 1
1 301 302 303 108 108 108 1
1 303 304 305 108 108 108 1
1 301 303 305 108 108 108 1
1 297 301 305 108 108 108 1
1 295 297 305 108 108 108 1
1 305 306 307 108 108 108 1
1 295 305 307 108 108 108 1
1 295 307 308 108 108 108 1
1 309 310 311 237 238 239 1
1 311 312 309 239 240 237 1
1 313 309 312 241 237 240 1
1 312 314 313 240 242 241 1
1 315 313 314 243 241 242 1
1 314 316 315 242 244 243 1
1 317 315 316 245 243 244 1
1 316 318 317 244 153 245 1
1 319 320 321 246 247 248 1
1 321 322 319 248 249 246 1
1 323 319 322 250 246 249 1
1 322 324 323 249 251 250 1
1 325 323 324 252 250 251 1
1 324 326 325 251 253 252 1
1 327 325 326 254 252 253 1
1 326 328 327 253 255 254 1
1 329 327 328 256 254 255 1
1 328 330 329 255 257 256 1
1 331 329 330 258 256 257 1
1 330 332 331 257 259 258 1
1 333 331 332 260 258 259 1
1 332 334 333 259 261 260 1
1 335 333 334 262 260 261 1
1 334 336 335 261 263 262 1
1 337 335 336 264 262 263 1
1 336 338 337 263 265 264 1
1 310 337 338 238 264 265 1
1 338 311 310 265 239 238 1
1 339 340 310 266 267 238 1
1 310 309 339 238 237 266 1
1 341 339 309 268 266 237 1
1 309 313 341 237 241 268 1
1 342 341 313 269 268 241 1
1 313 315 342 241 243 269 1
1 343 342 315 270 269 243 1
1 315 317 343 243 245 270 1
1 344 345 320 271 272 247 1
1 320 319 344 247 246 271 1
1 346 344 319 273 271 246 1
1 319 323 346 246 250 273 1
1 347 346 323 274 273 250 1
1 323 325 347 250 252 274 1
1 348 347 325 275 274 252 1
1 325 327 348 252 254 275 1
1 349 348 327 276 275 254 1
1 327 329 349 254 256 276 1
1 350 349 329 277 276 256 1
1 329 331 350 256 258 277 1
1 351 350 331 183 277 258 1
1 331 333 351 258 260 183 1
1 352 351 333 278 183 260 1
1 333 335 352 260 262 278 1
1 353 352 335 279 278 262 1
1 335 337 353 262 264 279 1
1 340 353 337 267 279 264 1
1 337 310 340 264 238 267 1
1 354 355 356 73 73 73 1
1 356 357 358 73 73 73 1
1 358 359 360 73 73 73 1
1 356 358 360 73 73 73 1
1 360 361 362 73 73 73 1
1 362 363 364 73 73 73 1
1 360 362 364 73 73 73 1
1 356 360 364 73 73 73 1
1 354 356 364 73 73 73 1
1 364 365 366 73 73 73 1
1 354 364 366 73 73 73 1
1 354 366 367 73 73 73 1
1 368 369 370 108 108 108 1
1 370 371 372 108 108 108 1
1 372 373 374 108 108 108 1
1 370 372 374 108 108 108 1
1 374 375 376 108 108 108 1
1 376 377 378 108 108 108 1
1 374 376 378 108 108 108 1
1 370 374 378 108 108 108 1
1 368 370 378 108 108 108 1
1 378 379 380 108 108 108 1
1 368 378 380 108 108 108 1
1 368 380 381 108 108 108 1
1 382 383 384 280 281 282 1
1 384 385 382 282 283 280 1
1 383 386 387 281 284 285 1
1 387 384 383 285 282 281 1
1 388 389 390 286 287 288 1
1 390 391 388 288 289 286 1
1 389 392 393 287 290 291 1
1 393 390 389 291 288 287 1
1 392 394 395 290 292 292 1
1 395 393 392 292 291 290 1
1 396 397 398 293 294 295 1
1 398 399 396 295 293 293 1
1 397 400 401 294 296 297 1
1 401 398 397 297 295 294 1
1 400 402 403 296 298 298 1
1 403 401 400 298 297 296 1
1 404 405 406 299 300 301 1
1 406 407 404 301 299 299 1
1 405 408 409 300 302 303 1
1 409 406 405 303 301 300 1
1 408 410 411 302 304 304 1
1 411 409 408 304 303 302 1
1 412 382 385 305 280 283 1
1 385 413 412 283 305 305 1
1 414 415 416 108 108 108 1
1 416 417 418 108 108 108 1
1 418 419 420 108 108 108 1
1 416 418 420 108 108 108 1
1 420 421 422 108 108 108 1
1 422 423 424 108 108 108 1
1 420 422 424 108 108 108 1
1 416 420 424 108 108 108 1
1 414 416 424 108 108 108 1
1 425 414 424 108 108 108 1

Materials: 1
"Tonne4"
0.584314 0.584314 0.584314 1.000000
0.584314 0.584314 0.584314 1.000000
0.894118 0.894118 0.894118 1.000000
0.000000 0.000000 0.000000 1.000000
125.440002
1.000000
"TONNE4.tga"
""

Bones: 0
GroupComments: 0
MaterialComments: 0
BoneComments: 0
ModelComment: 0
