// MilkShape 3D ASCII

Frames: 30
Frame: 1

Meshes: 1
"Cylinder01" 1 0
440
1 0.304890 0.887768 -0.146622 0.819861 0.019581 -1
1 0.338402 0.887767 0.000205 0.750000 0.019581 -1
1 0.328857 0.870299 0.000205 0.750000 0.038663 -1
1 0.296290 0.870299 -0.142481 0.819861 0.038663 -1
1 0.210990 0.887767 -0.264369 0.890882 0.019581 -1
1 0.205039 0.870299 -0.256906 0.890882 0.038663 -1
1 0.075302 0.887767 -0.329713 0.963399 0.019581 -1
1 0.073178 0.870299 -0.320407 0.963399 0.038663 -1
1 -0.075302 0.887767 -0.329713 1.036601 0.019581 -1
1 -0.073178 0.870299 -0.320407 1.036601 0.038663 -1
1 -0.210990 0.887767 -0.264369 0.109118 0.019581 -1
1 -0.075302 0.887767 -0.329713 0.036601 0.019581 -1
1 -0.073178 0.870299 -0.320407 0.036601 0.038663 -1
1 -0.205039 0.870299 -0.256906 0.109118 0.038663 -1
1 -0.304890 0.887768 -0.146622 0.180139 0.019581 -1
1 -0.296290 0.870299 -0.142481 0.180139 0.038663 -1
1 -0.338402 0.887767 0.000205 0.250000 0.019581 -1
1 -0.328857 0.870299 0.000205 0.250000 0.038663 -1
1 -0.304890 0.887767 0.147032 0.319861 0.019581 -1
1 -0.296290 0.870299 0.142891 0.319861 0.038663 -1
1 -0.210990 0.887767 0.264779 0.390882 0.019581 -1
1 -0.205039 0.870299 0.257316 0.390882 0.038663 -1
1 -0.075302 0.887768 0.330123 0.463399 0.019581 -1
1 -0.073178 0.870299 0.320817 0.463399 0.038663 -1
1 0.075302 0.887768 0.330123 0.536601 0.019581 -1
1 0.073178 0.870299 0.320817 0.536601 0.038663 -1
1 0.210990 0.887767 0.264779 0.609118 0.019581 -1
1 0.205039 0.870299 0.257316 0.609118 0.038663 -1
1 0.304890 0.887767 0.147032 0.680139 0.019581 -1
1 0.296290 0.870299 0.142891 0.680139 0.038663 -1
1 0.296290 0.905236 -0.142481 0.819861 0.000499 -1
1 0.328857 0.905236 0.000205 0.750000 0.000499 -1
1 0.205039 0.905236 -0.256906 0.890882 0.000499 -1
1 0.073178 0.905236 -0.320407 0.963399 0.000499 -1
1 -0.073178 0.905236 -0.320407 1.036601 0.000499 -1
1 -0.205039 0.905236 -0.256906 0.109118 0.000499 -1
1 -0.073178 0.905236 -0.320407 0.036601 0.000499 -1
1 -0.296290 0.905236 -0.142481 0.180139 0.000499 -1
1 -0.328857 0.905236 0.000205 0.250000 0.000499 -1
1 -0.296290 0.905236 0.142891 0.319861 0.000499 -1
1 -0.205039 0.905236 0.257316 0.390882 0.000499 -1
1 -0.073178 0.905236 0.320817 0.463399 0.000499 -1
1 0.073178 0.905236 0.320817 0.536601 0.000499 -1
1 0.205039 0.905236 0.257316 0.609118 0.000499 -1
1 0.296290 0.905236 0.142891 0.680139 0.000499 -1
1 0.290797 0.875377 0.000205 0.500000 0.059729 -1
1 0.261999 0.875377 -0.125967 0.313763 0.103330 -1
1 0.296290 0.870299 -0.142481 0.289388 0.051412 -1
1 0.328857 0.870299 0.000205 0.500000 0.002105 -1
1 0.181309 0.875377 -0.227149 0.164413 0.225496 -1
1 0.205039 0.870299 -0.256906 0.120490 0.189568 -1
1 0.064708 0.875377 -0.283301 0.081529 0.402030 -1
1 0.073178 0.870299 -0.320407 0.026759 0.389208 -1
1 -0.064708 0.875377 -0.283301 0.081529 0.597969 -1
1 -0.073178 0.870299 -0.320407 0.026759 0.610792 -1
1 -0.181309 0.875377 -0.227149 0.164413 0.774504 -1
1 -0.205039 0.870299 -0.256906 0.120490 0.810432 -1
1 -0.261999 0.875377 -0.125967 0.313763 0.896670 -1
1 -0.296290 0.870299 -0.142481 0.289388 0.948587 -1
1 -0.290797 0.875377 0.000205 0.500000 0.940271 -1
1 -0.328857 0.870299 0.000205 0.500000 0.997895 -1
1 -0.261999 0.875377 0.126377 0.686237 0.896670 -1
1 -0.296290 0.870299 0.142891 0.710612 0.948588 -1
1 -0.181309 0.875377 0.227559 0.835587 0.774504 -1
1 -0.205039 0.870299 0.257316 0.879510 0.810432 -1
1 -0.064708 0.875377 0.283711 0.918471 0.597970 -1
1 -0.073178 0.870299 0.320817 0.973241 0.610792 -1
1 0.064708 0.875377 0.283711 0.918471 0.402031 -1
1 0.073178 0.870299 0.320817 0.973241 0.389208 -1
1 0.181309 0.875377 0.227559 0.835587 0.225496 -1
1 0.205039 0.870299 0.257316 0.879510 0.189568 -1
1 0.261999 0.875377 0.126377 0.686237 0.103330 -1
1 0.296290 0.870299 0.142891 0.710612 0.051412 -1
1 0.000000 0.875377 0.000205 0.500000 0.500000 -1
1 0.261999 0.888907 -0.125967 1.504286 1.020462 -1
1 0.290797 0.888907 0.000205 1.262143 1.020462 -1
1 0.328857 0.905236 0.000205 1.262143 0.946314 -1
1 0.296290 0.905236 -0.142481 1.504286 0.946314 -1
1 0.181309 0.888907 -0.227149 1.746428 1.020462 -1
1 0.205039 0.905236 -0.256906 1.746428 0.946314 -1
1 0.064708 0.888907 -0.283301 1.988571 1.020462 -1
1 0.073178 0.905236 -0.320407 1.988571 0.946314 -1
1 -0.064708 0.888907 -0.283301 2.230714 1.020462 -1
1 -0.073178 0.905236 -0.320407 2.230714 0.946314 -1
1 -0.181309 0.888907 -0.227149 -0.917143 1.020462 -1
1 -0.064708 0.888907 -0.283301 -1.159286 1.020462 -1
1 -0.073178 0.905236 -0.320407 -1.159286 0.946314 -1
1 -0.205039 0.905236 -0.256906 -0.917143 0.946314 -1
1 -0.261999 0.888907 -0.125967 -0.675000 1.020462 -1
1 -0.296290 0.905236 -0.142481 -0.675000 0.946314 -1
1 -0.290797 0.888907 0.000205 -0.432857 1.020462 -1
1 -0.328857 0.905236 0.000205 -0.432857 0.946314 -1
1 -0.261999 0.888907 0.126377 -0.190714 1.020462 -1
1 -0.296290 0.905236 0.142891 -0.190714 0.946314 -1
1 -0.181309 0.888907 0.227559 0.051429 1.020462 -1
1 -0.205039 0.905236 0.257316 0.051429 0.946314 -1
1 -0.064708 0.888907 0.283711 0.293571 1.020462 -1
1 -0.073178 0.905236 0.320817 0.293571 0.946314 -1
1 0.064708 0.888907 0.283711 0.535714 1.020462 -1
1 0.073178 0.905236 0.320817 0.535714 0.946314 -1
1 0.181309 0.888907 0.227559 0.777857 1.020462 -1
1 0.205039 0.905236 0.257316 0.777857 0.946314 -1
1 0.261999 0.888907 0.126377 1.020000 1.020462 -1
1 0.296290 0.905236 0.142891 1.020000 0.946314 -1
1 0.290797 0.888907 0.000205 0.500000 0.059729 -1
1 0.261999 0.888907 -0.125967 0.313763 0.103330 -1
1 0.000000 0.888907 0.000205 0.500000 0.500000 -1
1 0.181309 0.888907 -0.227149 0.164413 0.225496 -1
1 0.064708 0.888907 -0.283301 0.081529 0.402030 -1
1 -0.064708 0.888907 -0.283301 0.081529 0.597969 -1
1 -0.181309 0.888907 -0.227149 0.164413 0.774504 -1
1 -0.261999 0.888907 -0.125967 0.313763 0.896670 -1
1 -0.290797 0.888907 0.000205 0.500000 0.940271 -1
1 -0.261999 0.888907 0.126377 0.686237 0.896670 -1
1 -0.181309 0.888907 0.227559 0.835587 0.774504 -1
1 -0.064708 0.888907 0.283711 0.918471 0.597970 -1
1 0.064708 0.888907 0.283711 0.918471 0.402031 -1
1 0.181309 0.888907 0.227559 0.835587 0.225496 -1
1 0.261999 0.888907 0.126377 0.686237 0.103330 -1
1 0.193239 -0.006572 0.243041 0.858440 0.207433 -1
1 0.067645 -0.006572 0.303524 0.947716 0.397585 -1
1 -0.071755 -0.006572 0.303524 0.947716 0.608638 -1
1 -0.197350 -0.006572 0.243041 0.858440 0.798790 -1
1 -0.284264 -0.006572 0.134054 0.697569 0.930379 -1
1 -0.315283 -0.006572 -0.001850 0.496966 0.977343 -1
1 -0.284264 -0.006572 -0.137755 0.296364 0.930379 -1
1 -0.197350 -0.006572 -0.246742 0.135493 0.798790 -1
1 -0.071755 -0.006572 -0.307225 0.046217 0.608638 -1
1 0.067645 -0.006572 -0.307225 0.046217 0.397585 -1
1 0.193239 -0.006572 -0.246742 0.135493 0.207433 -1
1 0.280153 -0.006572 -0.137755 0.296364 0.075844 -1
1 0.311173 -0.006572 -0.001850 0.496967 0.028880 -1
1 0.280153 -0.006572 0.134054 0.697569 0.075844 -1
1 0.311173 -0.006572 -0.001850 0.000337 0.996504 -1
1 0.280153 -0.006572 -0.137755 0.070549 0.996504 -1
1 0.280153 0.890709 -0.137755 0.070549 0.016368 -1
1 0.311173 0.890709 -0.001850 0.000337 0.016368 -1
1 0.193239 -0.006572 -0.246742 0.141668 0.996504 -1
1 0.193239 0.890709 -0.246742 0.141668 0.016368 -1
1 0.067645 -0.006572 -0.307225 0.213984 0.996504 -1
1 0.067645 0.890709 -0.307225 0.213984 0.016368 -1
1 -0.071755 -0.006572 -0.307225 0.286711 0.996504 -1
1 -0.071755 0.890709 -0.307225 0.286711 0.016368 -1
1 -0.197350 -0.006572 -0.246742 0.358595 0.996504 -1
1 -0.197350 0.890709 -0.246742 0.358595 0.016368 -1
1 -0.284264 -0.006572 -0.137755 0.428975 0.996504 -1
1 -0.284264 0.890709 -0.137755 0.428975 0.016368 -1
1 -0.315283 -0.006572 -0.001850 0.498300 0.996504 -1
1 -0.315283 0.890709 -0.001850 0.498300 0.016368 -1
1 -0.284264 -0.006572 0.134054 0.567806 0.996504 -1
1 -0.284264 0.890709 0.134054 0.567806 0.016368 -1
1 -0.197350 -0.006572 0.243041 0.638717 0.996504 -1
1 -0.197350 0.890709 0.243041 0.638717 0.016368 -1
1 -0.071755 -0.006572 0.303524 0.711425 0.996504 -1
1 -0.071755 0.890709 0.303524 0.711425 0.016368 -1
1 0.067645 -0.006572 0.303524 0.785103 0.996504 -1
1 0.067645 0.890709 0.303524 0.785103 0.016368 -1
1 0.193239 -0.006572 0.243041 0.858262 0.996504 -1
1 0.193239 0.890709 0.243041 0.858262 0.016368 -1
1 0.280153 -0.006572 0.134054 0.929935 0.996504 -1
1 0.280153 0.890709 0.134054 0.929935 0.016368 -1
1 0.311173 -0.006572 -0.001850 1.000337 0.996504 -1
1 0.311173 0.890709 -0.001850 1.000337 0.016368 -1
1 0.311173 0.890709 -0.001850 0.496967 0.028880 -1
1 0.280153 0.890709 -0.137755 0.296364 0.075844 -1
1 0.193239 0.890709 -0.246742 0.135493 0.207433 -1
1 0.067645 0.890709 -0.307225 0.046217 0.397585 -1
1 -0.071755 0.890709 -0.307225 0.046217 0.608638 -1
1 -0.197350 0.890709 -0.246742 0.135493 0.798790 -1
1 -0.284264 0.890709 -0.137755 0.296364 0.930379 -1
1 -0.315283 0.890709 -0.001850 0.496966 0.977343 -1
1 -0.284264 0.890709 0.134054 0.697569 0.930379 -1
1 -0.197350 0.890709 0.243041 0.858440 0.798790 -1
1 -0.071755 0.890709 0.303524 0.947716 0.608638 -1
1 0.067645 0.890709 0.303524 0.947716 0.397585 -1
1 0.193239 0.890709 0.243041 0.858440 0.207433 -1
1 0.280153 0.890709 0.134054 0.697569 0.075844 -1
1 0.304890 0.619821 -0.146622 0.819861 0.312270 -1
1 0.338402 0.619821 0.000205 0.750000 0.312270 -1
1 0.328857 0.602352 0.000205 0.750000 0.331352 -1
1 0.296290 0.602352 -0.142481 0.819861 0.331352 -1
1 0.210990 0.619821 -0.264369 0.890882 0.312270 -1
1 0.205039 0.602352 -0.256906 0.890882 0.331352 -1
1 0.075302 0.619821 -0.329713 0.963399 0.312270 -1
1 0.073178 0.602352 -0.320407 0.963399 0.331352 -1
1 -0.075302 0.619821 -0.329713 1.036601 0.312270 -1
1 -0.073178 0.602352 -0.320407 1.036601 0.331352 -1
1 -0.210990 0.619821 -0.264369 0.109118 0.312270 -1
1 -0.075302 0.619821 -0.329713 0.036601 0.312270 -1
1 -0.073178 0.602352 -0.320407 0.036601 0.331352 -1
1 -0.205039 0.602352 -0.256906 0.109118 0.331352 -1
1 -0.304890 0.619821 -0.146622 0.180139 0.312270 -1
1 -0.296290 0.602352 -0.142481 0.180139 0.331352 -1
1 -0.338402 0.619821 0.000205 0.250000 0.312270 -1
1 -0.328857 0.602352 0.000205 0.250000 0.331352 -1
1 -0.304890 0.619821 0.147032 0.319861 0.312270 -1
1 -0.296290 0.602352 0.142891 0.319861 0.331352 -1
1 -0.210990 0.619821 0.264779 0.390882 0.312270 -1
1 -0.205039 0.602352 0.257316 0.390882 0.331352 -1
1 -0.075302 0.619821 0.330123 0.463399 0.312270 -1
1 -0.073178 0.602352 0.320817 0.463399 0.331352 -1
1 0.075302 0.619821 0.330123 0.536601 0.312270 -1
1 0.073178 0.602352 0.320817 0.536601 0.331352 -1
1 0.210990 0.619821 0.264779 0.609118 0.312270 -1
1 0.205039 0.602352 0.257316 0.609118 0.331352 -1
1 0.304890 0.619821 0.147032 0.680139 0.312270 -1
1 0.296290 0.602352 0.142891 0.680139 0.331352 -1
1 0.296290 0.637290 -0.142481 0.819861 0.293188 -1
1 0.328857 0.637290 0.000205 0.750000 0.293188 -1
1 0.205039 0.637290 -0.256906 0.890882 0.293188 -1
1 0.073178 0.637290 -0.320407 0.963399 0.293188 -1
1 -0.073178 0.637290 -0.320407 1.036601 0.293188 -1
1 -0.205039 0.637290 -0.256906 0.109118 0.293188 -1
1 -0.073178 0.637290 -0.320407 0.036601 0.293188 -1
1 -0.296290 0.637290 -0.142481 0.180139 0.293188 -1
1 -0.328857 0.637290 0.000205 0.250000 0.293188 -1
1 -0.296290 0.637290 0.142891 0.319861 0.293188 -1
1 -0.205039 0.637290 0.257316 0.390882 0.293188 -1
1 -0.073178 0.637290 0.320817 0.463399 0.293188 -1
1 0.073178 0.637290 0.320817 0.536601 0.293188 -1
1 0.205039 0.637290 0.257316 0.609118 0.293188 -1
1 0.296290 0.637290 0.142891 0.680139 0.293188 -1
1 0.205039 0.602352 -0.256906 0.120490 0.189568 -1
1 0.296290 0.602352 -0.142481 0.289388 0.051412 -1
1 0.328857 0.602352 0.000205 0.500000 0.002105 -1
1 0.296290 0.602352 0.142891 0.710612 0.051412 -1
1 0.205039 0.602352 0.257316 0.879510 0.189568 -1
1 0.073178 0.602352 0.320817 0.973241 0.389208 -1
1 -0.073178 0.602352 0.320817 0.973241 0.610792 -1
1 -0.205039 0.602352 0.257316 0.879510 0.810432 -1
1 -0.296290 0.602352 0.142891 0.710612 0.948588 -1
1 -0.328857 0.602352 0.000205 0.500000 0.997895 -1
1 -0.296290 0.602352 -0.142481 0.289388 0.948587 -1
1 -0.205039 0.602352 -0.256906 0.120490 0.810432 -1
1 -0.073178 0.602352 -0.320407 0.026759 0.610792 -1
1 0.073178 0.602352 -0.320407 0.026759 0.389208 -1
1 0.073178 0.637290 0.320817 0.973241 0.389208 -1
1 0.205039 0.637290 0.257316 0.879510 0.189568 -1
1 0.296290 0.637290 0.142891 0.710612 0.051412 -1
1 0.328857 0.637290 0.000205 0.500000 0.002105 -1
1 0.296290 0.637290 -0.142481 0.289388 0.051412 -1
1 0.205039 0.637290 -0.256906 0.120490 0.189568 -1
1 0.073178 0.637290 -0.320407 0.026759 0.389208 -1
1 -0.073178 0.637290 -0.320407 0.026759 0.610792 -1
1 -0.205039 0.637290 -0.256906 0.120490 0.810432 -1
1 -0.296290 0.637290 -0.142481 0.289388 0.948587 -1
1 -0.328857 0.637290 0.000205 0.500000 0.997895 -1
1 -0.296290 0.637290 0.142891 0.710612 0.948588 -1
1 -0.205039 0.637290 0.257316 0.879510 0.810432 -1
1 -0.073178 0.637290 0.320817 0.973241 0.610792 -1
1 0.304890 0.263539 -0.146622 0.819861 0.701451 -1
1 0.338402 0.263539 0.000205 0.750000 0.701451 -1
1 0.328857 0.246070 0.000205 0.750000 0.720533 -1
1 0.296290 0.246070 -0.142481 0.819861 0.720533 -1
1 0.210990 0.263539 -0.264369 0.890882 0.701451 -1
1 0.205039 0.246070 -0.256906 0.890882 0.720533 -1
1 0.075302 0.263539 -0.329713 0.963399 0.701451 -1
1 0.073178 0.246070 -0.320407 0.963399 0.720533 -1
1 -0.075302 0.263539 -0.329713 1.036601 0.701451 -1
1 -0.073178 0.246070 -0.320407 1.036601 0.720533 -1
1 -0.210990 0.263539 -0.264369 0.109118 0.701451 -1
1 -0.075302 0.263539 -0.329713 0.036601 0.701451 -1
1 -0.073178 0.246070 -0.320407 0.036601 0.720533 -1
1 -0.205039 0.246070 -0.256906 0.109118 0.720533 -1
1 -0.304890 0.263539 -0.146622 0.180139 0.701451 -1
1 -0.296290 0.246070 -0.142481 0.180139 0.720533 -1
1 -0.338402 0.263539 0.000205 0.250000 0.701451 -1
1 -0.328857 0.246070 0.000205 0.250000 0.720533 -1
1 -0.304890 0.263539 0.147032 0.319861 0.701451 -1
1 -0.296290 0.246070 0.142891 0.319861 0.720533 -1
1 -0.210990 0.263539 0.264779 0.390882 0.701451 -1
1 -0.205039 0.246070 0.257316 0.390882 0.720533 -1
1 -0.075302 0.263539 0.330123 0.463399 0.701451 -1
1 -0.073178 0.246070 0.320817 0.463399 0.720533 -1
1 0.075302 0.263539 0.330123 0.536601 0.701451 -1
1 0.073178 0.246070 0.320817 0.536601 0.720533 -1
1 0.210990 0.263539 0.264779 0.609118 0.701451 -1
1 0.205039 0.246070 0.257316 0.609118 0.720533 -1
1 0.304890 0.263539 0.147032 0.680139 0.701451 -1
1 0.296290 0.246070 0.142891 0.680139 0.720533 -1
1 0.296290 0.281008 -0.142481 0.819861 0.682369 -1
1 0.328857 0.281008 0.000205 0.750000 0.682369 -1
1 0.205039 0.281008 -0.256906 0.890882 0.682369 -1
1 0.073178 0.281008 -0.320407 0.963399 0.682369 -1
1 -0.073178 0.281008 -0.320407 1.036601 0.682369 -1
1 -0.205039 0.281008 -0.256906 0.109118 0.682369 -1
1 -0.073178 0.281008 -0.320407 0.036601 0.682369 -1
1 -0.296290 0.281008 -0.142481 0.180139 0.682369 -1
1 -0.328857 0.281008 0.000205 0.250000 0.682369 -1
1 -0.296290 0.281008 0.142891 0.319861 0.682369 -1
1 -0.205039 0.281008 0.257316 0.390882 0.682369 -1
1 -0.073178 0.281008 0.320817 0.463399 0.682369 -1
1 0.073178 0.281008 0.320817 0.536601 0.682369 -1
1 0.205039 0.281008 0.257316 0.609118 0.682369 -1
1 0.296290 0.281008 0.142891 0.680139 0.682369 -1
1 0.205039 0.246070 -0.256906 0.120490 0.189568 -1
1 0.296290 0.246070 -0.142481 0.289388 0.051412 -1
1 0.328857 0.246070 0.000205 0.500000 0.002105 -1
1 0.296290 0.246070 0.142891 0.710612 0.051412 -1
1 0.205039 0.246070 0.257316 0.879510 0.189568 -1
1 0.073178 0.246070 0.320817 0.973241 0.389208 -1
1 -0.073178 0.246070 0.320817 0.973241 0.610792 -1
1 -0.205039 0.246070 0.257316 0.879510 0.810432 -1
1 -0.296290 0.246070 0.142891 0.710612 0.948588 -1
1 -0.328857 0.246070 0.000205 0.500000 0.997895 -1
1 -0.296290 0.246070 -0.142481 0.289388 0.948587 -1
1 -0.205039 0.246070 -0.256906 0.120490 0.810432 -1
1 -0.073178 0.246070 -0.320407 0.026759 0.610792 -1
1 0.073178 0.246070 -0.320407 0.026759 0.389208 -1
1 0.073178 0.281008 0.320817 0.973241 0.389208 -1
1 0.205039 0.281008 0.257316 0.879510 0.189568 -1
1 0.296290 0.281008 0.142891 0.710612 0.051412 -1
1 0.328857 0.281008 0.000205 0.500000 0.002105 -1
1 0.296290 0.281008 -0.142481 0.289388 0.051412 -1
1 0.205039 0.281008 -0.256906 0.120490 0.189568 -1
1 0.073178 0.281008 -0.320407 0.026759 0.389208 -1
1 -0.073178 0.281008 -0.320407 0.026759 0.610792 -1
1 -0.205039 0.281008 -0.256906 0.120490 0.810432 -1
1 -0.296290 0.281008 -0.142481 0.289388 0.948587 -1
1 -0.328857 0.281008 0.000205 0.500000 0.997895 -1
1 -0.296290 0.281008 0.142891 0.710612 0.948588 -1
1 -0.205039 0.281008 0.257316 0.879510 0.810432 -1
1 -0.073178 0.281008 0.320817 0.973241 0.610792 -1
1 0.304890 0.008154 -0.146622 0.819861 0.980419 -1
1 0.338402 0.008154 0.000205 0.750000 0.980419 -1
1 0.328857 -0.009315 0.000205 0.750000 0.999501 -1
1 0.296290 -0.009315 -0.142481 0.819861 0.999501 -1
1 0.210990 0.008154 -0.264369 0.890882 0.980419 -1
1 0.205039 -0.009315 -0.256906 0.890882 0.999501 -1
1 0.075302 0.008154 -0.329713 0.963399 0.980419 -1
1 0.073178 -0.009315 -0.320407 0.963399 0.999501 -1
1 -0.075302 0.008154 -0.329713 1.036601 0.980419 -1
1 -0.073178 -0.009315 -0.320407 1.036601 0.999501 -1
1 -0.210990 0.008154 -0.264369 0.109118 0.980419 -1
1 -0.075302 0.008154 -0.329713 0.036601 0.980419 -1
1 -0.073178 -0.009315 -0.320407 0.036601 0.999501 -1
1 -0.205039 -0.009315 -0.256906 0.109118 0.999501 -1
1 -0.304890 0.008154 -0.146622 0.180139 0.980419 -1
1 -0.296290 -0.009315 -0.142481 0.180139 0.999501 -1
1 -0.338402 0.008154 0.000205 0.250000 0.980419 -1
1 -0.328857 -0.009315 0.000205 0.250000 0.999501 -1
1 -0.304890 0.008154 0.147032 0.319861 0.980419 -1
1 -0.296290 -0.009315 0.142891 0.319861 0.999501 -1
1 -0.210990 0.008154 0.264779 0.390882 0.980419 -1
1 -0.205039 -0.009315 0.257316 0.390882 0.999501 -1
1 -0.075302 0.008154 0.330123 0.463399 0.980419 -1
1 -0.073178 -0.009315 0.320817 0.463399 0.999501 -1
1 0.075302 0.008154 0.330123 0.536601 0.980419 -1
1 0.073178 -0.009315 0.320817 0.536601 0.999501 -1
1 0.210990 0.008154 0.264779 0.609118 0.980419 -1
1 0.205039 -0.009315 0.257316 0.609118 0.999501 -1
1 0.304890 0.008154 0.147032 0.680139 0.980419 -1
1 0.296290 -0.009315 0.142891 0.680139 0.999501 -1
1 0.296290 0.025623 -0.142481 0.819861 0.961337 -1
1 0.328857 0.025623 0.000205 0.750000 0.961337 -1
1 0.205039 0.025623 -0.256906 0.890882 0.961337 -1
1 0.073178 0.025623 -0.320407 0.963399 0.961337 -1
1 -0.073178 0.025623 -0.320407 1.036601 0.961337 -1
1 -0.205039 0.025623 -0.256906 0.109118 0.961337 -1
1 -0.073178 0.025623 -0.320407 0.036601 0.961337 -1
1 -0.296290 0.025623 -0.142481 0.180139 0.961337 -1
1 -0.328857 0.025623 0.000205 0.250000 0.961337 -1
1 -0.296290 0.025623 0.142891 0.319861 0.961337 -1
1 -0.205039 0.025623 0.257316 0.390882 0.961337 -1
1 -0.073178 0.025623 0.320817 0.463399 0.961337 -1
1 0.073178 0.025623 0.320817 0.536601 0.961337 -1
1 0.205039 0.025623 0.257316 0.609118 0.961337 -1
1 0.296290 0.025623 0.142891 0.680139 0.961337 -1
1 0.205039 -0.009315 -0.256906 0.120490 0.189568 -1
1 0.296290 -0.009315 -0.142481 0.289388 0.051412 -1
1 0.328857 -0.009315 0.000205 0.500000 0.002105 -1
1 0.296290 -0.009315 0.142891 0.710612 0.051412 -1
1 0.205039 -0.009315 0.257316 0.879510 0.189568 -1
1 0.073178 -0.009315 0.320817 0.973241 0.389208 -1
1 -0.073178 -0.009315 0.320817 0.973241 0.610792 -1
1 -0.205039 -0.009315 0.257316 0.879510 0.810432 -1
1 -0.296290 -0.009315 0.142891 0.710612 0.948588 -1
1 -0.328857 -0.009315 0.000205 0.500000 0.997895 -1
1 -0.296290 -0.009315 -0.142481 0.289388 0.948587 -1
1 -0.205039 -0.009315 -0.256906 0.120490 0.810432 -1
1 -0.073178 -0.009315 -0.320407 0.026759 0.610792 -1
1 0.073178 -0.009315 -0.320407 0.026759 0.389208 -1
1 0.073178 0.025623 0.320817 0.973241 0.389208 -1
1 0.205039 0.025623 0.257316 0.879510 0.189568 -1
1 0.296290 0.025623 0.142891 0.710612 0.051412 -1
1 0.328857 0.025623 0.000205 0.500000 0.002105 -1
1 0.296290 0.025623 -0.142481 0.289388 0.051412 -1
1 0.205039 0.025623 -0.256906 0.120490 0.189568 -1
1 0.073178 0.025623 -0.320407 0.026759 0.389208 -1
1 -0.073178 0.025623 -0.320407 0.026759 0.610792 -1
1 -0.205039 0.025623 -0.256906 0.120490 0.810432 -1
1 -0.296290 0.025623 -0.142481 0.289388 0.948587 -1
1 -0.328857 0.025623 0.000205 0.500000 0.997895 -1
1 -0.296290 0.025623 0.142891 0.710612 0.948588 -1
1 -0.205039 0.025623 0.257316 0.879510 0.810432 -1
1 -0.073178 0.025623 0.320817 0.973241 0.610792 -1
1 -0.175421 0.878553 -0.008016 1.045804 0.528531 -1
1 -0.180004 0.878553 -0.025118 1.085374 0.528531 -1
1 -0.180004 0.903215 -0.025118 1.085374 0.471469 -1
1 -0.175421 0.903215 -0.008016 1.045804 0.471469 -1
1 -0.192524 0.878553 -0.037638 1.114341 0.528531 -1
1 -0.192524 0.903215 -0.037638 1.114341 0.471469 -1
1 -0.192524 0.878553 -0.037638 0.498707 0.528531 -1
1 -0.209626 0.878553 -0.042220 0.538278 0.528531 -1
1 -0.209626 0.903215 -0.042220 0.538278 0.471469 -1
1 -0.192524 0.903215 -0.037638 0.498707 0.471469 -1
1 -0.226728 0.878553 -0.037638 0.577848 0.528531 -1
1 -0.226728 0.903215 -0.037638 0.577848 0.471469 -1
1 -0.239248 0.878553 -0.025118 0.606816 0.528531 -1
1 -0.239248 0.903215 -0.025118 0.606816 0.471469 -1
1 -0.239248 0.878553 -0.025118 -0.085374 0.528531 -1
1 -0.243831 0.878553 -0.008016 -0.045804 0.528531 -1
1 -0.243831 0.903215 -0.008016 -0.045804 0.471469 -1
1 -0.239248 0.903215 -0.025118 -0.085374 0.471469 -1
1 -0.239248 0.878553 0.009087 -0.006233 0.528531 -1
1 -0.239248 0.903215 0.009087 -0.006233 0.471469 -1
1 -0.226728 0.878553 0.021606 0.022734 0.528531 -1
1 -0.226728 0.903215 0.021606 0.022734 0.471469 -1
1 -0.226728 0.878553 0.021606 0.422152 0.528531 -1
1 -0.209626 0.878553 0.026189 0.461722 0.528531 -1
1 -0.209626 0.903215 0.026189 0.461722 0.471469 -1
1 -0.226728 0.903215 0.021606 0.422152 0.471469 -1
1 -0.192524 0.878553 0.021606 0.501293 0.528531 -1
1 -0.192524 0.903215 0.021606 0.501293 0.471469 -1
1 -0.180004 0.878553 0.009087 0.530260 0.528531 -1
1 -0.180004 0.903215 0.009087 0.530260 0.471469 -1
1 -0.180004 0.878553 0.009087 1.006233 0.528531 -1
1 -0.180004 0.903215 0.009087 1.006233 0.471469 -1
1 -0.175421 0.903215 -0.008016 0.540863 -0.045804 -1
1 -0.180004 0.903215 -0.025118 0.530260 -0.085374 -1
1 -0.192524 0.903215 -0.037638 0.501293 -0.114341 -1
1 -0.209626 0.903215 -0.042220 0.461722 -0.124944 -1
1 -0.226728 0.903215 -0.037638 0.422152 -0.114342 -1
1 -0.239248 0.903215 -0.025118 0.393184 -0.085374 -1
1 -0.243831 0.903215 -0.008016 0.382582 -0.045804 -1
1 -0.239248 0.903215 0.009087 0.393184 -0.006233 -1
1 -0.226728 0.903215 0.021606 0.422152 0.022734 -1
1 -0.209626 0.903215 0.026189 0.461722 0.033337 -1
1 -0.192524 0.903215 0.021606 0.501293 0.022734 -1
1 -0.180004 0.903215 0.009087 0.530260 -0.006233 -1
277
0.900969 0.000001 -0.433884
1.000000 -0.000001 -0.000000
0.875595 -0.478430 -0.066616
0.759981 -0.478429 -0.439926
0.623490 -0.000001 -0.781831
0.493841 -0.478432 -0.726102
0.222521 -0.000002 -0.974928
0.129892 -0.478431 -0.868465
0.000000 -0.174835 -0.984598
0.000000 -0.470158 -0.882582
-0.623490 -0.000001 -0.781831
-0.427201 0.174833 -0.887092
-0.382938 -0.470159 -0.795179
-0.598007 -0.478431 -0.643033
-0.900969 0.000000 -0.433884
-0.817788 -0.478429 -0.319888
-1.000000 -0.000001 -0.000000
-0.875595 -0.478431 0.066616
-0.900969 -0.000002 0.433884
-0.759980 -0.478431 0.439926
-0.623490 -0.000001 0.781832
-0.493842 -0.478429 0.726103
-0.222521 0.000002 0.974928
-0.129892 -0.478427 0.868468
0.222521 0.000002 0.974928
0.259785 -0.478428 0.838820
0.623490 -0.000001 0.781831
0.598007 -0.478430 0.643033
0.900969 -0.000001 0.433883
0.817788 -0.478431 0.319887
0.817788 0.478430 -0.319887
0.875596 0.478428 0.066616
0.598007 0.478430 -0.643033
0.259784 0.478429 -0.838819
0.000000 0.470156 -0.882583
-0.493842 0.478429 -0.726103
-0.382939 0.470156 -0.795180
-0.759980 0.478430 -0.439926
-0.875596 0.478429 -0.066616
-0.817789 0.478429 0.319888
-0.598008 0.478428 0.643034
-0.259784 0.478430 0.838819
0.129892 0.478431 0.868465
0.493842 0.478429 0.726103
0.759981 0.478428 0.439926
-0.079511 -0.996816 0.006049
-0.069012 -0.996816 0.039949
-0.123527 -0.991164 0.048319
-0.132259 -0.991164 -0.010062
-0.044845 -0.996816 0.065936
-0.090329 -0.991164 0.097130
-0.011795 -0.996816 0.078864
-0.039240 -0.991164 0.126703
0.023591 -0.996816 0.076172
0.019620 -0.991164 0.131182
0.054304 -0.996816 0.058393
0.074595 -0.991164 0.109678
0.074262 -0.996816 0.029048
0.114795 -0.991164 0.066451
0.079511 -0.996816 -0.006049
0.132259 -0.991164 0.010062
0.069012 -0.996816 -0.039949
0.123527 -0.991164 -0.048319
0.044845 -0.996816 -0.065936
0.090329 -0.991164 -0.097130
0.011795 -0.996816 -0.078864
0.039240 -0.991164 -0.126703
-0.023591 -0.996816 -0.076171
-0.019620 -0.991164 -0.131182
-0.054304 -0.996816 -0.058393
-0.074595 -0.991164 -0.109678
-0.074262 -0.996816 -0.029048
-0.114795 -0.991164 -0.066451
0.000000 -1.000000 0.000000
-0.368080 0.918579 0.143979
-0.394099 0.918579 -0.029984
-0.394099 0.918579 0.029984
-0.342062 0.918579 0.198007
-0.269159 0.918579 0.289425
-0.222275 0.918579 0.326813
-0.116927 0.918579 0.377546
-0.058464 0.918579 0.390891
0.000000 0.915293 0.402789
0.222275 0.918579 0.326814
0.174764 0.915293 0.362900
0.174763 0.915293 0.362900
0.269159 0.918579 0.289425
0.342062 0.918579 0.198007
0.368080 0.918579 0.143979
0.394099 0.918579 0.029983
0.394099 0.918579 -0.029984
0.368080 0.918579 -0.143979
0.342061 0.918579 -0.198007
0.269159 0.918579 -0.289425
0.222275 0.918579 -0.326813
0.116927 0.918579 -0.377546
0.058463 0.918579 -0.390890
-0.058463 0.918579 -0.390890
-0.116927 0.918579 -0.377546
-0.222275 0.918579 -0.326813
-0.269159 0.918579 -0.289425
-0.342062 0.918579 -0.198007
-0.368080 0.918579 -0.143979
0.000000 1.000000 0.000000
0.974928 -0.000000 -0.222521
0.865457 -0.000000 -0.500983
0.931288 -0.000000 -0.364284
0.974928 -0.000000 -0.222521
0.562382 -0.000000 -0.826878
0.681004 -0.000000 -0.732279
0.147920 -0.000000 -0.988999
0.295840 -0.000000 -0.955238
-0.295840 -0.000000 -0.955238
-0.147920 -0.000000 -0.988999
-0.681004 -0.000000 -0.732279
-0.562382 -0.000000 -0.826878
-0.931288 -0.000000 -0.364284
-0.865457 -0.000000 -0.500983
-0.997118 0.000000 0.075862
-0.997118 -0.000000 -0.075862
-0.865457 0.000000 0.500983
-0.931288 0.000000 0.364284
-0.562382 0.000000 0.826878
-0.681004 0.000000 0.732279
-0.147920 0.000000 0.988999
-0.295840 0.000000 0.955238
0.295840 0.000000 0.955238
0.147920 0.000000 0.988999
0.681004 0.000000 0.732279
0.562382 0.000000 0.826878
0.931288 0.000000 0.364284
0.865457 0.000000 0.500983
0.974928 0.000000 0.222521
0.974928 0.000000 0.222521
0.900969 -0.000001 -0.433884
1.000000 0.000001 0.000000
0.875596 -0.478429 -0.066616
0.759980 -0.478431 -0.439925
0.623490 -0.000002 -0.781832
0.493842 -0.478430 -0.726103
0.222521 -0.000002 -0.974928
0.129892 -0.478429 -0.868466
0.000000 -0.174834 -0.984598
0.000000 -0.470156 -0.882583
-0.623490 -0.000001 -0.781832
-0.427201 0.174832 -0.887093
-0.382938 -0.470157 -0.795180
-0.598007 -0.478431 -0.643033
-0.900969 -0.000001 -0.433884
-0.817788 -0.478430 -0.319887
-1.000000 0.000001 -0.000000
-0.875596 -0.478429 0.066616
-0.900969 0.000001 0.433884
-0.759981 -0.478428 0.439926
-0.623490 0.000002 0.781831
-0.493843 -0.478428 0.726103
-0.222521 0.000002 0.974928
-0.129892 -0.478429 0.868466
0.222521 0.000001 0.974928
0.259785 -0.478428 0.838820
0.623490 0.000001 0.781831
0.598008 -0.478428 0.643034
0.900969 0.000002 0.433884
0.817789 -0.478428 0.319888
0.817788 0.478429 -0.319888
0.875595 0.478430 0.066616
0.598008 0.478428 -0.643034
0.259785 0.478427 -0.838820
0.000000 0.470154 -0.882585
-0.493843 0.478427 -0.726104
-0.382939 0.470154 -0.795181
-0.759981 0.478428 -0.439926
-0.875595 0.478430 -0.066617
-0.817787 0.478431 0.319887
-0.598007 0.478430 0.643033
-0.259784 0.478431 0.838818
0.129892 0.478431 0.868465
0.493842 0.478430 0.726102
0.759980 0.478431 0.439926
0.900969 0.000000 -0.433884
1.000000 0.000000 0.000000
0.875595 -0.478430 -0.066616
0.759980 -0.478431 -0.439925
0.623490 0.000000 -0.781832
0.493841 -0.478431 -0.726102
0.222521 0.000000 -0.974928
0.129892 -0.478431 -0.868465
0.000000 -0.174834 -0.984598
0.000000 -0.470158 -0.882582
-0.623490 0.000000 -0.781831
-0.427201 0.174835 -0.887092
-0.382938 -0.470159 -0.795179
-0.598007 -0.478431 -0.643033
-0.900969 0.000000 -0.433884
-0.817787 -0.478431 -0.319887
-1.000000 0.000000 -0.000000
-0.875595 -0.478431 0.066616
-0.900969 0.000000 0.433884
-0.759980 -0.478431 0.439926
-0.623490 0.000001 0.781831
-0.493842 -0.478431 0.726102
-0.222521 0.000001 0.974928
-0.129892 -0.478430 0.868466
0.222521 0.000001 0.974928
0.259784 -0.478430 0.838818
0.623490 0.000000 0.781831
0.598007 -0.478431 0.643033
0.900969 -0.000000 0.433884
0.817788 -0.478430 0.319887
0.817787 0.478431 -0.319887
0.598007 0.478432 -0.643033
0.259784 0.478432 -0.838818
0.000000 0.470158 -0.882582
-0.493841 0.478432 -0.726102
-0.382938 0.470158 -0.795179
-0.759980 0.478431 -0.439925
-0.875595 0.478431 -0.066616
-0.817787 0.478431 0.319887
-0.598007 0.478432 0.643033
-0.259784 0.478433 0.838817
0.129892 0.478433 0.868464
0.493842 0.478432 0.726102
0.759980 0.478431 0.439925
0.900969 -0.000001 -0.433884
1.000000 -0.000001 -0.000000
0.875595 -0.478430 -0.066616
0.623490 -0.000001 -0.781831
-0.623490 -0.000002 -0.781831
-0.598007 -0.478432 -0.643033
-0.900969 -0.000002 -0.433884
-1.000000 -0.000001 0.000000
-0.623490 -0.000001 0.781832
-0.493842 -0.478431 0.726102
-0.222521 -0.000001 0.974928
-0.129892 -0.478431 0.868465
0.222521 -0.000002 0.974928
0.259784 -0.478431 0.838818
0.623490 -0.000002 0.781831
0.598007 -0.478430 0.643033
0.900969 -0.000001 0.433884
0.817789 0.478428 -0.319888
0.598008 0.478429 -0.643034
-0.759981 0.478429 -0.439926
-0.875596 0.478429 -0.066616
-0.598008 0.478428 0.643034
-0.259785 0.478428 0.838820
0.129892 0.478429 0.868466
0.493843 0.478428 0.726103
0.759981 0.478428 0.439926
0.996035 -0.000000 -0.088963
0.818111 -0.000000 -0.575061
0.907073 -0.000000 -0.420974
0.996035 0.000000 0.088962
0.707107 -0.000000 -0.707106
0.707107 -0.000000 -0.707106
0.258819 -0.000000 -0.965926
-0.088963 -0.000000 -0.996035
0.088962 -0.000000 -0.996035
0.258819 -0.000000 -0.965926
-0.575061 -0.000000 -0.818110
-0.420974 -0.000000 -0.907073
-0.707107 -0.000000 -0.707107
-0.707107 -0.000000 -0.707107
-0.965926 -0.000000 -0.258820
-0.996035 0.000000 0.088963
-0.996035 -0.000000 -0.088963
-0.965926 -0.000000 -0.258820
-0.818110 0.000000 0.575061
-0.907073 0.000000 0.420974
-0.707107 0.000000 0.707107
-0.258819 0.000000 0.965926
0.088962 0.000000 0.996035
-0.088962 0.000000 0.996035
0.575061 0.000000 0.818110
0.420974 0.000000 0.907073
0.707107 0.000000 0.707107
0.965926 0.000000 0.258819
466
1 0 1 2 0 1 2 1
1 2 3 0 2 3 0 1
1 4 0 3 4 0 3 1
1 3 5 4 3 5 4 1
1 6 4 5 6 4 5 1
1 5 7 6 5 7 6 1
1 8 6 7 8 6 7 1
1 7 9 8 7 9 8 1
1 10 11 12 10 11 12 1
1 12 13 10 12 13 10 1
1 14 10 13 14 10 13 1
1 13 15 14 13 15 14 1
1 16 14 15 16 14 15 1
1 15 17 16 15 17 16 1
1 18 16 17 18 16 17 1
1 17 19 18 17 19 18 1
1 20 18 19 20 18 19 1
1 19 21 20 19 21 20 1
1 22 20 21 22 20 21 1
1 21 23 22 21 23 22 1
1 24 22 23 24 22 23 1
1 23 25 24 23 25 24 1
1 26 24 25 26 24 25 1
1 25 27 26 25 27 26 1
1 28 26 27 28 26 27 1
1 27 29 28 27 29 28 1
1 1 28 29 1 28 29 1
1 29 2 1 29 2 1 1
1 30 31 1 30 31 1 1
1 1 0 30 1 0 30 1
1 32 30 0 32 30 0 1
1 0 4 32 0 4 32 1
1 33 32 4 33 32 4 1
1 4 6 33 4 6 33 1
1 34 33 6 34 33 6 1
1 6 8 34 6 8 34 1
1 35 36 11 35 36 11 1
1 11 10 35 11 10 35 1
1 37 35 10 37 35 10 1
1 10 14 37 10 14 37 1
1 38 37 14 38 37 14 1
1 14 16 38 14 16 38 1
1 39 38 16 39 38 16 1
1 16 18 39 16 18 39 1
1 40 39 18 40 39 18 1
1 18 20 40 18 20 40 1
1 41 40 20 41 40 20 1
1 20 22 41 20 22 41 1
1 42 41 22 42 41 22 1
1 22 24 42 22 24 42 1
1 43 42 24 43 42 24 1
1 24 26 43 24 26 43 1
1 44 43 26 44 43 26 1
1 26 28 44 26 28 44 1
1 31 44 28 31 44 28 1
1 28 1 31 28 1 31 1
1 45 46 47 45 46 47 1
1 47 48 45 47 48 45 1
1 46 49 50 46 49 50 1
1 50 47 46 50 47 46 1
1 49 51 52 49 51 52 1
1 52 50 49 52 50 49 1
1 51 53 54 51 53 54 1
1 54 52 51 54 52 51 1
1 53 55 56 53 55 56 1
1 56 54 53 56 54 53 1
1 55 57 58 55 57 58 1
1 58 56 55 58 56 55 1
1 57 59 60 57 59 60 1
1 60 58 57 60 58 57 1
1 59 61 62 59 61 62 1
1 62 60 59 62 60 59 1
1 61 63 64 61 63 64 1
1 64 62 61 64 62 61 1
1 63 65 66 63 65 66 1
1 66 64 63 66 64 63 1
1 65 67 68 65 67 68 1
1 68 66 65 68 66 65 1
1 67 69 70 67 69 70 1
1 70 68 67 70 68 67 1
1 69 71 72 69 71 72 1
1 72 70 69 72 70 69 1
1 71 45 48 71 45 48 1
1 48 72 71 48 72 71 1
1 46 45 73 46 45 73 1
1 49 46 73 49 46 73 1
1 51 49 73 51 49 73 1
1 53 51 73 53 51 73 1
1 55 53 73 55 53 73 1
1 57 55 73 57 55 73 1
1 59 57 73 59 57 73 1
1 61 59 73 61 59 73 1
1 63 61 73 63 61 73 1
1 65 63 73 65 63 73 1
1 67 65 73 67 65 73 1
1 69 67 73 69 67 73 1
1 71 69 73 71 69 73 1
1 45 71 73 45 71 73 1
1 74 75 76 74 75 76 1
1 76 77 74 76 77 74 1
1 78 74 77 78 74 77 1
1 77 79 78 77 79 78 1
1 80 78 79 80 78 79 1
1 79 81 80 79 81 80 1
1 82 80 81 82 80 81 1
1 81 83 82 81 82 82 1
1 84 85 86 83 84 85 1
1 86 87 84 85 86 83 1
1 88 84 87 87 83 86 1
1 87 89 88 86 88 87 1
1 90 88 89 89 87 88 1
1 89 91 90 88 90 89 1
1 92 90 91 91 89 90 1
1 91 93 92 90 92 91 1
1 94 92 93 93 91 92 1
1 93 95 94 92 94 93 1
1 96 94 95 95 93 94 1
1 95 97 96 94 96 95 1
1 98 96 97 97 95 96 1
1 97 99 98 96 98 97 1
1 100 98 99 99 97 98 1
1 99 101 100 98 100 99 1
1 102 100 101 101 99 100 1
1 101 103 102 100 102 101 1
1 75 102 103 75 101 102 1
1 103 76 75 102 76 75 1
1 104 105 106 103 103 103 1
1 105 107 106 103 103 103 1
1 107 108 106 103 103 103 1
1 108 109 106 103 103 103 1
1 109 110 106 103 103 103 1
1 110 111 106 103 103 103 1
1 111 112 106 103 103 103 1
1 112 113 106 103 103 103 1
1 113 114 106 103 103 103 1
1 114 115 106 103 103 103 1
1 115 116 106 103 103 103 1
1 116 117 106 103 103 103 1
1 117 118 106 103 103 103 1
1 118 104 106 103 103 103 1
1 119 120 121 73 73 73 1
1 121 122 123 73 73 73 1
1 123 124 125 73 73 73 1
1 121 123 125 73 73 73 1
1 125 126 127 73 73 73 1
1 127 128 129 73 73 73 1
1 125 127 129 73 73 73 1
1 129 130 131 73 73 73 1
1 125 129 131 73 73 73 1
1 121 125 131 73 73 73 1
1 119 121 131 73 73 73 1
1 132 119 131 73 73 73 1
1 133 134 135 104 105 106 1
1 135 136 133 106 107 104 1
1 134 137 138 105 108 109 1
1 138 135 134 109 106 105 1
1 137 139 140 108 110 111 1
1 140 138 137 111 109 108 1
1 139 141 142 110 112 113 1
1 142 140 139 113 111 110 1
1 141 143 144 112 114 115 1
1 144 142 141 115 113 112 1
1 143 145 146 114 116 117 1
1 146 144 143 117 115 114 1
1 145 147 148 116 118 119 1
1 148 146 145 119 117 116 1
1 147 149 150 118 120 121 1
1 150 148 147 121 119 118 1
1 149 151 152 120 122 123 1
1 152 150 149 123 121 120 1
1 151 153 154 122 124 125 1
1 154 152 151 125 123 122 1
1 153 155 156 124 126 127 1
1 156 154 153 127 125 124 1
1 155 157 158 126 128 129 1
1 158 156 155 129 127 126 1
1 157 159 160 128 130 131 1
1 160 158 157 131 129 128 1
1 159 161 162 130 132 133 1
1 162 160 159 133 131 130 1
1 163 164 165 103 103 103 1
1 165 166 167 103 103 103 1
1 167 168 169 103 103 103 1
1 165 167 169 103 103 103 1
1 169 170 171 103 103 103 1
1 171 172 173 103 103 103 1
1 169 171 173 103 103 103 1
1 173 174 175 103 103 103 1
1 169 173 175 103 103 103 1
1 165 169 175 103 103 103 1
1 163 165 175 103 103 103 1
1 176 163 175 103 103 103 1
1 177 178 179 134 135 136 1
1 179 180 177 136 137 134 1
1 181 177 180 138 134 137 1
1 180 182 181 137 139 138 1
1 183 181 182 140 138 139 1
1 182 184 183 139 141 140 1
1 185 183 184 142 140 141 1
1 184 186 185 141 143 142 1
1 187 188 189 144 145 146 1
1 189 190 187 146 147 144 1
1 191 187 190 148 144 147 1
1 190 192 191 147 149 148 1
1 193 191 192 150 148 149 1
1 192 194 193 149 151 150 1
1 195 193 194 152 150 151 1
1 194 196 195 151 153 152 1
1 197 195 196 154 152 153 1
1 196 198 197 153 155 154 1
1 199 197 198 156 154 155 1
1 198 200 199 155 157 156 1
1 201 199 200 158 156 157 1
1 200 202 201 157 159 158 1
1 203 201 202 160 158 159 1
1 202 204 203 159 161 160 1
1 205 203 204 162 160 161 1
1 204 206 205 161 163 162 1
1 178 205 206 135 162 163 1
1 206 179 178 163 136 135 1
1 207 208 178 164 165 135 1
1 178 177 207 135 134 164 1
1 209 207 177 166 164 134 1
1 177 181 209 134 138 166 1
1 210 209 181 167 166 138 1
1 181 183 210 138 140 167 1
1 211 210 183 168 167 140 1
1 183 185 211 140 142 168 1
1 212 213 188 169 170 145 1
1 188 187 212 145 144 169 1
1 214 212 187 171 169 144 1
1 187 191 214 144 148 171 1
1 215 214 191 172 171 148 1
1 191 193 215 148 150 172 1
1 216 215 193 173 172 150 1
1 193 195 216 150 152 173 1
1 217 216 195 174 173 152 1
1 195 197 217 152 154 174 1
1 218 217 197 175 174 154 1
1 197 199 218 154 156 175 1
1 219 218 199 176 175 156 1
1 199 201 219 156 158 176 1
1 220 219 201 177 176 158 1
1 201 203 220 158 160 177 1
1 221 220 203 178 177 160 1
1 203 205 221 160 162 178 1
1 208 221 205 165 178 162 1
1 205 178 208 162 135 165 1
1 222 223 224 73 73 73 1
1 224 225 226 73 73 73 1
1 226 227 228 73 73 73 1
1 224 226 228 73 73 73 1
1 228 229 230 73 73 73 1
1 230 231 232 73 73 73 1
1 228 230 232 73 73 73 1
1 224 228 232 73 73 73 1
1 222 224 232 73 73 73 1
1 232 233 234 73 73 73 1
1 222 232 234 73 73 73 1
1 222 234 235 73 73 73 1
1 236 237 238 103 103 103 1
1 238 239 240 103 103 103 1
1 240 241 242 103 103 103 1
1 238 240 242 103 103 103 1
1 242 243 244 103 103 103 1
1 244 245 246 103 103 103 1
1 242 244 246 103 103 103 1
1 238 242 246 103 103 103 1
1 236 238 246 103 103 103 1
1 246 247 248 103 103 103 1
1 236 246 248 103 103 103 1
1 236 248 249 103 103 103 1
1 250 251 252 179 180 181 1
1 252 253 250 181 182 179 1
1 254 250 253 183 179 182 1
1 253 255 254 182 184 183 1
1 256 254 255 185 183 184 1
1 255 257 256 184 186 185 1
1 258 256 257 187 185 186 1
1 257 259 258 186 188 187 1
1 260 261 262 189 190 191 1
1 262 263 260 191 192 189 1
1 264 260 263 193 189 192 1
1 263 265 264 192 194 193 1
1 266 264 265 195 193 194 1
1 265 267 266 194 196 195 1
1 268 266 267 197 195 196 1
1 267 269 268 196 198 197 1
1 270 268 269 199 197 198 1
1 269 271 270 198 200 199 1
1 272 270 271 201 199 200 1
1 271 273 272 200 202 201 1
1 274 272 273 203 201 202 1
1 273 275 274 202 204 203 1
1 276 274 275 205 203 204 1
1 275 277 276 204 206 205 1
1 278 276 277 207 205 206 1
1 277 279 278 206 208 207 1
1 251 278 279 180 207 208 1
1 279 252 251 208 181 180 1
1 280 281 251 209 165 180 1
1 251 250 280 180 179 209 1
1 282 280 250 210 209 179 1
1 250 254 282 179 183 210 1
1 283 282 254 211 210 183 1
1 254 256 283 183 185 211 1
1 284 283 256 212 211 185 1
1 256 258 284 185 187 212 1
1 285 286 261 213 214 190 1
1 261 260 285 190 189 213 1
1 287 285 260 215 213 189 1
1 260 264 287 189 193 215 1
1 288 287 264 216 215 193 1
1 264 266 288 193 195 216 1
1 289 288 266 217 216 195 1
1 266 268 289 195 197 217 1
1 290 289 268 218 217 197 1
1 268 270 290 197 199 218 1
1 291 290 270 219 218 199 1
1 270 272 291 199 201 219 1
1 292 291 272 220 219 201 1
1 272 274 292 201 203 220 1
1 293 292 274 221 220 203 1
1 274 276 293 203 205 221 1
1 294 293 276 222 221 205 1
1 276 278 294 205 207 222 1
1 281 294 278 165 222 207 1
1 278 251 281 207 180 165 1
1 295 296 297 73 73 73 1
1 297 298 299 73 73 73 1
1 299 300 301 73 73 73 1
1 297 299 301 73 73 73 1
1 301 302 303 73 73 73 1
1 303 304 305 73 73 73 1
1 301 303 305 73 73 73 1
1 297 301 305 73 73 73 1
1 295 297 305 73 73 73 1
1 305 306 307 73 73 73 1
1 295 305 307 73 73 73 1
1 295 307 308 73 73 73 1
1 309 310 311 103 103 103 1
1 311 312 313 103 103 103 1
1 313 314 315 103 103 103 1
1 311 313 315 103 103 103 1
1 315 316 317 103 103 103 1
1 317 318 319 103 103 103 1
1 315 317 319 103 103 103 1
1 311 315 319 103 103 103 1
1 309 311 319 103 103 103 1
1 319 320 321 103 103 103 1
1 309 319 321 103 103 103 1
1 309 321 322 103 103 103 1
1 323 324 325 223 224 225 1
1 325 326 323 225 182 223 1
1 327 323 326 226 223 182 1
1 326 328 327 182 5 226 1
1 329 327 328 6 226 5 1
1 328 330 329 5 7 6 1
1 331 329 330 8 6 7 1
1 330 332 331 7 9 8 1
1 333 334 335 227 11 12 1
1 335 336 333 12 228 227 1
1 337 333 336 229 227 228 1
1 336 338 337 228 194 229 1
1 339 337 338 230 229 194 1
1 338 340 339 194 17 230 1
1 341 339 340 18 230 17 1
1 340 342 341 17 19 18 1
1 343 341 342 231 18 19 1
1 342 344 343 19 232 231 1
1 345 343 344 233 231 232 1
1 344 346 345 232 234 233 1
1 347 345 346 235 233 234 1
1 346 348 347 234 236 235 1
1 349 347 348 237 235 236 1
1 348 350 349 236 238 237 1
1 351 349 350 239 237 238 1
1 350 352 351 238 29 239 1
1 324 351 352 224 239 29 1
1 352 325 324 29 225 224 1
1 353 354 324 240 31 224 1
1 324 323 353 224 223 240 1
1 355 353 323 241 240 223 1
1 323 327 355 223 226 241 1
1 356 355 327 33 241 226 1
1 327 329 356 226 6 33 1
1 357 356 329 34 33 6 1
1 329 331 357 6 8 34 1
1 358 359 334 35 36 11 1
1 334 333 358 11 227 35 1
1 360 358 333 242 35 227 1
1 333 337 360 227 229 242 1
1 361 360 337 243 242 229 1
1 337 339 361 229 230 243 1
1 362 361 339 39 243 230 1
1 339 341 362 230 18 39 1
1 363 362 341 244 39 18 1
1 341 343 363 18 231 244 1
1 364 363 343 245 244 231 1
1 343 345 364 231 233 245 1
1 365 364 345 246 245 233 1
1 345 347 365 233 235 246 1
1 366 365 347 247 246 235 1
1 347 349 366 235 237 247 1
1 367 366 349 248 247 237 1
1 349 351 367 237 239 248 1
1 354 367 351 31 248 239 1
1 351 324 354 239 224 31 1
1 368 369 370 73 73 73 1
1 370 371 372 73 73 73 1
1 372 373 374 73 73 73 1
1 370 372 374 73 73 73 1
1 374 375 376 73 73 73 1
1 376 377 378 73 73 73 1
1 374 376 378 73 73 73 1
1 370 374 378 73 73 73 1
1 368 370 378 73 73 73 1
1 378 379 380 73 73 73 1
1 368 378 380 73 73 73 1
1 368 380 381 73 73 73 1
1 382 383 384 103 103 103 1
1 384 385 386 103 103 103 1
1 386 387 388 103 103 103 1
1 384 386 388 103 103 103 1
1 388 389 390 103 103 103 1
1 390 391 392 103 103 103 1
1 388 390 392 103 103 103 1
1 384 388 392 103 103 103 1
1 382 384 392 103 103 103 1
1 392 393 394 103 103 103 1
1 382 392 394 103 103 103 1
1 382 394 395 103 103 103 1
1 396 397 398 249 250 251 1
1 398 399 396 251 252 249 1
1 397 400 401 250 253 254 1
1 401 398 397 254 251 250 1
1 402 403 404 255 256 257 1
1 404 405 402 257 258 255 1
1 403 406 407 256 259 260 1
1 407 404 403 260 257 256 1
1 406 408 409 259 261 262 1
1 409 407 406 262 260 259 1
1 410 411 412 263 264 265 1
1 412 413 410 265 266 263 1
1 411 414 415 264 267 268 1
1 415 412 411 268 265 264 1
1 414 416 417 267 269 269 1
1 417 415 414 269 268 267 1
1 418 419 420 270 271 272 1
1 420 421 418 272 270 270 1
1 419 422 423 271 273 274 1
1 423 420 419 274 272 271 1
1 422 424 425 273 275 275 1
1 425 423 422 275 274 273 1
1 426 396 399 276 249 252 1
1 399 427 426 252 276 276 1
1 428 429 430 103 103 103 1
1 430 431 432 103 103 103 1
1 432 433 434 103 103 103 1
1 430 432 434 103 103 103 1
1 434 435 436 103 103 103 1
1 436 437 438 103 103 103 1
1 434 436 438 103 103 103 1
1 430 434 438 103 103 103 1
1 428 430 438 103 103 103 1
1 439 428 438 103 103 103 1

Materials: 1
"Tonne4"
0.584314 0.584314 0.584314 1.000000
0.584314 0.584314 0.584314 1.000000
0.894118 0.894118 0.894118 1.000000
0.000000 0.000000 0.000000 1.000000
125.440002
1.000000
"TONNE_6.tga"
""

Bones: 0
GroupComments: 0
MaterialComments: 0
BoneComments: 0
ModelComment: 0
