// MilkShape 3D ASCII

Frames: 30
Frame: 1

Meshes: 1
"Cylinder01" 1 0
426
1 0.304890 0.893459 -0.145417 0.819861 0.019581 -1
1 0.338402 0.893459 0.001410 0.750000 0.019581 -1
1 0.328857 0.875990 0.001410 0.750000 0.038663 -1
1 0.296290 0.875990 -0.141275 0.819861 0.038663 -1
1 0.210990 0.893459 -0.263163 0.890882 0.019581 -1
1 0.205039 0.875990 -0.255701 0.890882 0.038663 -1
1 0.075302 0.893459 -0.328507 0.963399 0.019581 -1
1 0.073178 0.875990 -0.319202 0.963399 0.038663 -1
1 -0.075302 0.893459 -0.328507 1.036601 0.019581 -1
1 -0.073178 0.875990 -0.319202 1.036601 0.038663 -1
1 -0.210990 0.893459 -0.263163 0.109118 0.019581 -1
1 -0.075302 0.893459 -0.328507 0.036601 0.019581 -1
1 -0.073178 0.875990 -0.319202 0.036601 0.038663 -1
1 -0.205039 0.875990 -0.255701 0.109118 0.038663 -1
1 -0.304890 0.893459 -0.145417 0.180139 0.019581 -1
1 -0.296290 0.875990 -0.141275 0.180139 0.038663 -1
1 -0.338402 0.893459 0.001410 0.250000 0.019581 -1
1 -0.328857 0.875990 0.001410 0.250000 0.038663 -1
1 -0.304890 0.893459 0.148238 0.319861 0.019581 -1
1 -0.296290 0.875990 0.144096 0.319861 0.038663 -1
1 -0.210990 0.893459 0.265984 0.390882 0.019581 -1
1 -0.205039 0.875990 0.258521 0.390882 0.038663 -1
1 -0.075302 0.893459 0.331328 0.463399 0.019581 -1
1 -0.073178 0.875990 0.322023 0.463399 0.038663 -1
1 0.075302 0.893459 0.331328 0.536601 0.019581 -1
1 0.073178 0.875990 0.322023 0.536601 0.038663 -1
1 0.210990 0.893459 0.265984 0.609118 0.019581 -1
1 0.205039 0.875990 0.258521 0.609118 0.038663 -1
1 0.304890 0.893459 0.148238 0.680139 0.019581 -1
1 0.296290 0.875990 0.144096 0.680139 0.038663 -1
1 0.296290 0.910928 -0.141275 0.819861 0.000499 -1
1 0.328857 0.910928 0.001410 0.750000 0.000499 -1
1 0.205039 0.910928 -0.255701 0.890882 0.000499 -1
1 0.073178 0.910928 -0.319202 0.963399 0.000499 -1
1 -0.073178 0.910928 -0.319202 1.036601 0.000499 -1
1 -0.205039 0.910928 -0.255701 0.109118 0.000499 -1
1 -0.073178 0.910928 -0.319202 0.036601 0.000499 -1
1 -0.296290 0.910928 -0.141275 0.180139 0.000499 -1
1 -0.328857 0.910928 0.001410 0.250000 0.000499 -1
1 -0.296290 0.910928 0.144096 0.319861 0.000499 -1
1 -0.205039 0.910928 0.258521 0.390882 0.000499 -1
1 -0.073178 0.910928 0.322023 0.463399 0.000499 -1
1 0.073178 0.910928 0.322023 0.536601 0.000499 -1
1 0.205039 0.910928 0.258521 0.609118 0.000499 -1
1 0.296290 0.910928 0.144096 0.680139 0.000499 -1
1 0.290797 0.881069 0.001410 0.500000 0.059729 -1
1 0.261999 0.881069 -0.124762 0.313763 0.103330 -1
1 0.296290 0.875990 -0.141275 0.289388 0.051412 -1
1 0.328857 0.875990 0.001410 0.500000 0.002105 -1
1 0.181309 0.881069 -0.225944 0.164413 0.225496 -1
1 0.205039 0.875990 -0.255701 0.120490 0.189568 -1
1 0.064708 0.881069 -0.282096 0.081529 0.402030 -1
1 0.073178 0.875990 -0.319202 0.026759 0.389208 -1
1 -0.064708 0.881069 -0.282096 0.081529 0.597969 -1
1 -0.073178 0.875990 -0.319202 0.026759 0.610792 -1
1 -0.181309 0.881069 -0.225944 0.164413 0.774504 -1
1 -0.205039 0.875990 -0.255701 0.120490 0.810432 -1
1 -0.261999 0.881069 -0.124762 0.313763 0.896670 -1
1 -0.296290 0.875990 -0.141275 0.289388 0.948587 -1
1 -0.290797 0.881069 0.001410 0.500000 0.940271 -1
1 -0.328857 0.875990 0.001410 0.500000 0.997895 -1
1 -0.261999 0.881069 0.127583 0.686237 0.896670 -1
1 -0.296290 0.875990 0.144096 0.710612 0.948588 -1
1 -0.181309 0.881069 0.228765 0.835587 0.774504 -1
1 -0.205039 0.875990 0.258521 0.879510 0.810432 -1
1 -0.064708 0.881069 0.284917 0.918471 0.597970 -1
1 -0.073178 0.875990 0.322023 0.973241 0.610792 -1
1 0.064708 0.881069 0.284917 0.918471 0.402031 -1
1 0.073178 0.875990 0.322023 0.973241 0.389208 -1
1 0.181309 0.881069 0.228765 0.835587 0.225496 -1
1 0.205039 0.875990 0.258521 0.879510 0.189568 -1
1 0.261999 0.881069 0.127583 0.686237 0.103330 -1
1 0.296290 0.875990 0.144096 0.710612 0.051412 -1
1 0.000000 0.881069 0.001410 0.500000 0.500000 -1
1 0.261999 0.894599 -0.124762 1.504286 1.020462 -1
1 0.290797 0.894599 0.001410 1.262143 1.020462 -1
1 0.328857 0.910928 0.001410 1.262143 0.946314 -1
1 0.296290 0.910928 -0.141275 1.504286 0.946314 -1
1 0.181309 0.894599 -0.225944 1.746428 1.020462 -1
1 0.205039 0.910928 -0.255701 1.746428 0.946314 -1
1 0.064708 0.894599 -0.282096 1.988571 1.020462 -1
1 0.073178 0.910928 -0.319202 1.988571 0.946314 -1
1 -0.064708 0.894599 -0.282096 2.230714 1.020462 -1
1 -0.073178 0.910928 -0.319202 2.230714 0.946314 -1
1 -0.181309 0.894599 -0.225944 -0.917143 1.020462 -1
1 -0.064708 0.894599 -0.282096 -1.159286 1.020462 -1
1 -0.073178 0.910928 -0.319202 -1.159286 0.946314 -1
1 -0.205039 0.910928 -0.255701 -0.917143 0.946314 -1
1 -0.261999 0.894599 -0.124762 -0.675000 1.020462 -1
1 -0.296290 0.910928 -0.141275 -0.675000 0.946314 -1
1 -0.290797 0.894599 0.001410 -0.432857 1.020462 -1
1 -0.328857 0.910928 0.001410 -0.432857 0.946314 -1
1 -0.261999 0.894599 0.127583 -0.190714 1.020462 -1
1 -0.296290 0.910928 0.144096 -0.190714 0.946314 -1
1 -0.181309 0.894599 0.228765 0.051429 1.020462 -1
1 -0.205039 0.910928 0.258521 0.051429 0.946314 -1
1 -0.064708 0.894599 0.284917 0.293571 1.020462 -1
1 -0.073178 0.910928 0.322023 0.293571 0.946314 -1
1 0.064708 0.894599 0.284917 0.535714 1.020462 -1
1 0.073178 0.910928 0.322023 0.535714 0.946314 -1
1 0.181309 0.894599 0.228765 0.777857 1.020462 -1
1 0.205039 0.910928 0.258521 0.777857 0.946314 -1
1 0.261999 0.894599 0.127583 1.020000 1.020462 -1
1 0.296290 0.910928 0.144096 1.020000 0.946314 -1
1 0.290797 0.894599 0.001410 0.500000 0.059729 -1
1 0.261999 0.894599 -0.124762 0.313763 0.103330 -1
1 0.000000 0.894599 0.001410 0.500000 0.500000 -1
1 0.181309 0.894599 -0.225944 0.164413 0.225496 -1
1 0.064708 0.894599 -0.282096 0.081529 0.402030 -1
1 -0.064708 0.894599 -0.282096 0.081529 0.597969 -1
1 -0.181309 0.894599 -0.225944 0.164413 0.774504 -1
1 -0.261999 0.894599 -0.124762 0.313763 0.896670 -1
1 -0.290797 0.894599 0.001410 0.500000 0.940271 -1
1 -0.261999 0.894599 0.127583 0.686237 0.896670 -1
1 -0.181309 0.894599 0.228765 0.835587 0.774504 -1
1 -0.064708 0.894599 0.284917 0.918471 0.597970 -1
1 0.064708 0.894599 0.284917 0.918471 0.402031 -1
1 0.181309 0.894599 0.228765 0.835587 0.225496 -1
1 0.261999 0.894599 0.127583 0.686237 0.103330 -1
1 0.193239 -0.000881 0.244247 0.858440 0.207433 -1
1 0.067645 -0.000881 0.304730 0.947716 0.397585 -1
1 -0.071755 -0.000881 0.304730 0.947716 0.608638 -1
1 -0.197350 -0.000881 0.244247 0.858440 0.798790 -1
1 -0.284264 -0.000881 0.135260 0.697569 0.930379 -1
1 -0.315283 -0.000881 -0.000645 0.496966 0.977343 -1
1 -0.284264 -0.000881 -0.136549 0.296364 0.930379 -1
1 -0.197350 -0.000881 -0.245536 0.135493 0.798790 -1
1 -0.071755 -0.000881 -0.306019 0.046217 0.608638 -1
1 0.067645 -0.000881 -0.306019 0.046217 0.397585 -1
1 0.193239 -0.000881 -0.245536 0.135493 0.207433 -1
1 0.280153 -0.000881 -0.136549 0.296364 0.075844 -1
1 0.311173 -0.000881 -0.000645 0.496967 0.028880 -1
1 0.280153 -0.000881 0.135260 0.697569 0.075844 -1
1 0.311173 -0.000881 -0.000645 0.000337 0.996504 -1
1 0.280153 -0.000881 -0.136549 0.070549 0.996504 -1
1 0.280153 0.896401 -0.136549 0.070549 0.016368 -1
1 0.311173 0.896401 -0.000645 0.000337 0.016368 -1
1 0.193239 -0.000881 -0.245536 0.141668 0.996504 -1
1 0.193239 0.896401 -0.245536 0.141668 0.016368 -1
1 0.067645 -0.000881 -0.306019 0.213984 0.996504 -1
1 0.067645 0.896401 -0.306019 0.213984 0.016368 -1
1 -0.071755 -0.000881 -0.306019 0.286711 0.996504 -1
1 -0.071755 0.896401 -0.306019 0.286711 0.016368 -1
1 -0.197350 -0.000881 -0.245536 0.358595 0.996504 -1
1 -0.197350 0.896401 -0.245536 0.358595 0.016368 -1
1 -0.284264 -0.000881 -0.136549 0.428975 0.996504 -1
1 -0.284264 0.896401 -0.136549 0.428975 0.016368 -1
1 -0.315283 -0.000881 -0.000645 0.498300 0.996504 -1
1 -0.315283 0.896401 -0.000645 0.498300 0.016368 -1
1 -0.284264 -0.000881 0.135260 0.567806 0.996504 -1
1 -0.284264 0.896401 0.135260 0.567806 0.016368 -1
1 -0.197350 -0.000881 0.244247 0.638717 0.996504 -1
1 -0.197350 0.896401 0.244247 0.638717 0.016368 -1
1 -0.071755 -0.000881 0.304730 0.711425 0.996504 -1
1 -0.071755 0.896401 0.304730 0.711425 0.016368 -1
1 0.067645 -0.000881 0.304730 0.785103 0.996504 -1
1 0.067645 0.896401 0.304730 0.785103 0.016368 -1
1 0.193239 -0.000881 0.244247 0.858262 0.996504 -1
1 0.193239 0.896401 0.244247 0.858262 0.016368 -1
1 0.280153 -0.000881 0.135260 0.929935 0.996504 -1
1 0.280153 0.896401 0.135260 0.929935 0.016368 -1
1 0.311173 -0.000881 -0.000645 1.000337 0.996504 -1
1 0.311173 0.896401 -0.000645 1.000337 0.016368 -1
1 0.304890 0.625512 -0.145417 0.819861 0.312270 -1
1 0.338402 0.625512 0.001410 0.750000 0.312270 -1
1 0.328857 0.608043 0.001410 0.750000 0.331352 -1
1 0.296290 0.608043 -0.141275 0.819861 0.331352 -1
1 0.210990 0.625512 -0.263163 0.890882 0.312270 -1
1 0.205039 0.608043 -0.255701 0.890882 0.331352 -1
1 0.075302 0.625512 -0.328507 0.963399 0.312270 -1
1 0.073178 0.608043 -0.319202 0.963399 0.331352 -1
1 -0.075302 0.625512 -0.328507 1.036601 0.312270 -1
1 -0.073178 0.608043 -0.319202 1.036601 0.331352 -1
1 -0.210990 0.625512 -0.263163 0.109118 0.312270 -1
1 -0.075302 0.625512 -0.328507 0.036601 0.312270 -1
1 -0.073178 0.608043 -0.319202 0.036601 0.331352 -1
1 -0.205039 0.608043 -0.255701 0.109118 0.331352 -1
1 -0.304890 0.625512 -0.145417 0.180139 0.312270 -1
1 -0.296290 0.608043 -0.141275 0.180139 0.331352 -1
1 -0.338402 0.625512 0.001410 0.250000 0.312270 -1
1 -0.328857 0.608043 0.001410 0.250000 0.331352 -1
1 -0.304890 0.625512 0.148238 0.319861 0.312270 -1
1 -0.296290 0.608043 0.144096 0.319861 0.331352 -1
1 -0.210990 0.625512 0.265984 0.390882 0.312270 -1
1 -0.205039 0.608043 0.258521 0.390882 0.331352 -1
1 -0.075302 0.625512 0.331328 0.463399 0.312270 -1
1 -0.073178 0.608043 0.322023 0.463399 0.331352 -1
1 0.075302 0.625512 0.331328 0.536601 0.312270 -1
1 0.073178 0.608043 0.322023 0.536601 0.331352 -1
1 0.210990 0.625512 0.265984 0.609118 0.312270 -1
1 0.205039 0.608043 0.258521 0.609118 0.331352 -1
1 0.304890 0.625512 0.148238 0.680139 0.312270 -1
1 0.296290 0.608043 0.144096 0.680139 0.331352 -1
1 0.296290 0.642981 -0.141275 0.819861 0.293188 -1
1 0.328857 0.642981 0.001410 0.750000 0.293188 -1
1 0.205039 0.642981 -0.255701 0.890882 0.293188 -1
1 0.073178 0.642981 -0.319202 0.963399 0.293188 -1
1 -0.073178 0.642981 -0.319202 1.036601 0.293188 -1
1 -0.205039 0.642981 -0.255701 0.109118 0.293188 -1
1 -0.073178 0.642981 -0.319202 0.036601 0.293188 -1
1 -0.296290 0.642981 -0.141275 0.180139 0.293188 -1
1 -0.328857 0.642981 0.001410 0.250000 0.293188 -1
1 -0.296290 0.642981 0.144096 0.319861 0.293188 -1
1 -0.205039 0.642981 0.258521 0.390882 0.293188 -1
1 -0.073178 0.642981 0.322023 0.463399 0.293188 -1
1 0.073178 0.642981 0.322023 0.536601 0.293188 -1
1 0.205039 0.642981 0.258521 0.609118 0.293188 -1
1 0.296290 0.642981 0.144096 0.680139 0.293188 -1
1 0.205039 0.608043 -0.255701 0.120490 0.189568 -1
1 0.296290 0.608043 -0.141275 0.289388 0.051412 -1
1 0.328857 0.608043 0.001410 0.500000 0.002105 -1
1 0.296290 0.608043 0.144096 0.710612 0.051412 -1
1 0.205039 0.608043 0.258521 0.879510 0.189568 -1
1 0.073178 0.608043 0.322023 0.973241 0.389208 -1
1 -0.073178 0.608043 0.322023 0.973241 0.610792 -1
1 -0.205039 0.608043 0.258521 0.879510 0.810432 -1
1 -0.296290 0.608043 0.144096 0.710612 0.948588 -1
1 -0.328857 0.608043 0.001410 0.500000 0.997895 -1
1 -0.296290 0.608043 -0.141275 0.289388 0.948587 -1
1 -0.205039 0.608043 -0.255701 0.120490 0.810432 -1
1 -0.073178 0.608043 -0.319202 0.026759 0.610792 -1
1 0.073178 0.608043 -0.319202 0.026759 0.389208 -1
1 0.073178 0.642981 0.322023 0.973241 0.389208 -1
1 0.205039 0.642981 0.258521 0.879510 0.189568 -1
1 0.296290 0.642981 0.144096 0.710612 0.051412 -1
1 0.328857 0.642981 0.001410 0.500000 0.002105 -1
1 0.296290 0.642981 -0.141275 0.289388 0.051412 -1
1 0.205039 0.642981 -0.255701 0.120490 0.189568 -1
1 0.073178 0.642981 -0.319202 0.026759 0.389208 -1
1 -0.073178 0.642981 -0.319202 0.026759 0.610792 -1
1 -0.205039 0.642981 -0.255701 0.120490 0.810432 -1
1 -0.296290 0.642981 -0.141275 0.289388 0.948587 -1
1 -0.328857 0.642981 0.001410 0.500000 0.997895 -1
1 -0.296290 0.642981 0.144096 0.710612 0.948588 -1
1 -0.205039 0.642981 0.258521 0.879510 0.810432 -1
1 -0.073178 0.642981 0.322023 0.973241 0.610792 -1
1 0.304890 0.269230 -0.145417 0.819861 0.701451 -1
1 0.338402 0.269230 0.001410 0.750000 0.701451 -1
1 0.328857 0.251761 0.001410 0.750000 0.720533 -1
1 0.296290 0.251761 -0.141275 0.819861 0.720533 -1
1 0.210990 0.269230 -0.263163 0.890882 0.701451 -1
1 0.205039 0.251761 -0.255700 0.890882 0.720533 -1
1 0.075302 0.269230 -0.328507 0.963399 0.701451 -1
1 0.073178 0.251761 -0.319202 0.963399 0.720533 -1
1 -0.075302 0.269230 -0.328507 1.036601 0.701451 -1
1 -0.073178 0.251761 -0.319202 1.036601 0.720533 -1
1 -0.210990 0.269230 -0.263163 0.109118 0.701451 -1
1 -0.075302 0.269230 -0.328507 0.036601 0.701451 -1
1 -0.073178 0.251761 -0.319202 0.036601 0.720533 -1
1 -0.205039 0.251761 -0.255700 0.109118 0.720533 -1
1 -0.304890 0.269230 -0.145417 0.180139 0.701451 -1
1 -0.296290 0.251761 -0.141275 0.180139 0.720533 -1
1 -0.338402 0.269230 0.001410 0.250000 0.701451 -1
1 -0.328857 0.251761 0.001410 0.250000 0.720533 -1
1 -0.304890 0.269230 0.148238 0.319861 0.701451 -1
1 -0.296290 0.251761 0.144096 0.319861 0.720533 -1
1 -0.210990 0.269230 0.265984 0.390882 0.701451 -1
1 -0.205039 0.251761 0.258521 0.390882 0.720533 -1
1 -0.075302 0.269230 0.331328 0.463399 0.701451 -1
1 -0.073178 0.251761 0.322023 0.463399 0.720533 -1
1 0.075302 0.269230 0.331328 0.536601 0.701451 -1
1 0.073178 0.251761 0.322023 0.536601 0.720533 -1
1 0.210990 0.269230 0.265984 0.609118 0.701451 -1
1 0.205039 0.251761 0.258521 0.609118 0.720533 -1
1 0.304890 0.269230 0.148238 0.680139 0.701451 -1
1 0.296290 0.251761 0.144096 0.680139 0.720533 -1
1 0.296290 0.286699 -0.141275 0.819861 0.682369 -1
1 0.328857 0.286699 0.001410 0.750000 0.682369 -1
1 0.205039 0.286699 -0.255700 0.890882 0.682369 -1
1 0.073178 0.286699 -0.319202 0.963399 0.682369 -1
1 -0.073178 0.286699 -0.319202 1.036601 0.682369 -1
1 -0.205039 0.286699 -0.255700 0.109118 0.682369 -1
1 -0.073178 0.286699 -0.319202 0.036601 0.682369 -1
1 -0.296290 0.286699 -0.141275 0.180139 0.682369 -1
1 -0.328857 0.286699 0.001410 0.250000 0.682369 -1
1 -0.296290 0.286699 0.144096 0.319861 0.682369 -1
1 -0.205039 0.286699 0.258521 0.390882 0.682369 -1
1 -0.073178 0.286699 0.322023 0.463399 0.682369 -1
1 0.073178 0.286699 0.322023 0.536601 0.682369 -1
1 0.205039 0.286699 0.258521 0.609118 0.682369 -1
1 0.296290 0.286699 0.144096 0.680139 0.682369 -1
1 0.205039 0.251761 -0.255700 0.120490 0.189568 -1
1 0.296290 0.251761 -0.141275 0.289388 0.051412 -1
1 0.328857 0.251761 0.001410 0.500000 0.002105 -1
1 0.296290 0.251761 0.144096 0.710612 0.051412 -1
1 0.205039 0.251761 0.258521 0.879510 0.189568 -1
1 0.073178 0.251761 0.322023 0.973241 0.389208 -1
1 -0.073178 0.251761 0.322023 0.973241 0.610792 -1
1 -0.205039 0.251761 0.258521 0.879510 0.810432 -1
1 -0.296290 0.251761 0.144096 0.710612 0.948588 -1
1 -0.328857 0.251761 0.001410 0.500000 0.997895 -1
1 -0.296290 0.251761 -0.141275 0.289388 0.948587 -1
1 -0.205039 0.251761 -0.255700 0.120490 0.810432 -1
1 -0.073178 0.251761 -0.319202 0.026759 0.610792 -1
1 0.073178 0.251761 -0.319202 0.026759 0.389208 -1
1 0.073178 0.286699 0.322023 0.973241 0.389208 -1
1 0.205039 0.286699 0.258521 0.879510 0.189568 -1
1 0.296290 0.286699 0.144096 0.710612 0.051412 -1
1 0.328857 0.286699 0.001410 0.500000 0.002105 -1
1 0.296290 0.286699 -0.141275 0.289388 0.051412 -1
1 0.205039 0.286699 -0.255700 0.120490 0.189568 -1
1 0.073178 0.286699 -0.319202 0.026759 0.389208 -1
1 -0.073178 0.286699 -0.319202 0.026759 0.610792 -1
1 -0.205039 0.286699 -0.255700 0.120490 0.810432 -1
1 -0.296290 0.286699 -0.141275 0.289388 0.948587 -1
1 -0.328857 0.286699 0.001410 0.500000 0.997895 -1
1 -0.296290 0.286699 0.144096 0.710612 0.948588 -1
1 -0.205039 0.286699 0.258521 0.879510 0.810432 -1
1 -0.073178 0.286699 0.322023 0.973241 0.610792 -1
1 0.304890 0.013845 -0.145417 0.819861 0.980419 -1
1 0.338402 0.013845 0.001410 0.750000 0.980419 -1
1 0.328857 -0.003624 0.001410 0.750000 0.999501 -1
1 0.296290 -0.003624 -0.141275 0.819861 0.999501 -1
1 0.210990 0.013845 -0.263163 0.890882 0.980419 -1
1 0.205039 -0.003624 -0.255700 0.890882 0.999501 -1
1 0.075302 0.013845 -0.328507 0.963399 0.980419 -1
1 0.073178 -0.003624 -0.319202 0.963399 0.999501 -1
1 -0.075302 0.013845 -0.328507 1.036601 0.980419 -1
1 -0.073178 -0.003624 -0.319202 1.036601 0.999501 -1
1 -0.210990 0.013845 -0.263163 0.109118 0.980419 -1
1 -0.075302 0.013845 -0.328507 0.036601 0.980419 -1
1 -0.073178 -0.003624 -0.319202 0.036601 0.999501 -1
1 -0.205039 -0.003624 -0.255700 0.109118 0.999501 -1
1 -0.304890 0.013845 -0.145417 0.180139 0.980419 -1
1 -0.296290 -0.003624 -0.141275 0.180139 0.999501 -1
1 -0.338402 0.013845 0.001410 0.250000 0.980419 -1
1 -0.328857 -0.003624 0.001410 0.250000 0.999501 -1
1 -0.304890 0.013845 0.148238 0.319861 0.980419 -1
1 -0.296290 -0.003624 0.144096 0.319861 0.999501 -1
1 -0.210990 0.013845 0.265984 0.390882 0.980419 -1
1 -0.205039 -0.003624 0.258521 0.390882 0.999501 -1
1 -0.075302 0.013845 0.331328 0.463399 0.980419 -1
1 -0.073178 -0.003624 0.322023 0.463399 0.999501 -1
1 0.075302 0.013845 0.331328 0.536601 0.980419 -1
1 0.073178 -0.003624 0.322023 0.536601 0.999501 -1
1 0.210990 0.013845 0.265984 0.609118 0.980419 -1
1 0.205039 -0.003624 0.258521 0.609118 0.999501 -1
1 0.304890 0.013845 0.148238 0.680139 0.980419 -1
1 0.296290 -0.003624 0.144096 0.680139 0.999501 -1
1 0.296290 0.031314 -0.141275 0.819861 0.961337 -1
1 0.328857 0.031314 0.001410 0.750000 0.961337 -1
1 0.205039 0.031314 -0.255700 0.890882 0.961337 -1
1 0.073178 0.031314 -0.319202 0.963399 0.961337 -1
1 -0.073178 0.031314 -0.319202 1.036601 0.961337 -1
1 -0.205039 0.031314 -0.255700 0.109118 0.961337 -1
1 -0.073178 0.031314 -0.319202 0.036601 0.961337 -1
1 -0.296290 0.031314 -0.141275 0.180139 0.961337 -1
1 -0.328857 0.031314 0.001410 0.250000 0.961337 -1
1 -0.296290 0.031314 0.144096 0.319861 0.961337 -1
1 -0.205039 0.031314 0.258521 0.390882 0.961337 -1
1 -0.073178 0.031314 0.322023 0.463399 0.961337 -1
1 0.073178 0.031314 0.322023 0.536601 0.961337 -1
1 0.205039 0.031314 0.258521 0.609118 0.961337 -1
1 0.296290 0.031314 0.144096 0.680139 0.961337 -1
1 0.205039 -0.003624 -0.255700 0.120490 0.189568 -1
1 0.296290 -0.003624 -0.141275 0.289388 0.051412 -1
1 0.328857 -0.003624 0.001410 0.500000 0.002105 -1
1 0.296290 -0.003624 0.144096 0.710612 0.051412 -1
1 0.205039 -0.003624 0.258521 0.879510 0.189568 -1
1 0.073178 -0.003624 0.322023 0.973241 0.389208 -1
1 -0.073178 -0.003624 0.322023 0.973241 0.610792 -1
1 -0.205039 -0.003624 0.258521 0.879510 0.810432 -1
1 -0.296290 -0.003624 0.144096 0.710612 0.948588 -1
1 -0.328857 -0.003624 0.001410 0.500000 0.997895 -1
1 -0.296290 -0.003624 -0.141275 0.289388 0.948587 -1
1 -0.205039 -0.003624 -0.255700 0.120490 0.810432 -1
1 -0.073178 -0.003624 -0.319202 0.026759 0.610792 -1
1 0.073178 -0.003624 -0.319202 0.026759 0.389208 -1
1 0.073178 0.031314 0.322023 0.973241 0.389208 -1
1 0.205039 0.031314 0.258521 0.879510 0.189568 -1
1 0.296290 0.031314 0.144096 0.710612 0.051412 -1
1 0.328857 0.031314 0.001410 0.500000 0.002105 -1
1 0.296290 0.031314 -0.141275 0.289388 0.051412 -1
1 0.205039 0.031314 -0.255700 0.120490 0.189568 -1
1 0.073178 0.031314 -0.319202 0.026759 0.389208 -1
1 -0.073178 0.031314 -0.319202 0.026759 0.610792 -1
1 -0.205039 0.031314 -0.255700 0.120490 0.810432 -1
1 -0.296290 0.031314 -0.141275 0.289388 0.948587 -1
1 -0.328857 0.031314 0.001410 0.500000 0.997895 -1
1 -0.296290 0.031314 0.144096 0.710612 0.948588 -1
1 -0.205039 0.031314 0.258521 0.879510 0.810432 -1
1 -0.073178 0.031314 0.322023 0.973241 0.610792 -1
1 -0.175421 0.884245 -0.006810 1.045804 0.528531 -1
1 -0.180004 0.884245 -0.023912 1.085374 0.528531 -1
1 -0.180004 0.908907 -0.023912 1.085374 0.471469 -1
1 -0.175421 0.908907 -0.006810 1.045804 0.471469 -1
1 -0.192524 0.884245 -0.036432 1.114341 0.528531 -1
1 -0.192524 0.908907 -0.036432 1.114341 0.471469 -1
1 -0.192524 0.884245 -0.036432 0.498707 0.528531 -1
1 -0.209626 0.884245 -0.041015 0.538278 0.528531 -1
1 -0.209626 0.908907 -0.041015 0.538278 0.471469 -1
1 -0.192524 0.908907 -0.036432 0.498707 0.471469 -1
1 -0.226728 0.884245 -0.036432 0.577848 0.528531 -1
1 -0.226728 0.908907 -0.036432 0.577848 0.471469 -1
1 -0.239248 0.884245 -0.023912 0.606816 0.528531 -1
1 -0.239248 0.908907 -0.023912 0.606816 0.471469 -1
1 -0.239248 0.884245 -0.023912 -0.085374 0.528531 -1
1 -0.243831 0.884245 -0.006810 -0.045804 0.528531 -1
1 -0.243831 0.908907 -0.006810 -0.045804 0.471469 -1
1 -0.239248 0.908907 -0.023912 -0.085374 0.471469 -1
1 -0.239248 0.884245 0.010292 -0.006233 0.528531 -1
1 -0.239248 0.908907 0.010292 -0.006233 0.471469 -1
1 -0.226728 0.884245 0.022812 0.022734 0.528531 -1
1 -0.226728 0.908907 0.022812 0.022734 0.471469 -1
1 -0.226728 0.884245 0.022812 0.422152 0.528531 -1
1 -0.209626 0.884245 0.027394 0.461722 0.528531 -1
1 -0.209626 0.908907 0.027394 0.461722 0.471469 -1
1 -0.226728 0.908907 0.022812 0.422152 0.471469 -1
1 -0.192524 0.884245 0.022812 0.501293 0.528531 -1
1 -0.192524 0.908907 0.022812 0.501293 0.471469 -1
1 -0.180004 0.884245 0.010292 0.530260 0.528531 -1
1 -0.180004 0.908907 0.010292 0.530260 0.471469 -1
1 -0.180004 0.884245 0.010292 1.006233 0.528531 -1
1 -0.180004 0.908907 0.010292 1.006233 0.471469 -1
1 -0.175421 0.908907 -0.006810 0.540863 -0.045804 -1
1 -0.180004 0.908907 -0.023912 0.530260 -0.085374 -1
1 -0.192524 0.908907 -0.036432 0.501293 -0.114341 -1
1 -0.209626 0.908907 -0.041015 0.461722 -0.124944 -1
1 -0.226728 0.908907 -0.036432 0.422152 -0.114342 -1
1 -0.239248 0.908907 -0.023912 0.393184 -0.085374 -1
1 -0.243831 0.908907 -0.006810 0.382582 -0.045804 -1
1 -0.239248 0.908907 0.010292 0.393184 -0.006233 -1
1 -0.226728 0.908907 0.022812 0.422152 0.022734 -1
1 -0.209626 0.908907 0.027394 0.461722 0.033337 -1
1 -0.192524 0.908907 0.022812 0.501293 0.022734 -1
1 -0.180004 0.908907 0.010292 0.530260 -0.006233 -1
306
0.900969 0.000001 -0.433884
1.000000 0.000001 0.000000
0.875596 -0.478428 -0.066616
0.759981 -0.478428 -0.439926
0.623490 0.000001 -0.781831
0.493843 -0.478427 -0.726104
0.222521 0.000001 -0.974928
0.129892 -0.478427 -0.868468
0.000000 -0.174831 -0.984598
0.000000 -0.470154 -0.882585
-0.623490 0.000002 -0.781832
-0.427201 0.174835 -0.887092
-0.382939 -0.470154 -0.795181
-0.598008 -0.478428 -0.643034
-0.900969 0.000002 -0.433884
-0.817789 -0.478428 -0.319888
-1.000000 0.000001 -0.000000
-0.875596 -0.478429 0.066616
-0.900969 0.000001 0.433884
-0.759981 -0.478428 0.439926
-0.623490 0.000002 0.781831
-0.493843 -0.478428 0.726103
-0.222521 0.000002 0.974928
-0.129892 -0.478429 0.868466
0.222521 0.000001 0.974928
0.259785 -0.478428 0.838820
0.623490 0.000001 0.781831
0.598008 -0.478428 0.643034
0.900969 0.000001 0.433884
0.817789 -0.478428 0.319888
0.817787 0.478431 -0.319887
0.875595 0.478430 0.066616
0.598007 0.478430 -0.643033
0.259784 0.478429 -0.838819
0.000000 0.470156 -0.882583
-0.493842 0.478430 -0.726102
-0.382939 0.470156 -0.795180
-0.759980 0.478431 -0.439925
-0.875595 0.478431 -0.066616
-0.817787 0.478431 0.319887
-0.598007 0.478430 0.643033
-0.259784 0.478431 0.838818
0.129892 0.478431 0.868465
0.493842 0.478431 0.726102
0.759980 0.478431 0.439926
-0.079513 -0.996816 0.006049
-0.069014 -0.996816 0.039950
-0.123530 -0.991164 0.048320
-0.132262 -0.991164 -0.010063
-0.044846 -0.996816 0.065937
-0.090331 -0.991164 0.097132
-0.011796 -0.996816 0.078865
-0.039241 -0.991164 0.126706
0.023591 -0.996816 0.076173
0.019621 -0.991164 0.131185
0.054305 -0.996816 0.058394
0.074596 -0.991164 0.109680
0.074263 -0.996816 0.029049
0.114798 -0.991164 0.066452
0.079513 -0.996816 -0.006049
0.132262 -0.991164 0.010063
0.069014 -0.996816 -0.039950
0.123530 -0.991164 -0.048320
0.044846 -0.996816 -0.065937
0.090331 -0.991164 -0.097132
0.011796 -0.996816 -0.078866
0.039241 -0.991164 -0.126706
-0.023591 -0.996816 -0.076173
-0.019621 -0.991164 -0.131185
-0.054305 -0.996816 -0.058394
-0.074596 -0.991164 -0.109680
-0.074263 -0.996816 -0.029049
-0.114798 -0.991164 -0.066452
0.000000 -1.000000 0.000000
-0.368080 0.918579 0.143979
-0.394099 0.918579 -0.029984
-0.394099 0.918579 0.029984
-0.342061 0.918579 0.198007
-0.269159 0.918579 0.289424
-0.222275 0.918579 0.326813
-0.116927 0.918579 0.377546
-0.058464 0.918579 0.390890
0.000000 0.915293 0.402788
0.222275 0.918579 0.326813
0.174763 0.915293 0.362899
0.174763 0.915293 0.362899
0.269159 0.918579 0.289424
0.342061 0.918579 0.198007
0.368080 0.918579 0.143979
0.394099 0.918579 0.029983
0.394099 0.918579 -0.029984
0.368080 0.918579 -0.143979
0.342061 0.918579 -0.198007
0.269159 0.918579 -0.289425
0.222275 0.918579 -0.326813
0.116927 0.918579 -0.377546
0.058464 0.918579 -0.390890
-0.058464 0.918579 -0.390890
-0.116927 0.918579 -0.377546
-0.222275 0.918579 -0.326813
-0.269159 0.918579 -0.289425
-0.342062 0.918579 -0.198007
-0.368080 0.918579 -0.143979
0.000000 1.000000 0.000000
0.974928 -0.000000 -0.222521
0.865457 -0.000000 -0.500983
0.931288 -0.000000 -0.364284
0.974928 -0.000000 -0.222521
0.562382 -0.000000 -0.826878
0.681004 -0.000000 -0.732279
0.147920 -0.000000 -0.988999
0.295840 -0.000000 -0.955238
-0.295840 -0.000000 -0.955238
-0.147920 -0.000000 -0.988999
-0.681004 -0.000000 -0.732279
-0.562382 -0.000000 -0.826878
-0.931288 -0.000000 -0.364284
-0.865457 -0.000000 -0.500983
-0.997118 0.000000 0.075862
-0.997118 -0.000000 -0.075862
-0.865457 0.000000 0.500983
-0.931288 0.000000 0.364284
-0.562382 0.000000 0.826878
-0.681004 0.000000 0.732279
-0.147920 0.000000 0.988999
-0.295840 0.000000 0.955238
0.295840 0.000000 0.955238
0.147920 0.000000 0.988999
0.681004 0.000000 0.732279
0.562382 0.000000 0.826878
0.931288 0.000000 0.364284
0.865457 0.000000 0.500983
0.974928 0.000000 0.222521
0.974928 0.000000 0.222521
0.900969 0.000000 -0.433884
1.000000 -0.000001 -0.000000
0.875595 -0.478430 -0.066616
0.759980 -0.478431 -0.439926
0.623490 0.000000 -0.781832
0.493842 -0.478431 -0.726102
0.222521 0.000000 -0.974928
0.129892 -0.478431 -0.868465
0.000000 -0.174834 -0.984598
0.000000 -0.470158 -0.882582
-0.623490 -0.000000 -0.781831
-0.427201 0.174834 -0.887092
-0.382938 -0.470158 -0.795179
-0.598007 -0.478430 -0.643033
-0.900969 -0.000000 -0.433884
-0.817787 -0.478431 -0.319887
-1.000000 -0.000001 0.000000
-0.875595 -0.478431 0.066616
-0.900969 -0.000002 0.433884
-0.759980 -0.478431 0.439926
-0.623490 -0.000001 0.781832
-0.493842 -0.478431 0.726102
-0.222521 -0.000001 0.974928
-0.129892 -0.478431 0.868465
0.222521 -0.000002 0.974928
0.259784 -0.478431 0.838818
0.623490 -0.000002 0.781831
0.598007 -0.478430 0.643033
0.900969 -0.000001 0.433884
0.817787 -0.478431 0.319887
0.817788 0.478430 -0.319887
0.875596 0.478428 0.066616
0.598007 0.478430 -0.643033
0.259784 0.478431 -0.838818
0.000000 0.470158 -0.882582
-0.493842 0.478431 -0.726102
-0.382938 0.470159 -0.795179
-0.759980 0.478431 -0.439926
-0.875595 0.478430 -0.066616
-0.817789 0.478429 0.319888
-0.598008 0.478428 0.643034
-0.259785 0.478428 0.838820
0.129892 0.478429 0.868466
0.493843 0.478428 0.726103
0.759981 0.478428 0.439926
-0.000000 1.000000 -0.000000
-0.000002 1.000000 -0.000000
-0.000000 1.000000 -0.000000
0.000000 1.000000 -0.000000
-0.000001 1.000000 -0.000001
-0.000001 1.000000 -0.000001
-0.000000 1.000000 -0.000000
0.900969 0.000000 -0.433884
1.000000 -0.000000 0.000000
0.875595 -0.478430 -0.066616
0.759980 -0.478431 -0.439926
0.623490 0.000000 -0.781831
0.493842 -0.478431 -0.726102
0.222521 0.000000 -0.974928
0.129892 -0.478431 -0.868465
0.000000 -0.174834 -0.984598
0.000000 -0.470158 -0.882582
-0.623490 0.000000 -0.781831
-0.427201 0.174835 -0.887092
-0.382938 -0.470158 -0.795179
-0.598007 -0.478431 -0.643033
-0.900969 -0.000000 -0.433884
-0.817788 -0.478430 -0.319887
-1.000000 0.000000 0.000000
-0.875595 -0.478431 0.066616
-0.900969 -0.000000 0.433884
-0.759980 -0.478430 0.439926
-0.623490 0.000000 0.781832
-0.493842 -0.478430 0.726103
-0.222521 0.000001 0.974928
-0.129892 -0.478430 0.868466
0.222521 0.000000 0.974928
0.259784 -0.478430 0.838819
0.623490 0.000000 0.781831
0.598008 -0.478430 0.643034
0.900969 0.000000 0.433884
0.817788 -0.478430 0.319887
0.817788 0.478430 -0.319887
0.875595 0.478430 0.066616
0.598007 0.478431 -0.643033
0.259784 0.478432 -0.838818
-0.493842 0.478432 -0.726102
-0.382938 0.470158 -0.795179
-0.759980 0.478431 -0.439926
-0.875595 0.478431 -0.066616
-0.817788 0.478430 0.319887
-0.598007 0.478430 0.643034
-0.259784 0.478431 0.838818
0.493842 0.478430 0.726102
0.759980 0.478430 0.439926
-0.000000 1.000000 -0.000000
0.000000 1.000000 -0.000000
0.000000 1.000000 -0.000000
0.000000 1.000000 -0.000000
0.000000 1.000000 -0.000000
0.000000 1.000000 0.000000
0.000000 1.000000 -0.000000
0.900969 -0.000001 -0.433884
1.000000 -0.000001 -0.000000
0.875595 -0.478430 -0.066616
0.759980 -0.478431 -0.439925
0.623490 -0.000001 -0.781832
0.493841 -0.478432 -0.726102
0.222521 -0.000002 -0.974928
0.129892 -0.478431 -0.868465
0.000000 -0.174835 -0.984598
-0.623490 -0.000002 -0.781831
-0.427201 0.174833 -0.887092
-0.382938 -0.470159 -0.795179
-0.598007 -0.478432 -0.643033
-0.900969 -0.000002 -0.433884
-0.817787 -0.478431 -0.319887
-1.000000 -0.000001 0.000000
-0.875595 -0.478431 0.066616
-0.900969 -0.000001 0.433884
-0.759980 -0.478431 0.439925
-0.623490 -0.000001 0.781832
-0.493841 -0.478432 0.726102
-0.222521 -0.000002 0.974928
-0.129892 -0.478431 0.868465
0.222521 -0.000001 0.974928
0.259784 -0.478432 0.838818
0.623490 -0.000001 0.781831
0.598007 -0.478431 0.643033
0.900969 -0.000001 0.433884
0.817787 -0.478431 0.319887
0.817789 0.478428 -0.319888
0.875596 0.478428 0.066616
0.598008 0.478429 -0.643034
0.259784 0.478429 -0.838819
0.000000 0.470156 -0.882583
-0.493842 0.478429 -0.726103
-0.382939 0.470156 -0.795180
-0.759981 0.478429 -0.439926
-0.875596 0.478429 -0.066616
-0.817788 0.478429 0.319888
-0.598008 0.478429 0.643034
-0.259784 0.478429 0.838819
0.493842 0.478429 0.726103
0.759981 0.478429 0.439926
0.996035 0.000000 -0.088963
0.818111 -0.000000 -0.575061
0.907073 0.000000 -0.420974
0.996035 0.000000 0.088962
0.707107 -0.000000 -0.707106
0.707107 -0.000000 -0.707106
0.258819 -0.000000 -0.965926
-0.088962 -0.000000 -0.996035
0.088962 -0.000000 -0.996035
0.258819 -0.000000 -0.965926
-0.575061 -0.000000 -0.818110
-0.420974 -0.000000 -0.907073
-0.707107 0.000000 -0.707107
-0.707107 -0.000000 -0.707107
-0.965926 0.000000 -0.258820
-0.996035 0.000000 0.088963
-0.996035 0.000000 -0.088962
-0.818110 0.000000 0.575061
-0.907073 0.000000 0.420974
-0.707107 0.000000 0.707107
-0.258819 0.000000 0.965926
0.088962 0.000000 0.996035
-0.088962 0.000000 0.996035
0.575061 0.000000 0.818110
0.420974 0.000000 0.907073
0.707107 0.000000 0.707107
0.965926 0.000000 0.258819
454
1 0 1 2 0 1 2 1
1 2 3 0 2 3 0 1
1 4 0 3 4 0 3 1
1 3 5 4 3 5 4 1
1 6 4 5 6 4 5 1
1 5 7 6 5 7 6 1
1 8 6 7 8 6 7 1
1 7 9 8 7 9 8 1
1 10 11 12 10 11 12 1
1 12 13 10 12 13 10 1
1 14 10 13 14 10 13 1
1 13 15 14 13 15 14 1
1 16 14 15 16 14 15 1
1 15 17 16 15 17 16 1
1 18 16 17 18 16 17 1
1 17 19 18 17 19 18 1
1 20 18 19 20 18 19 1
1 19 21 20 19 21 20 1
1 22 20 21 22 20 21 1
1 21 23 22 21 23 22 1
1 24 22 23 24 22 23 1
1 23 25 24 23 25 24 1
1 26 24 25 26 24 25 1
1 25 27 26 25 27 26 1
1 28 26 27 28 26 27 1
1 27 29 28 27 29 28 1
1 1 28 29 1 28 29 1
1 29 2 1 29 2 1 1
1 30 31 1 30 31 1 1
1 1 0 30 1 0 30 1
1 32 30 0 32 30 0 1
1 0 4 32 0 4 32 1
1 33 32 4 33 32 4 1
1 4 6 33 4 6 33 1
1 34 33 6 34 33 6 1
1 6 8 34 6 8 34 1
1 35 36 11 35 36 11 1
1 11 10 35 11 10 35 1
1 37 35 10 37 35 10 1
1 10 14 37 10 14 37 1
1 38 37 14 38 37 14 1
1 14 16 38 14 16 38 1
1 39 38 16 39 38 16 1
1 16 18 39 16 18 39 1
1 40 39 18 40 39 18 1
1 18 20 40 18 20 40 1
1 41 40 20 41 40 20 1
1 20 22 41 20 22 41 1
1 42 41 22 42 41 22 1
1 22 24 42 22 24 42 1
1 43 42 24 43 42 24 1
1 24 26 43 24 26 43 1
1 44 43 26 44 43 26 1
1 26 28 44 26 28 44 1
1 31 44 28 31 44 28 1
1 28 1 31 28 1 31 1
1 45 46 47 45 46 47 1
1 47 48 45 47 48 45 1
1 46 49 50 46 49 50 1
1 50 47 46 50 47 46 1
1 49 51 52 49 51 52 1
1 52 50 49 52 50 49 1
1 51 53 54 51 53 54 1
1 54 52 51 54 52 51 1
1 53 55 56 53 55 56 1
1 56 54 53 56 54 53 1
1 55 57 58 55 57 58 1
1 58 56 55 58 56 55 1
1 57 59 60 57 59 60 1
1 60 58 57 60 58 57 1
1 59 61 62 59 61 62 1
1 62 60 59 62 60 59 1
1 61 63 64 61 63 64 1
1 64 62 61 64 62 61 1
1 63 65 66 63 65 66 1
1 66 64 63 66 64 63 1
1 65 67 68 65 67 68 1
1 68 66 65 68 66 65 1
1 67 69 70 67 69 70 1
1 70 68 67 70 68 67 1
1 69 71 72 69 71 72 1
1 72 70 69 72 70 69 1
1 71 45 48 71 45 48 1
1 48 72 71 48 72 71 1
1 46 45 73 46 45 73 1
1 49 46 73 49 46 73 1
1 51 49 73 51 49 73 1
1 53 51 73 53 51 73 1
1 55 53 73 55 53 73 1
1 57 55 73 57 55 73 1
1 59 57 73 59 57 73 1
1 61 59 73 61 59 73 1
1 63 61 73 63 61 73 1
1 65 63 73 65 63 73 1
1 67 65 73 67 65 73 1
1 69 67 73 69 67 73 1
1 71 69 73 71 69 73 1
1 45 71 73 45 71 73 1
1 74 75 76 74 75 76 1
1 76 77 74 76 77 74 1
1 78 74 77 78 74 77 1
1 77 79 78 77 79 78 1
1 80 78 79 80 78 79 1
1 79 81 80 79 81 80 1
1 82 80 81 82 80 81 1
1 81 83 82 81 82 82 1
1 84 85 86 83 84 85 1
1 86 87 84 85 86 83 1
1 88 84 87 87 83 86 1
1 87 89 88 86 88 87 1
1 90 88 89 89 87 88 1
1 89 91 90 88 90 89 1
1 92 90 91 91 89 90 1
1 91 93 92 90 92 91 1
1 94 92 93 93 91 92 1
1 93 95 94 92 94 93 1
1 96 94 95 95 93 94 1
1 95 97 96 94 96 95 1
1 98 96 97 97 95 96 1
1 97 99 98 96 98 97 1
1 100 98 99 99 97 98 1
1 99 101 100 98 100 99 1
1 102 100 101 101 99 100 1
1 101 103 102 100 102 101 1
1 75 102 103 75 101 102 1
1 103 76 75 102 76 75 1
1 104 105 106 103 103 103 1
1 105 107 106 103 103 103 1
1 107 108 106 103 103 103 1
1 108 109 106 103 103 103 1
1 109 110 106 103 103 103 1
1 110 111 106 103 103 103 1
1 111 112 106 103 103 103 1
1 112 113 106 103 103 103 1
1 113 114 106 103 103 103 1
1 114 115 106 103 103 103 1
1 115 116 106 103 103 103 1
1 116 117 106 103 103 103 1
1 117 118 106 103 103 103 1
1 118 104 106 103 103 103 1
1 119 120 121 73 73 73 1
1 121 122 123 73 73 73 1
1 123 124 125 73 73 73 1
1 121 123 125 73 73 73 1
1 125 126 127 73 73 73 1
1 127 128 129 73 73 73 1
1 125 127 129 73 73 73 1
1 129 130 131 73 73 73 1
1 125 129 131 73 73 73 1
1 121 125 131 73 73 73 1
1 119 121 131 73 73 73 1
1 132 119 131 73 73 73 1
1 133 134 135 104 105 106 1
1 135 136 133 106 107 104 1
1 134 137 138 105 108 109 1
1 138 135 134 109 106 105 1
1 137 139 140 108 110 111 1
1 140 138 137 111 109 108 1
1 139 141 142 110 112 113 1
1 142 140 139 113 111 110 1
1 141 143 144 112 114 115 1
1 144 142 141 115 113 112 1
1 143 145 146 114 116 117 1
1 146 144 143 117 115 114 1
1 145 147 148 116 118 119 1
1 148 146 145 119 117 116 1
1 147 149 150 118 120 121 1
1 150 148 147 121 119 118 1
1 149 151 152 120 122 123 1
1 152 150 149 123 121 120 1
1 151 153 154 122 124 125 1
1 154 152 151 125 123 122 1
1 153 155 156 124 126 127 1
1 156 154 153 127 125 124 1
1 155 157 158 126 128 129 1
1 158 156 155 129 127 126 1
1 157 159 160 128 130 131 1
1 160 158 157 131 129 128 1
1 159 161 162 130 132 133 1
1 162 160 159 133 131 130 1
1 163 164 165 134 135 136 1
1 165 166 163 136 137 134 1
1 167 163 166 138 134 137 1
1 166 168 167 137 139 138 1
1 169 167 168 140 138 139 1
1 168 170 169 139 141 140 1
1 171 169 170 142 140 141 1
1 170 172 171 141 143 142 1
1 173 174 175 144 145 146 1
1 175 176 173 146 147 144 1
1 177 173 176 148 144 147 1
1 176 178 177 147 149 148 1
1 179 177 178 150 148 149 1
1 178 180 179 149 151 150 1
1 181 179 180 152 150 151 1
1 180 182 181 151 153 152 1
1 183 181 182 154 152 153 1
1 182 184 183 153 155 154 1
1 185 183 184 156 154 155 1
1 184 186 185 155 157 156 1
1 187 185 186 158 156 157 1
1 186 188 187 157 159 158 1
1 189 187 188 160 158 159 1
1 188 190 189 159 161 160 1
1 191 189 190 162 160 161 1
1 190 192 191 161 163 162 1
1 164 191 192 135 162 163 1
1 192 165 164 163 136 135 1
1 193 194 164 164 165 135 1
1 164 163 193 135 134 164 1
1 195 193 163 166 164 134 1
1 163 167 195 134 138 166 1
1 196 195 167 167 166 138 1
1 167 169 196 138 140 167 1
1 197 196 169 168 167 140 1
1 169 171 197 140 142 168 1
1 198 199 174 169 170 145 1
1 174 173 198 145 144 169 1
1 200 198 173 171 169 144 1
1 173 177 200 144 148 171 1
1 201 200 177 172 171 148 1
1 177 179 201 148 150 172 1
1 202 201 179 173 172 150 1
1 179 181 202 150 152 173 1
1 203 202 181 174 173 152 1
1 181 183 203 152 154 174 1
1 204 203 183 175 174 154 1
1 183 185 204 154 156 175 1
1 205 204 185 176 175 156 1
1 185 187 205 156 158 176 1
1 206 205 187 177 176 158 1
1 187 189 206 158 160 177 1
1 207 206 189 178 177 160 1
1 189 191 207 160 162 178 1
1 194 207 191 165 178 162 1
1 191 164 194 162 135 165 1
1 208 209 210 73 73 73 1
1 210 211 212 73 73 73 1
1 212 213 214 73 73 73 1
1 210 212 214 73 73 73 1
1 214 215 216 73 73 73 1
1 216 217 218 73 73 73 1
1 214 216 218 73 73 73 1
1 210 214 218 73 73 73 1
1 208 210 218 73 73 73 1
1 218 219 220 73 73 73 1
1 208 218 220 73 73 73 1
1 208 220 221 73 73 73 1
1 222 223 224 103 103 179 1
1 224 225 226 179 180 181 1
1 226 227 228 181 103 182 1
1 224 226 228 179 181 182 1
1 228 229 230 182 103 183 1
1 230 231 232 183 184 185 1
1 228 230 232 182 183 185 1
1 224 228 232 179 182 185 1
1 222 224 232 103 179 185 1
1 232 233 234 185 103 103 1
1 222 232 234 103 185 103 1
1 222 234 235 103 103 103 1
1 236 237 238 186 187 188 1
1 238 239 236 188 189 186 1
1 240 236 239 190 186 189 1
1 239 241 240 189 191 190 1
1 242 240 241 192 190 191 1
1 241 243 242 191 193 192 1
1 244 242 243 194 192 193 1
1 243 245 244 193 195 194 1
1 246 247 248 196 197 198 1
1 248 249 246 198 199 196 1
1 250 246 249 200 196 199 1
1 249 251 250 199 201 200 1
1 252 250 251 202 200 201 1
1 251 253 252 201 203 202 1
1 254 252 253 204 202 203 1
1 253 255 254 203 205 204 1
1 256 254 255 206 204 205 1
1 255 257 256 205 207 206 1
1 258 256 257 208 206 207 1
1 257 259 258 207 209 208 1
1 260 258 259 210 208 209 1
1 259 261 260 209 211 210 1
1 262 260 261 212 210 211 1
1 261 263 262 211 213 212 1
1 264 262 263 214 212 213 1
1 263 265 264 213 215 214 1
1 237 264 265 187 214 215 1
1 265 238 237 215 188 187 1
1 266 267 237 216 217 187 1
1 237 236 266 187 186 216 1
1 268 266 236 218 216 186 1
1 236 240 268 186 190 218 1
1 269 268 240 219 218 190 1
1 240 242 269 190 192 219 1
1 270 269 242 168 219 192 1
1 242 244 270 192 194 168 1
1 271 272 247 220 221 197 1
1 247 246 271 197 196 220 1
1 273 271 246 222 220 196 1
1 246 250 273 196 200 222 1
1 274 273 250 223 222 200 1
1 250 252 274 200 202 223 1
1 275 274 252 224 223 202 1
1 252 254 275 202 204 224 1
1 276 275 254 225 224 204 1
1 254 256 276 204 206 225 1
1 277 276 256 226 225 206 1
1 256 258 277 206 208 226 1
1 278 277 258 42 226 208 1
1 258 260 278 208 210 42 1
1 279 278 260 227 42 210 1
1 260 262 279 210 212 227 1
1 280 279 262 228 227 212 1
1 262 264 280 212 214 228 1
1 267 280 264 217 228 214 1
1 264 237 267 214 187 217 1
1 281 282 283 73 73 73 1
1 283 284 285 73 73 73 1
1 285 286 287 73 73 73 1
1 283 285 287 73 73 73 1
1 287 288 289 73 73 73 1
1 289 290 291 73 73 73 1
1 287 289 291 73 73 73 1
1 283 287 291 73 73 73 1
1 281 283 291 73 73 73 1
1 291 292 293 73 73 73 1
1 281 291 293 73 73 73 1
1 281 293 294 73 73 73 1
1 295 296 297 103 103 229 1
1 297 298 299 229 103 230 1
1 299 300 301 230 231 232 1
1 297 299 301 229 230 232 1
1 301 302 303 232 103 233 1
1 303 304 305 233 234 235 1
1 301 303 305 232 233 235 1
1 297 301 305 229 232 235 1
1 295 297 305 103 229 235 1
1 305 306 307 235 103 103 1
1 295 305 307 103 235 103 1
1 295 307 308 103 103 103 1
1 309 310 311 236 237 238 1
1 311 312 309 238 239 236 1
1 313 309 312 240 236 239 1
1 312 314 313 239 241 240 1
1 315 313 314 242 240 241 1
1 314 316 315 241 243 242 1
1 317 315 316 244 242 243 1
1 316 318 317 243 143 244 1
1 319 320 321 245 246 247 1
1 321 322 319 247 248 245 1
1 323 319 322 249 245 248 1
1 322 324 323 248 250 249 1
1 325 323 324 251 249 250 1
1 324 326 325 250 252 251 1
1 327 325 326 253 251 252 1
1 326 328 327 252 254 253 1
1 329 327 328 255 253 254 1
1 328 330 329 254 256 255 1
1 331 329 330 257 255 256 1
1 330 332 331 256 258 257 1
1 333 331 332 259 257 258 1
1 332 334 333 258 260 259 1
1 335 333 334 261 259 260 1
1 334 336 335 260 262 261 1
1 337 335 336 263 261 262 1
1 336 338 337 262 264 263 1
1 310 337 338 237 263 264 1
1 338 311 310 264 238 237 1
1 339 340 310 265 266 237 1
1 310 309 339 237 236 265 1
1 341 339 309 267 265 236 1
1 309 313 341 236 240 267 1
1 342 341 313 268 267 240 1
1 313 315 342 240 242 268 1
1 343 342 315 269 268 242 1
1 315 317 343 242 244 269 1
1 344 345 320 270 271 246 1
1 320 319 344 246 245 270 1
1 346 344 319 272 270 245 1
1 319 323 346 245 249 272 1
1 347 346 323 273 272 249 1
1 323 325 347 249 251 273 1
1 348 347 325 274 273 251 1
1 325 327 348 251 253 274 1
1 349 348 327 275 274 253 1
1 327 329 349 253 255 275 1
1 350 349 329 276 275 255 1
1 329 331 350 255 257 276 1
1 351 350 331 176 276 257 1
1 331 333 351 257 259 176 1
1 352 351 333 277 176 259 1
1 333 335 352 259 261 277 1
1 353 352 335 278 277 261 1
1 335 337 353 261 263 278 1
1 340 353 337 266 278 263 1
1 337 310 340 263 237 266 1
1 354 355 356 73 73 73 1
1 356 357 358 73 73 73 1
1 358 359 360 73 73 73 1
1 356 358 360 73 73 73 1
1 360 361 362 73 73 73 1
1 362 363 364 73 73 73 1
1 360 362 364 73 73 73 1
1 356 360 364 73 73 73 1
1 354 356 364 73 73 73 1
1 364 365 366 73 73 73 1
1 354 364 366 73 73 73 1
1 354 366 367 73 73 73 1
1 368 369 370 103 103 103 1
1 370 371 372 103 103 103 1
1 372 373 374 103 103 103 1
1 370 372 374 103 103 103 1
1 374 375 376 103 103 103 1
1 376 377 378 103 103 103 1
1 374 376 378 103 103 103 1
1 370 374 378 103 103 103 1
1 368 370 378 103 103 103 1
1 378 379 380 103 103 103 1
1 368 378 380 103 103 103 1
1 368 380 381 103 103 103 1
1 382 383 384 279 280 281 1
1 384 385 382 281 282 279 1
1 383 386 387 280 283 284 1
1 387 384 383 284 281 280 1
1 388 389 390 285 286 287 1
1 390 391 388 287 288 285 1
1 389 392 393 286 289 290 1
1 393 390 389 290 287 286 1
1 392 394 395 289 291 292 1
1 395 393 392 292 290 289 1
1 396 397 398 293 294 295 1
1 398 399 396 295 293 293 1
1 397 400 401 294 296 297 1
1 401 398 397 297 295 294 1
1 400 402 403 296 298 298 1
1 403 401 400 298 297 296 1
1 404 405 406 299 300 301 1
1 406 407 404 301 299 299 1
1 405 408 409 300 302 303 1
1 409 406 405 303 301 300 1
1 408 410 411 302 304 304 1
1 411 409 408 304 303 302 1
1 412 382 385 305 279 282 1
1 385 413 412 282 305 305 1
1 414 415 416 103 103 103 1
1 416 417 418 103 103 103 1
1 418 419 420 103 103 103 1
1 416 418 420 103 103 103 1
1 420 421 422 103 103 103 1
1 422 423 424 103 103 103 1
1 420 422 424 103 103 103 1
1 416 420 424 103 103 103 1
1 414 416 424 103 103 103 1
1 425 414 424 103 103 103 1

Materials: 1
"Tonne4"
0.584314 0.584314 0.584314 1.000000
0.584314 0.584314 0.584314 1.000000
0.894118 0.894118 0.894118 1.000000
0.000000 0.000000 0.000000 1.000000
125.440002
1.000000
"TONNE5.tga"
""

Bones: 0
GroupComments: 0
MaterialComments: 0
BoneComments: 0
ModelComment: 0
