// MilkShape 3D ASCII

Frames: 30
Frame: 1

Meshes: 3
"MDL-Objec1" 1 0
110
1 -3.722178 50.964123 -0.673056 2.769974 -5.622940 -1
1 -3.073209 50.964127 -2.020658 2.430593 -5.622940 -1
1 -4.118010 7.259992 -2.853850 2.430593 2.077031 -1
1 -4.895110 12.166105 -0.940774 2.769974 1.212652 -1
1 -3.722178 50.964127 0.822660 3.112560 -5.622940 -1
1 -4.895110 12.166106 1.090385 3.112560 1.212652 -1
1 -4.895110 12.166106 1.090385 -1.567440 1.212652 -1
1 -4.118010 7.259992 3.003463 -1.228060 2.077031 -1
1 -3.073209 50.964123 2.170255 -1.228060 -5.622940 -1
1 -3.722178 50.964127 0.822660 -1.567440 -5.622940 -1
1 -0.445585 50.964119 3.435656 -0.568733 -5.622940 -1
1 -1.903807 50.964127 3.102825 -0.895684 -5.622940 -1
1 -2.483624 7.259992 4.306840 -0.895684 2.077031 -1
1 -0.445585 7.259991 4.772012 -0.568733 2.077031 -1
1 2.831008 50.964123 -0.673062 0.772560 -5.622940 -1
1 2.831008 50.964127 0.822660 0.429974 -5.622940 -1
1 4.133848 7.259992 1.120033 0.429974 2.077031 -1
1 4.133848 7.259990 -0.970421 0.772560 2.077031 -1
1 2.182034 50.964127 -2.020658 1.111940 -5.622940 -1
1 3.226839 7.259992 -2.853850 1.111940 2.077031 -1
1 2.415758 47.745090 0.074798 0.500000 1.119717 -1
1 2.415758 51.413532 0.074799 0.500000 1.119717 -1
1 1.224956 51.413536 -2.660397 0.878354 0.831094 -1
1 1.338426 47.745090 -2.162286 0.846792 0.886387 -1
1 1.338426 47.745094 2.311883 0.153208 0.886387 -1
1 1.224956 51.413528 2.809994 0.121646 0.831094 -1
1 -0.445585 47.745094 3.009718 0.045028 0.500000 -1
1 -0.445585 51.413528 3.336611 0.045028 0.500000 -1
1 -2.229601 47.745094 2.311883 0.153208 0.113613 -1
1 -2.229601 51.413528 2.311879 0.153208 0.113613 -1
1 -2.483624 7.259992 -4.157227 2.098218 2.077031 -1
1 -0.445585 12.166105 -4.489145 1.771267 1.212652 -1
1 -0.445585 7.259992 -4.622398 1.771267 2.077031 -1
1 -4.895110 12.166105 -0.940774 -1.910026 1.212652 -1
1 -5.380582 6.703454 -1.051577 -1.910026 2.175084 -1
1 -5.390095 6.703453 1.208138 -1.568241 2.175084 -1
1 -5.380582 6.703454 -1.051577 2.769974 2.175084 -1
1 -0.445585 6.146916 -5.351812 1.771267 2.273137 -1
1 -3.744197 6.146916 -4.061516 2.264405 2.273137 -1
1 1.908934 6.146914 -4.814405 1.444316 2.273137 -1
1 1.592449 7.259992 -4.157227 1.444316 2.077031 -1
1 3.797115 6.146916 -3.308628 1.111940 2.273137 -1
1 1.908934 6.146915 4.964027 -0.241782 2.273137 -1
1 4.321041 6.146915 2.370294 0.260284 2.273137 -1
1 3.226839 7.259992 3.003463 0.090594 2.077031 -1
1 1.592449 7.259992 4.306840 -0.241782 2.077031 -1
1 -0.445585 6.146915 5.501426 -0.568733 2.273137 -1
1 -2.800109 6.146915 4.964027 -0.895684 2.273137 -1
1 -4.688285 6.146915 3.458252 -1.228060 2.273137 -1
1 -0.445585 0.013869 -5.351810 1.771267 3.353682 -1
1 -2.800109 0.013871 -4.814402 2.098218 3.353682 -1
1 1.908934 0.013871 -4.814402 1.444316 3.353682 -1
1 3.797115 0.013871 -3.308628 1.111940 3.353682 -1
1 4.844971 6.146917 -1.132731 0.772560 2.273137 -1
1 4.844971 0.013871 -1.132730 0.772560 3.353682 -1
1 4.844971 0.013871 1.282347 0.429974 3.353682 -1
1 3.797115 0.013871 3.458242 0.090594 3.353682 -1
1 1.908934 0.013869 4.964028 -0.241782 3.353682 -1
1 -0.445585 0.013871 5.501427 -0.568733 3.353682 -1
1 -2.800109 0.013869 4.964028 -0.895684 3.353682 -1
1 -4.688285 0.013871 3.458254 -1.228060 3.353682 -1
1 -5.736141 0.013871 1.282347 -1.567440 3.353682 -1
1 -4.688285 0.013871 -3.308628 2.430593 3.353682 -1
1 -5.736141 0.013871 -1.132730 2.769974 3.353682 -1
1 -0.445585 50.964119 -3.286049 0.500000 -4.998486 -1
1 -1.903807 50.964119 -2.953230 0.775800 -4.998486 -1
1 -2.002666 51.413544 -3.158508 0.909915 0.224200 -1
1 -3.073209 50.964127 -2.020658 0.551881 -4.998486 -1
1 -3.722178 50.964123 -0.673056 0.358554 -4.998486 -1
1 -3.944314 51.413544 0.074800 0.500000 -0.119717 -1
1 -3.251344 51.413536 2.312327 0.216330 0.003026 -1
1 -3.722178 50.964127 0.822660 0.641446 -4.998486 -1
1 -3.073209 50.964123 2.170255 0.896324 -4.998486 -1
1 -3.073209 50.964123 2.170255 0.000084 -4.998486 -1
1 -1.903807 50.964127 3.102825 0.224200 -4.998486 -1
1 -0.445585 50.964119 3.435656 0.500000 -4.998486 -1
1 2.182034 50.964123 2.170255 0.551881 -4.998486 -1
1 2.831008 50.964127 0.822660 0.358554 -4.998486 -1
1 3.053139 51.413544 0.074800 0.500000 1.119717 -1
1 2.182034 50.964127 -2.020658 0.448204 -4.998486 -1
1 2.831008 50.964123 -0.673062 0.641446 -4.998486 -1
1 1.012632 50.964119 -2.953230 0.224200 -4.998486 -1
1 -5.736141 0.013871 -1.132730 -1.910026 3.353682 -1
1 -1.903807 50.964119 -2.953230 2.098218 -5.622940 -1
1 -0.445585 50.964119 -3.286049 1.771267 -5.622940 -1
1 -3.306928 51.413532 0.074799 0.500000 -0.119717 -1
1 -2.229601 51.413528 -2.162286 0.846792 0.113613 -1
1 -0.445585 51.413528 -2.860121 0.954972 0.500000 -1
1 -0.445585 47.745087 -2.860121 0.954972 0.500000 -1
1 1.012632 50.964127 3.102825 -0.241782 -5.622940 -1
1 -3.306928 47.745090 0.074798 0.500000 -0.119717 -1
1 -2.229601 47.745090 -2.162286 0.846792 0.113613 -1
1 1.012632 50.964127 3.102825 0.775800 -4.998486 -1
1 1.534639 12.166105 -4.037182 1.444316 1.212652 -1
1 1.908934 0.013871 -4.814402 -0.056655 0.874530 -1
1 -2.800109 0.013871 -4.814402 -0.056655 0.125471 -1
1 -0.445585 0.013869 -5.351810 -0.117840 0.500000 -1
1 -4.688285 0.013871 -3.308628 0.114783 -0.174879 -1
1 3.797115 0.013871 -3.308628 0.114783 1.174879 -1
1 -5.736141 0.013871 -1.132730 0.362517 -2.298832 -1
1 4.844971 0.013871 -1.132730 0.362518 1.341560 -1
1 -5.736141 0.013871 1.282347 0.637482 -2.298832 -1
1 4.844971 0.013871 1.282347 0.637483 1.341560 -1
1 -4.688285 0.013871 3.458254 0.885217 -0.174879 -1
1 3.797115 0.013871 3.458242 0.885217 1.174879 -1
1 -2.800109 0.013869 4.964028 1.060914 0.125470 -1
1 1.908934 0.013869 4.964028 1.060914 0.874529 -1
1 -0.445585 0.013871 5.501427 1.122100 0.500000 -1
1 1.012632 50.964119 -2.953230 1.444316 -5.622940 -1
1 2.182034 50.964123 2.170255 0.090594 -5.622940 -1
133
-0.953905 0.030755 -0.298528
-0.731940 0.030475 -0.680687
-0.795369 0.168668 -0.582185
-0.965074 0.045463 -0.258003
-0.999543 0.030218 -0.000000
-0.999543 0.030218 -0.000000
-0.953130 0.067238 0.294994
-0.745348 0.219761 0.629413
-0.824958 0.030625 0.564363
-0.900557 0.030218 0.433686
-0.075827 0.030475 0.996655
-0.500750 0.030475 0.865055
-0.408105 0.301613 0.861673
0.006177 0.301612 0.953411
0.988540 0.030475 -0.147852
0.954794 0.030475 0.295703
0.951727 0.259210 0.164395
0.910990 0.300825 -0.282136
0.826494 0.030475 -0.562121
0.714244 0.209781 -0.667718
-0.989338 0.011294 0.145201
-0.987608 0.009330 -0.156662
-0.727601 0.060561 0.683322
-0.506269 0.058982 0.860356
-0.777352 0.050028 -0.627073
-0.568159 0.080989 -0.818924
-0.105323 0.099459 -0.989452
0.200023 0.059623 -0.977975
0.619870 0.029093 -0.784165
0.798349 -0.000000 -0.602195
-0.390881 0.201715 -0.898066
-0.002198 0.029071 -0.999575
0.072386 0.299209 -0.951438
-0.996074 0.088522 -0.000000
-0.997006 0.077279 -0.002799
-0.964765 0.152460 0.214438
-0.860410 0.119277 -0.495446
-0.047386 0.249036 -0.967334
-0.575647 0.194429 -0.794247
0.421219 0.287067 -0.860330
0.441324 0.353237 -0.824898
0.759359 0.327406 -0.562298
0.462404 0.249038 0.850978
0.852625 0.198635 0.483295
0.771200 0.259466 0.581316
0.419234 0.301613 0.856314
-0.006220 0.287068 0.957890
-0.421218 0.287069 0.860330
-0.763725 0.297532 0.572887
-0.125263 0.029333 -0.991690
-0.433844 0.043691 -0.899928
0.364285 -0.000000 -0.931287
0.732280 -0.000000 -0.681004
0.962135 0.257058 -0.090650
0.955238 -0.000000 -0.295839
0.980135 0.019733 0.197348
0.781344 0.043691 0.622569
0.543137 0.029333 0.839132
0.075861 0.000000 0.997118
-0.364283 0.000000 0.931288
-0.732280 0.000000 0.681003
-0.967030 0.035369 0.252193
-0.814202 0.043297 -0.578965
-0.899699 0.053076 -0.433272
-0.199479 -0.443087 -0.874003
-0.868347 0.266657 -0.418172
-0.909665 -0.218272 0.353364
-0.963275 -0.220049 0.153884
-0.923563 -0.300791 0.237817
-0.807690 -0.443108 0.388963
-0.558936 -0.443117 0.700884
-0.492881 0.050055 0.868656
-0.314149 0.771212 0.553663
-0.166338 0.874482 0.455646
-0.217555 0.210069 0.953174
0.039656 0.215055 0.975797
0.585678 0.658461 0.472663
0.968486 -0.096811 0.229484
0.758319 0.650397 -0.044007
0.724775 0.411563 -0.552555
0.968486 -0.096813 -0.229482
0.416124 0.350194 -0.839169
0.409188 0.695049 -0.591161
-0.998624 0.052393 -0.002102
-0.433679 0.030563 -0.900549
-0.002197 0.030886 -0.999520
0.000007 1.000000 -0.000006
-0.251932 0.940085 -0.229717
0.000018 0.994426 -0.105439
-0.168362 0.973697 -0.153523
-0.487430 0.841018 -0.234736
-0.431298 0.529212 -0.730696
-0.750638 0.307601 -0.584742
-0.481608 0.869495 -0.109695
-0.041264 0.045587 0.998108
0.129292 0.000000 0.991607
0.364116 0.030475 0.930855
0.987360 -0.000000 -0.158496
0.987360 0.000000 0.158496
0.769290 -0.000000 0.638900
0.578696 0.000000 0.815543
0.000007 1.000000 0.000001
0.000018 1.000000 -0.000007
0.186791 0.970207 0.154294
0.491106 0.544506 0.679947
0.000007 1.000000 0.000017
0.137770 0.681331 -0.718893
0.086448 0.685316 -0.723097
0.196598 0.468379 -0.861377
0.416126 0.350200 0.839166
0.196601 0.468386 0.861372
0.294223 0.205697 0.933339
-0.896472 -0.443101 0.000001
-0.558948 -0.443089 -0.700891
0.365460 0.028990 -0.930376
0.000000 1.000000 0.000000
0.000000 1.000000 -0.000001
0.000000 1.000000 -0.000001
0.000000 1.000000 -0.000001
0.000000 1.000000 -0.000002
0.000000 1.000000 -0.000003
0.000000 1.000000 -0.000005
0.000000 -1.000000 0.000001
0.000000 -1.000000 0.000002
0.000000 -1.000000 0.000004
0.000000 -1.000000 0.000000
-0.000000 -1.000000 -0.000000
-0.000000 -1.000000 -0.000001
-0.000000 -1.000000 0.000000
0.000000 -1.000000 0.000001
0.000000 -1.000000 0.000004
0.503307 0.030755 -0.863560
0.731938 0.030475 0.680689
148
1 0 1 2 0 1 2 1
1 2 3 0 2 3 0 1
1 4 0 3 4 0 3 1
1 3 5 4 3 5 4 1
1 6 7 8 6 7 8 1
1 8 9 6 8 9 6 1
1 10 11 12 10 11 12 1
1 12 13 10 12 13 10 1
1 14 15 16 14 15 16 1
1 16 17 14 16 17 14 1
1 18 14 17 18 14 17 1
1 17 19 18 17 19 18 1
1 20 21 22 20 21 22 1
1 20 22 23 20 22 23 1
1 24 21 20 24 21 20 1
1 24 25 21 24 25 21 1
1 26 27 25 26 27 25 1
1 26 25 24 26 25 24 1
1 28 29 27 28 29 27 1
1 28 27 26 28 27 26 1
1 30 31 32 30 31 32 1
1 6 33 34 6 33 34 1
1 34 35 6 34 35 6 1
1 2 36 3 2 36 3 1
1 37 38 30 37 38 30 1
1 30 32 37 30 32 37 1
1 39 37 32 39 37 32 1
1 32 40 39 32 40 39 1
1 41 39 40 41 39 40 1
1 40 19 41 40 19 41 1
1 42 43 44 42 43 44 1
1 44 45 42 44 45 42 1
1 46 42 45 46 42 45 1
1 45 13 46 45 13 46 1
1 47 46 13 47 46 13 1
1 13 12 47 13 12 47 1
1 48 47 12 48 47 12 1
1 12 7 48 12 7 48 1
1 35 48 7 35 48 7 1
1 36 2 38 36 2 38 1
1 2 30 38 2 30 38 1
1 38 37 49 38 37 49 1
1 49 50 38 49 50 38 1
1 37 39 51 37 39 51 1
1 51 49 37 51 49 37 1
1 39 41 52 39 41 52 1
1 52 51 39 52 51 39 1
1 41 53 54 41 53 54 1
1 54 52 41 54 52 41 1
1 53 43 55 53 43 55 1
1 55 54 53 55 54 53 1
1 56 55 43 56 55 43 1
1 43 42 57 43 42 57 1
1 57 56 43 57 56 43 1
1 42 46 58 42 46 58 1
1 58 57 42 58 57 42 1
1 46 47 59 46 47 59 1
1 59 58 46 59 58 46 1
1 47 48 60 47 48 60 1
1 60 59 47 60 59 47 1
1 61 60 48 61 60 48 1
1 36 38 62 36 38 62 1
1 62 63 36 62 63 36 1
1 50 62 38 50 62 38 1
1 64 65 66 64 64 64 3
1 67 68 69 65 65 65 2
1 70 69 71 66 67 68 5
1 71 72 70 68 69 66 5
1 73 74 70 70 71 72 4
1 27 70 74 73 72 71 4
1 74 75 27 74 75 75 3
1 76 77 78 76 77 78 2
1 79 78 80 79 78 80 2
1 79 81 22 79 81 82 2
1 78 79 22 78 79 82 2
1 82 61 35 83 61 35 1
1 82 35 34 83 35 34 1
1 48 35 61 48 35 61 1
1 30 1 83 30 1 84 1
1 30 2 1 30 2 1 1
1 84 31 30 85 31 30 1
1 84 30 83 85 30 84 1
1 27 29 70 73 86 72 4
1 67 69 85 87 88 89 3
1 85 86 67 89 90 87 3
1 66 67 86 91 92 93 6
1 23 22 87 23 22 94 1
1 23 87 88 23 94 95 1
1 7 12 11 7 12 11 1
1 7 11 8 7 11 8 1
1 13 89 10 13 96 10 1
1 13 45 89 13 45 96 1
1 90 29 28 97 29 28 1
1 90 85 29 97 98 29 1
1 91 85 90 99 98 97 1
1 91 86 85 99 100 98 1
1 88 86 91 95 100 99 1
1 88 87 86 95 94 100 1
1 69 70 29 101 72 86 4
1 69 29 85 88 102 89 3
1 76 21 25 76 103 104 2
1 76 78 21 76 78 103 2
1 78 22 21 78 82 103 2
1 87 66 86 105 105 105 5
1 66 87 64 91 106 106 6
1 22 64 87 107 107 107 4
1 64 22 81 108 82 81 2
1 77 80 78 77 80 78 2
1 92 76 25 109 76 104 2
1 75 92 25 110 109 104 2
1 75 25 27 75 111 75 3
1 68 71 69 112 68 67 5
1 65 67 66 113 92 91 6
1 44 43 16 44 43 16 1
1 16 53 17 16 53 17 1
1 16 43 53 16 43 53 1
1 17 41 19 17 41 19 1
1 17 53 41 17 53 41 1
1 7 6 35 7 6 35 1
1 19 40 93 19 40 114 1
1 93 32 31 114 32 31 1
1 93 40 32 114 40 32 1
1 26 24 28 115 116 117 2
1 20 28 24 117 117 116 2
1 28 20 90 117 117 118 2
1 23 90 20 119 118 117 2
1 90 23 91 118 119 120 2
1 88 91 23 121 120 119 2
1 94 95 96 122 123 124 1
1 95 94 97 123 122 125 1
1 98 97 94 125 125 122 1
1 97 98 99 125 125 125 1
1 100 99 98 125 125 125 1
1 99 100 101 125 125 125 1
1 102 101 100 125 125 125 1
1 101 102 103 125 125 126 1
1 104 103 102 127 126 125 1
1 103 104 105 126 127 128 1
1 106 105 104 129 128 127 1
1 107 105 106 130 128 129 1
1 84 108 93 85 131 114 1
1 84 93 31 85 114 31 1
1 19 93 108 19 114 131 1
1 19 108 18 19 131 18 1
1 44 16 15 44 16 15 1
1 44 15 109 44 15 132 1
1 45 44 109 45 44 132 1
1 45 109 89 45 132 96 1
"MDL-Objec2" 1 1
473
1 -1.145196 4.773063 -8.122370 0.750000 1.000000 -1
1 -1.284646 5.062625 -8.120415 0.928572 0.000000 -1
1 -1.611065 4.727071 -8.117483 0.321428 1.000000 -1
1 -3.775705 3.137010 -5.192215 0.483292 0.005298 -1
1 -3.523919 3.140344 -5.190342 0.002867 0.005298 -1
1 -3.523919 3.140344 -6.006090 0.002866 1.004299 -1
1 -3.773849 3.137841 -6.004686 0.483291 1.004299 -1
1 -3.773849 1.688695 -5.191746 1.011330 0.992625 -1
1 -3.775705 3.137010 -5.192215 1.011330 0.007375 -1
1 -3.773849 3.137841 -6.004686 0.491389 0.007375 -1
1 -3.775705 1.689527 -6.004217 0.491389 0.992624 -1
1 2.966047 0.009839 -7.809828 -0.235413 1.783631 -1
1 2.966047 0.009839 -3.921520 1.235414 1.783631 -1
1 -3.820824 0.009839 -3.921520 1.235413 -0.783631 -1
1 -3.820824 0.009839 -7.809828 -0.235414 -0.783631 -1
1 0.678614 5.015025 -8.579161 -0.035714 0.800000 -1
1 0.531286 4.453021 -8.741516 0.419643 0.600000 -1
1 0.418290 4.784421 -8.117483 0.285714 1.000000 -1
1 0.678614 4.637549 -9.160923 -0.035714 0.500000 -1
1 -1.337643 4.802812 -8.995663 0.464286 0.600000 -1
1 -1.337643 5.015025 -8.579161 -0.035714 0.800000 -1
1 0.469619 3.327209 -5.921141 0.400714 0.793846 -1
1 1.055624 3.327211 -5.728613 0.436329 0.999500 -1
1 -0.367693 3.327209 -5.999496 0.386219 0.500000 -1
1 1.055624 3.327211 -4.769369 0.613781 0.999500 -1
1 -1.205006 3.327209 -5.921141 0.400714 0.206154 -1
1 -1.791010 3.327211 -5.728613 0.436329 0.000500 -1
1 0.469619 3.327211 -4.769369 0.613781 0.793846 -1
1 -0.367693 3.327211 -4.769369 0.613781 0.500000 -1
1 -1.205006 3.327211 -4.769369 0.613781 0.206154 -1
1 -1.791010 3.327211 -4.769369 0.613781 0.000500 -1
1 0.469619 5.624116 -4.769371 0.386219 0.793846 -1
1 1.055624 5.408288 -4.769371 0.386219 0.999500 -1
1 1.055624 5.408286 -5.728613 0.563671 0.999500 -1
1 -0.367693 5.702722 -5.999498 0.613781 0.500000 -1
1 -0.367693 5.702724 -4.769371 0.386219 0.500000 -1
1 -1.634653 4.253373 -9.024881 0.321429 0.400000 -1
1 -1.205006 5.624116 -4.769371 0.386219 0.206154 -1
1 -1.791010 5.408286 -5.728613 0.563671 0.000500 -1
1 -1.276649 4.560794 -8.517914 0.593750 0.750000 -1
1 -1.270831 4.077830 -9.066832 0.607143 0.300000 -1
1 -1.337643 4.472285 -9.326187 0.464286 0.400000 -1
1 -1.791010 5.408288 -4.769371 0.386219 0.000500 -1
1 2.518578 0.181270 -9.779543 0.618929 0.884525 -1
1 2.518578 0.724193 -10.526819 0.814387 0.739651 -1
1 3.329077 1.602658 -9.317705 0.498130 0.505239 -1
1 2.518578 1.602658 -10.812244 0.889045 0.505239 -1
1 2.518578 2.481126 -10.526817 0.814387 0.270828 -1
1 -1.613690 3.988564 -9.331484 0.223214 0.200000 -1
1 -1.284646 4.047908 -9.514122 -0.035714 0.200000 -1
1 -1.284646 4.047908 -9.514122 0.928572 0.200000 -1
1 -1.634653 3.599418 -9.237770 0.321429 0.000000 -1
1 -1.284646 3.600744 -9.119934 0.607143 0.000000 -1
1 2.518578 0.181270 -8.855869 0.320365 0.000499 -1
1 -3.505557 0.181268 -8.855867 0.320365 0.999500 -1
1 -3.505557 0.181268 -9.779545 0.555095 0.999500 -1
1 -1.396472 3.599750 -9.610130 0.392338 0.000000 -1
1 -3.523919 1.686191 -7.010309 0.002866 0.003615 -1
1 -3.773849 1.688691 -6.195976 0.483291 1.002615 -1
1 -3.775705 1.689527 -7.008440 0.483291 0.003615 -1
1 -3.523919 1.686191 -6.194572 0.002867 1.002616 -1
1 -3.775705 3.137008 -6.196442 0.483292 0.005298 -1
1 -3.523919 3.140344 -6.194572 0.002867 0.005298 -1
1 -3.523919 3.140344 -7.010311 0.002866 1.004299 -1
1 -3.773849 3.137841 -7.008907 0.483291 1.004299 -1
1 -1.634653 4.715714 -5.146200 0.321429 1.000000 -1
1 -1.145196 4.773063 -8.122370 0.714285 0.000000 -1
1 -1.231644 4.623731 -5.146200 0.607143 1.000000 -1
1 -1.337643 4.572680 -8.123348 0.535714 0.000000 -1
1 -1.561294 5.037101 -8.123348 0.107143 0.000000 -1
1 -1.660831 4.830413 -8.123348 0.250000 0.000000 -1
1 -1.544974 5.016633 -5.146200 0.107143 1.000000 -1
1 -3.773849 1.688691 -6.195976 1.011330 0.992625 -1
1 -3.773849 3.137841 -7.008907 0.491389 0.007375 -1
1 -3.775705 1.689527 -7.008440 0.491389 0.992624 -1
1 -3.775705 3.137008 -6.196442 1.011330 0.007375 -1
1 -3.029308 0.040761 -8.424877 -10.222345 2.811180 -1
1 -3.348508 0.040763 -10.216764 10.112076 -0.811180 -1
1 -3.029308 0.010457 -10.539572 13.775312 2.811180 -1
1 -3.348508 0.010457 -8.111788 -13.775312 -0.811180 -1
1 -0.444140 4.467425 -8.560223 0.464286 0.700000 -1
1 -0.136954 4.887765 -8.121199 0.391529 0.024758 -1
1 -0.521663 4.793080 -8.117485 0.276786 1.000000 -1
1 -0.171812 4.590056 -8.632618 0.678571 0.700000 -1
1 -0.632958 4.415540 -8.976501 0.232143 0.475000 -1
1 -3.188910 0.623685 -8.297844 -11.663984 1.000000 -1
1 -0.329396 5.015025 -8.579161 -0.035714 0.800000 -1
1 -3.188910 0.623685 -10.353516 11.663984 1.000000 -1
1 -0.329396 4.637549 -9.160923 -0.035714 0.500000 -1
1 -0.246066 4.089118 -9.084047 0.625000 0.300000 -1
1 0.731620 4.598205 -8.117483 0.571428 1.000000 -1
1 0.842745 4.126101 -9.136631 0.696428 0.300000 -1
1 0.678614 5.015025 -8.579161 0.964286 0.800000 -1
1 2.012706 0.040763 -10.216764 10.112076 -0.811180 -1
1 2.331906 0.040763 -10.216764 10.112076 2.811180 -1
1 2.172304 0.010457 -8.111788 -13.775312 1.000000 -1
1 2.172304 0.623685 -10.353516 11.663984 1.000000 -1
1 2.172304 0.623685 -8.297834 -11.663984 1.000000 -1
1 -3.505557 2.481124 -8.108604 -0.337832 0.999500 -1
1 2.518578 2.481126 -8.108604 -0.337832 0.000499 -1
1 2.518578 3.024049 -8.855869 -0.564905 0.000499 -1
1 -0.329396 4.637549 -9.160923 0.964286 0.500000 -1
1 2.518578 0.181270 -8.855869 0.377330 0.884525 -1
1 4.814368 6.190464 0.062670 0.476705 0.305271 -1
1 4.661298 6.190464 0.062670 0.476705 0.247366 -1
1 4.705276 6.190464 -0.554867 0.243111 0.264008 -1
1 4.552206 6.190464 0.680205 0.710300 0.206102 -1
1 4.705276 6.190464 0.680205 0.710300 0.264008 -1
1 4.552206 6.190464 -0.554867 0.243111 0.206102 -1
1 -3.505557 1.602658 -10.812244 0.889045 0.505239 -1
1 -3.505557 0.724191 -10.526817 0.814387 0.739651 -1
1 -4.316055 1.602658 -9.317705 0.498130 0.505239 -1
1 -0.329396 4.055795 -9.538403 0.464286 0.200000 -1
1 -0.276399 3.600744 -9.119934 0.607143 0.000000 -1
1 -0.284202 3.598888 -9.547483 0.499741 0.000000 -1
1 4.552206 6.503852 0.680206 0.289700 0.206102 -1
1 4.814368 6.503854 0.062670 0.523295 0.305271 -1
1 4.661298 6.503854 0.062670 0.523295 0.247366 -1
1 4.705276 6.503854 -0.554866 0.756889 0.264008 -1
1 4.552206 6.503854 -0.554866 0.756889 0.206102 -1
1 4.705276 6.503852 0.680206 0.289700 0.264008 -1
1 7.005476 7.079114 -0.731581 -0.134098 0.275679 -1
1 7.005476 6.989778 -0.731581 -0.134098 0.309472 -1
1 4.481709 7.028066 -0.731581 0.820563 0.292575 -1
1 7.005476 6.989778 0.854143 1.134098 0.309472 -1
1 7.005476 7.079114 0.854143 1.134098 0.275679 -1
1 4.481709 7.019556 0.854143 0.179437 0.292575 -1
1 -0.626411 3.599418 -9.237770 0.321429 0.000000 -1
1 -3.505557 2.481124 -8.108604 0.181872 0.270828 -1
1 -3.505557 3.024049 -8.855869 0.377330 0.125953 -1
1 4.690471 6.403503 0.588461 0.741595 0.531243 -1
1 4.589972 6.403503 0.588461 0.779612 0.531243 -1
1 4.589972 7.028858 0.588462 0.779612 0.294689 -1
1 4.690471 7.028858 0.588462 0.741595 0.294689 -1
1 4.589972 7.028858 0.588462 0.220388 0.294689 -1
1 4.690471 6.403503 0.588461 0.258405 0.531243 -1
1 4.690471 7.028858 0.588462 0.258405 0.294689 -1
1 4.589972 6.403503 0.588461 0.220388 0.531243 -1
1 4.690471 6.403501 -0.468925 0.741595 0.531243 -1
1 4.589972 6.403501 -0.468925 0.779612 0.531243 -1
1 4.589972 7.028858 -0.468926 0.779612 0.294689 -1
1 4.690471 7.028858 -0.468926 0.741595 0.294689 -1
1 4.589972 7.028858 -0.468926 0.220388 0.294689 -1
1 4.589972 6.403501 -0.468925 0.220388 0.531243 -1
1 4.690471 6.403501 -0.468925 0.258405 0.531243 -1
1 4.690471 7.028858 -0.468926 0.258405 0.294689 -1
1 0.731620 5.062625 -8.120415 0.928572 0.000000 -1
1 6.634373 6.832408 0.760580 0.740706 0.993724 -1
1 6.658544 6.850048 -0.631742 0.203767 0.993724 -1
1 6.940531 6.832408 -0.658880 0.203767 1.109534 -1
1 6.917834 6.850048 0.737515 0.740706 1.109534 -1
1 6.940531 6.999404 -0.658880 0.796233 1.109534 -1
1 6.634373 6.999404 0.760580 0.259294 0.993724 -1
1 6.940531 6.999404 0.760580 0.259294 1.109534 -1
1 6.634373 6.999404 -0.658880 0.796233 0.993724 -1
1 -1.634653 1.161786 -9.466526 0.716942 0.950484 -1
1 -1.231644 1.161790 -9.558498 0.890916 0.188255 -1
1 -1.132107 1.161790 -9.351816 0.500000 0.000000 -1
1 0.381618 4.715714 -5.146200 0.716942 0.950484 -1
1 0.560975 4.572682 -5.146200 0.987464 0.611260 -1
1 0.784627 4.623731 -5.146200 0.890916 0.188255 -1
1 -3.248739 4.454249 -7.482067 1.140339 0.031952 -1
1 2.393961 4.454249 -7.482067 -0.140339 0.031952 -1
1 -3.549008 4.179795 -7.654093 1.208487 0.094243 -1
1 0.884149 4.830415 -5.146200 0.500000 0.000000 -1
1 2.694221 0.679894 -7.654100 -0.208487 0.888585 -1
1 -3.549008 0.679896 -7.654093 1.208487 0.888585 -1
1 2.518578 0.724193 -8.108604 0.093291 0.000499 -1
1 2.518578 1.602658 -7.823168 -0.122270 0.000499 -1
1 -3.505557 1.602658 -7.823168 -0.122270 0.999500 -1
1 -3.505557 0.724193 -8.108604 0.093291 0.999500 -1
1 2.694221 4.179797 -4.077248 0.094096 0.094243 -1
1 2.393961 4.454249 -7.482067 0.866861 1.140339 -1
1 2.393961 4.454251 -4.249271 0.133139 1.140339 -1
1 -1.634653 1.161788 -9.237114 0.178571 1.000000 -1
1 -1.455295 1.161790 -9.094082 0.035714 1.000000 -1
1 -1.508297 3.602071 -9.119610 0.071429 0.000000 -1
1 -0.626411 4.715714 -5.146200 0.321429 1.000000 -1
1 -0.626411 4.945119 -5.146200 0.178571 1.000000 -1
1 -0.652590 4.830413 -8.123348 0.250000 0.000000 -1
1 2.694221 0.679896 -4.077250 0.094096 0.888585 -1
1 2.694221 0.679894 -7.654100 0.905904 0.888585 -1
1 2.518578 0.181270 -9.779543 0.555095 0.000499 -1
1 2.707367 3.172195 -5.563223 0.933013 0.750000 -1
1 2.707367 3.366288 -5.563221 0.066987 0.750000 -1
1 2.707367 3.269243 -5.731314 0.500000 0.000000 -1
1 0.678614 1.161790 -9.094082 0.012536 0.388740 -1
1 0.381618 1.161786 -9.466526 0.716942 0.950484 -1
1 0.884149 1.161790 -9.351816 0.500000 0.000000 -1
1 -3.523919 3.140344 -6.194572 0.481542 0.000499 -1
1 -3.775705 3.137008 -6.196442 0.001118 0.000499 -1
1 -3.773849 1.688691 -6.195976 0.001118 0.999500 -1
1 -3.523919 1.686191 -6.194572 0.481542 0.999500 -1
1 0.678614 4.637549 -9.160923 0.964286 0.500000 -1
1 0.784627 4.040021 -9.489845 0.892857 0.200000 -1
1 -3.773849 3.137841 -7.008907 0.480924 0.000499 -1
1 -3.523919 3.140344 -7.010311 0.000500 0.000499 -1
1 -3.523919 1.686191 -7.010309 0.000500 0.999500 -1
1 -3.775705 1.689527 -7.008440 0.480924 0.999500 -1
1 -1.561294 4.623727 -8.123348 0.392857 0.000000 -1
1 0.678614 4.055795 -9.538403 0.464286 0.200000 -1
1 0.619794 3.599750 -9.610130 0.000000 0.000000 -1
1 0.678614 1.161788 -9.609556 0.987464 0.388740 -1
1 -0.652590 3.602069 -9.351818 0.500000 1.000000 -1
1 -0.553048 3.602069 -9.145134 0.109084 0.811745 -1
1 -0.276399 3.600744 -9.119934 0.060810 0.288498 -1
1 6.789167 6.873567 -0.636321 0.787700 1.052277 -1
1 6.650002 6.873567 -0.497155 0.735059 0.999636 -1
1 6.928332 6.873567 -0.497155 0.735059 1.104918 -1
1 0.560975 1.161788 -9.609556 0.987464 0.611260 -1
1 0.433663 4.111045 -9.134001 0.316964 0.300000 -1
1 0.381618 3.599418 -9.237770 0.321429 0.000000 -1
1 6.940531 6.999404 -0.658880 0.796233 0.305831 -1
1 6.940531 6.999404 0.760580 0.259294 0.305831 -1
1 6.917834 6.850048 0.737515 0.259294 0.369000 -1
1 6.914049 6.852987 -0.627220 0.796233 0.369000 -1
1 0.355439 4.830413 -8.123348 0.500000 1.000000 -1
1 0.454962 5.037101 -8.123348 0.109084 0.811745 -1
1 -1.231644 1.161790 -9.145134 0.109084 0.188255 -1
1 -1.455295 1.161790 -9.094082 0.012536 0.611260 -1
1 -1.337643 4.572680 -8.123348 0.987464 0.388740 -1
1 -1.561294 4.623727 -8.123348 0.890916 0.811745 -1
1 -1.660831 4.830413 -8.123348 0.500000 1.000000 -1
1 6.634373 6.999404 -0.658880 0.006276 0.305831 -1
1 6.940531 6.999404 -0.658880 -0.109534 0.305831 -1
1 6.914049 6.852987 -0.627220 -0.109534 0.369000 -1
1 6.658544 6.850048 -0.631742 0.006276 0.369000 -1
1 6.634373 6.999404 0.760580 0.740706 0.305831 -1
1 6.634373 6.999404 -0.658880 0.203767 0.305831 -1
1 6.658544 6.850048 -0.631742 0.203767 0.369000 -1
1 6.634373 6.832408 0.760580 0.740706 0.369000 -1
1 0.381618 1.161788 -9.237114 0.283058 0.950484 -1
1 6.940531 6.999404 0.760580 1.109534 0.305831 -1
1 6.634373 6.999404 0.760580 0.993724 0.305831 -1
1 6.634373 6.832408 0.760580 0.993724 0.369000 -1
1 6.917834 6.850048 0.737515 1.109534 0.369000 -1
1 -0.553048 4.623727 -8.123348 0.392857 0.000000 -1
1 -0.626411 3.599418 -9.237770 0.283058 0.950484 -1
1 0.678614 4.572680 -8.123348 0.987464 0.388740 -1
1 0.731620 5.062625 -8.120415 0.785715 0.000000 -1
1 -0.447054 5.088149 -5.146198 0.035714 1.000000 -1
1 -0.553048 5.037101 -8.123348 0.108113 0.405873 -1
1 0.857971 4.715713 -8.123348 0.716942 0.049516 -1
1 0.678614 1.161790 -9.094082 0.964286 1.000000 -1
1 0.884149 1.161790 -9.351816 0.750000 1.000000 -1
1 0.857971 3.602069 -9.237114 0.821429 0.000000 -1
1 -3.549008 0.679896 -7.654093 0.094096 0.888585 -1
1 -3.549008 0.679896 -4.077250 0.905904 0.888585 -1
1 -3.248739 4.454251 -4.249264 0.133139 -0.140339 -1
1 -3.248739 4.454251 -4.249264 -0.140339 0.031952 -1
1 2.694221 4.179797 -4.077248 1.208487 0.094243 -1
1 2.393961 4.454251 -4.249271 1.140339 0.031952 -1
1 0.355439 3.602069 -9.351818 0.500000 1.000000 -1
1 0.857971 3.602069 -9.237114 0.283058 0.049516 -1
1 -3.505557 3.024049 -9.779545 1.440365 0.999500 -1
1 2.518578 3.024049 -9.779545 1.440365 0.000499 -1
1 2.518578 2.481126 -10.526817 1.213291 0.000499 -1
1 -3.505557 3.024049 -8.855869 -0.564905 0.999500 -1
1 0.678614 3.602069 -9.094084 0.607143 0.000000 -1
1 0.619794 3.599750 -9.610130 0.696429 0.000000 -1
1 0.560975 5.088149 -5.146198 0.012536 0.611260 -1
1 0.381618 4.945119 -5.146200 0.283058 0.950484 -1
1 -0.447054 1.161790 -9.094082 0.012536 0.611260 -1
1 -0.626411 1.161786 -9.466526 0.716942 0.950484 -1
1 -0.155293 1.161788 -9.271469 0.348036 0.059443 -1
1 -0.223402 1.161790 -9.558498 0.890916 0.188255 -1
1 -3.505557 1.602658 -10.812244 0.997730 0.999500 -1
1 2.518578 1.602658 -10.812244 0.997730 0.000499 -1
1 2.518578 0.724193 -10.526819 0.782168 0.000499 -1
1 -0.447054 1.161788 -9.609556 0.987464 0.611260 -1
1 -0.626411 1.161788 -9.237114 0.283058 0.950484 -1
1 -1.337643 5.015025 -8.579161 0.964286 0.800000 -1
1 -0.626411 1.161788 -9.237114 0.178571 1.000000 -1
1 -0.447054 1.161790 -9.094082 0.035714 1.000000 -1
1 -0.553048 3.602069 -9.145134 0.107143 0.000000 -1
1 -0.626411 3.599418 -9.237770 0.178571 0.000000 -1
1 -1.634653 4.715714 -5.146200 0.716942 0.950484 -1
1 -1.231644 4.623731 -5.146200 0.890916 0.188255 -1
1 -1.132107 4.830415 -5.146200 0.500000 0.000000 -1
1 -0.626411 1.161786 -9.466526 0.321429 1.000000 -1
1 -0.329396 5.015025 -8.579161 0.964286 0.800000 -1
1 -3.505557 2.481124 -10.526821 1.213291 0.999500 -1
1 -1.145196 4.773063 -8.122370 0.608471 0.024758 -1
1 -1.158281 4.945117 -8.123348 0.283058 0.049516 -1
1 -3.505557 0.724191 -10.526817 0.782168 0.999500 -1
1 -0.150039 3.602069 -9.237114 0.283058 0.049516 -1
1 -1.544974 5.016633 -5.146200 0.147797 0.780872 -1
1 0.454962 3.602069 -9.145134 0.109084 0.811745 -1
1 0.678614 3.602069 -9.094084 0.012536 0.388740 -1
1 -1.561294 5.037101 -8.123348 0.109084 0.811745 -1
1 -0.155293 1.161788 -9.271469 0.803572 1.000000 -1
1 -0.223402 1.161790 -9.558498 0.607143 1.000000 -1
1 -1.455295 1.161788 -9.609556 0.987464 0.611260 -1
1 -1.396472 3.599750 -9.610130 0.000000 0.000000 -1
1 -1.158281 3.602069 -9.237114 0.552243 0.024758 -1
1 -1.231644 1.161790 -9.558498 0.607143 1.000000 -1
1 -1.337643 1.161788 -9.609556 0.535714 1.000000 -1
1 -1.396472 3.599750 -9.610130 0.500000 0.000000 -1
1 -1.455295 1.161788 -9.609556 0.464286 1.000000 -1
1 -1.660831 3.602069 -9.351818 0.250000 0.000000 -1
1 -1.634653 1.161786 -9.466526 0.321429 1.000000 -1
1 -1.634653 3.599418 -9.237770 0.178571 0.000000 -1
1 -1.231644 1.161790 -9.145134 0.892857 1.000000 -1
1 -1.284646 3.600744 -9.119934 0.428572 0.000000 -1
1 -1.132107 1.161790 -9.351816 0.750000 1.000000 -1
1 -1.337643 1.161788 -9.609556 0.987464 0.388740 -1
1 -0.447054 1.161788 -9.609556 0.464286 1.000000 -1
1 -1.634653 1.161788 -9.237114 0.283058 0.950484 -1
1 -0.652590 3.602069 -9.351818 0.250000 0.000000 -1
1 -3.523919 1.686191 -6.006092 0.000500 0.999500 -1
1 -3.775705 1.689527 -6.004217 0.480924 0.999500 -1
1 -3.773849 3.137841 -6.004686 0.480924 0.000499 -1
1 -3.523919 3.140344 -6.006090 0.000500 0.000499 -1
1 -6.610761 12.304077 2.294808 1.401280 -0.005654 -1
1 0.676174 12.304079 6.501930 0.957592 -0.005654 -1
1 -4.719836 12.304075 0.056245 0.500003 -0.005654 -1
1 -3.723305 12.304075 -2.681675 1.602336 -0.005654 -1
1 -4.462952 12.304077 -1.400576 1.086543 -0.005654 -1
1 -0.447054 5.088149 -5.146198 0.012536 0.611260 -1
1 -0.626411 4.715714 -5.146200 0.716942 0.950484 -1
1 -0.123865 4.830415 -5.146200 0.500000 0.000000 -1
1 -0.150039 3.602069 -9.237114 0.821429 0.000000 -1
1 -0.276399 3.600744 -9.119934 0.428572 0.000000 -1
1 -3.523919 1.686191 -6.006092 0.002866 0.003615 -1
1 -3.773849 1.688695 -5.191746 0.483291 1.002615 -1
1 -3.775705 1.689527 -6.004217 0.483291 0.003615 -1
1 -3.523919 1.686193 -5.190342 0.002867 1.002616 -1
1 -5.474221 12.304077 4.263359 -3.537322 3.887705 -1
1 -3.723305 12.304077 2.794175 -0.602334 -0.005654 -1
1 -6.610761 12.304077 2.294808 -4.452501 2.302561 -1
1 -3.773849 1.688695 -5.191746 0.001118 0.999500 -1
1 -3.523919 1.686193 -5.190342 0.481542 0.999500 -1
1 -3.523919 3.140344 -5.190342 0.481542 0.000499 -1
1 -3.775705 3.137010 -5.192215 0.001118 0.000499 -1
1 -0.223402 4.623731 -5.146200 0.607143 1.000000 -1
1 -0.329396 4.572680 -8.123348 0.535714 0.000000 -1
1 2.966047 0.009839 -3.921520 -0.235414 1.467323 -1
1 2.966047 0.009839 -7.809828 1.235413 1.467323 -1
1 2.966047 0.562171 -7.809828 1.235413 1.258392 -1
1 2.966047 0.562175 -3.921520 -0.235414 1.258392 -1
1 2.966047 0.562175 -3.921520 -0.235414 1.783631 -1
1 2.966047 0.562171 -7.809828 1.235413 1.783631 -1
1 2.694221 0.679894 -7.654100 1.176507 1.680812 -1
1 2.694221 0.679896 -4.077250 -0.176507 1.680812 -1
1 2.966047 0.009839 -7.809828 -0.783631 1.467323 -1
1 -3.820824 0.009839 -7.809828 1.783631 1.467323 -1
1 -3.820824 0.562171 -7.809828 1.783631 1.258392 -1
1 2.966047 0.562171 -7.809828 -0.783631 1.258392 -1
1 -3.820824 0.562171 -7.809828 1.235414 -0.783631 -1
1 -3.549008 0.679896 -7.654093 1.176507 -0.680812 -1
1 -3.820824 0.009839 -7.809828 -0.235414 1.467323 -1
1 -3.820824 0.009839 -3.921520 1.235413 1.467323 -1
1 -3.820824 0.562175 -3.921520 1.235413 1.258392 -1
1 -3.820824 0.562171 -7.809828 -0.235414 1.258392 -1
1 -3.820824 0.562175 -3.921520 -0.235413 -0.783631 -1
1 -3.549008 0.679896 -4.077250 -0.176507 -0.680812 -1
1 -3.820824 0.009839 -3.921520 -0.783631 1.467323 -1
1 2.966047 0.009839 -3.921520 1.783631 1.467323 -1
1 2.966047 0.562175 -3.921520 1.783631 1.258392 -1
1 -3.820824 0.562175 -3.921520 -0.783631 1.258392 -1
1 0.678614 1.161788 -9.609556 0.535714 1.000000 -1
1 0.619794 3.599750 -9.610130 0.500000 0.000000 -1
1 0.560975 1.161788 -9.609556 0.464286 1.000000 -1
1 0.381618 1.161786 -9.466526 0.321429 1.000000 -1
1 0.355439 3.602069 -9.351818 0.250000 0.000000 -1
1 -0.329396 4.572680 -8.123348 0.987464 0.388740 -1
1 -0.553048 4.623727 -8.123348 0.890916 0.811745 -1
1 -0.652590 4.830413 -8.123348 0.500000 1.000000 -1
1 0.678614 3.602069 -9.094084 -0.035714 0.000000 -1
1 0.454962 3.602069 -9.145134 0.107143 0.000000 -1
1 0.381618 1.161788 -9.237114 0.178571 1.000000 -1
1 0.678614 1.161790 -9.094082 -0.035714 1.000000 -1
1 0.381618 3.599418 -9.237770 0.178571 0.000000 -1
1 0.678614 4.572680 -8.123348 0.535714 0.000000 -1
1 0.784627 4.623731 -5.146200 0.607143 1.000000 -1
1 0.560975 4.572682 -5.146200 0.464286 1.000000 -1
1 0.857971 4.715713 -8.123348 0.678571 0.000000 -1
1 -1.660831 3.602069 -9.351818 0.500000 1.000000 -1
1 0.454962 4.623727 -8.123348 0.392857 0.000000 -1
1 0.381618 4.715714 -5.146200 0.321429 1.000000 -1
1 0.355439 4.830413 -8.123348 0.250000 0.000000 -1
1 0.454962 5.037101 -8.123348 0.107143 0.000000 -1
1 0.381618 4.945119 -5.146200 0.178571 1.000000 -1
1 0.560975 5.088149 -5.146198 0.035714 1.000000 -1
1 0.884149 4.830415 -5.146200 0.750000 1.000000 -1
1 -1.284646 3.600744 -9.119934 0.060810 0.288498 -1
1 1.055624 3.327211 -4.769369 0.386219 0.966823 -1
1 1.055624 3.327211 -5.728613 0.563671 0.966823 -1
1 1.055624 5.408286 -5.728613 0.563671 0.148899 -1
1 1.055624 5.408288 -4.769371 0.386219 0.148899 -1
1 1.055624 3.327211 -5.728613 0.000500 0.966823 -1
1 0.469619 3.327209 -5.921141 0.206154 0.966823 -1
1 1.055624 5.408286 -5.728613 0.000500 0.148899 -1
1 -0.626411 4.945119 -5.146200 0.283058 0.950484 -1
1 -0.367693 3.327209 -5.999496 0.500000 0.966823 -1
1 -0.367693 5.702722 -5.999498 0.500000 0.033177 -1
1 -1.205006 3.327209 -5.921141 0.793846 0.966823 -1
1 -1.791010 5.408286 -5.728613 0.999500 0.148899 -1
1 -1.791010 3.327211 -5.728613 0.999500 0.966823 -1
1 -0.223402 4.623731 -5.146200 0.890916 0.188255 -1
1 -1.791010 3.327211 -5.728613 0.436329 0.966823 -1
1 -1.791010 3.327211 -4.769369 0.613781 0.966823 -1
1 -1.791010 5.408288 -4.769371 0.613781 0.148899 -1
1 -1.791010 5.408286 -5.728613 0.436329 0.148899 -1
1 -1.791010 3.327211 -4.769369 0.000500 0.966823 -1
1 -1.205006 3.327211 -4.769369 0.206154 0.966823 -1
1 -1.205006 5.624116 -4.769371 0.206154 0.064073 -1
1 -1.791010 5.408288 -4.769371 0.000500 0.148899 -1
1 -0.367693 3.327211 -4.769369 0.500000 0.966823 -1
1 -0.367693 5.702724 -4.769371 0.500000 0.033177 -1
1 0.469619 3.327211 -4.769369 0.793846 0.966823 -1
1 0.469619 5.624116 -4.769371 0.793846 0.064073 -1
1 1.055624 3.327211 -4.769369 0.999500 0.966823 -1
1 1.055624 5.408288 -4.769371 0.999500 0.148899 -1
1 6.658544 6.850048 -0.631742 -0.015054 0.353431 -1
1 6.914049 6.852987 -0.627220 -0.089500 0.353431 -1
1 6.650002 6.873567 -0.497155 0.264941 0.353431 -1
1 6.928332 6.873567 -0.497155 0.735059 0.353431 -1
1 6.789167 6.873567 -0.636321 -0.052277 0.353431 -1
1 -0.123865 4.830415 -5.146200 0.750000 1.000000 -1
1 0.381618 3.599418 -9.237770 0.283058 0.950484 -1
1 -3.505557 3.024049 -9.779545 0.618929 0.125953 -1
1 -3.505557 2.481124 -10.526821 0.814387 0.270828 -1
1 2.518578 3.024049 -9.779545 0.618929 0.125953 -1
1 2.518578 3.024049 -8.855869 0.377330 0.125953 -1
1 -3.549008 4.179795 -7.654093 0.094096 0.094243 -1
1 -3.248739 4.454249 -7.482067 0.866861 -0.140339 -1
1 2.707367 3.172197 -4.702782 0.933013 0.750000 -1
1 2.707367 3.366290 -4.702780 0.066987 0.750000 -1
1 2.707367 3.269243 -4.870872 0.500000 0.000000 -1
1 -3.549008 0.679896 -4.077250 -0.208487 0.888585 -1
1 2.694221 0.679896 -4.077250 1.208487 0.888585 -1
1 -3.505557 0.181268 -9.779545 0.618929 0.884525 -1
1 -1.634653 3.599418 -9.237770 0.283058 0.950484 -1
1 -1.508297 3.602071 -9.119610 0.060810 0.711502 -1
1 0.454962 4.623727 -8.123348 0.890916 0.811745 -1
1 -3.505557 1.602658 -7.823168 0.107214 0.505239 -1
1 -3.505557 0.724193 -8.108604 0.181872 0.739651 -1
1 -3.505557 0.181268 -8.855867 0.377330 0.884525 -1
1 -3.505557 3.024049 -8.855869 1.675095 0.999500 -1
1 2.518578 3.024049 -8.855869 1.675095 0.000499 -1
1 0.678614 3.602069 -9.094084 0.964286 0.000000 -1
1 4.705276 6.190464 0.680205 0.289700 0.611828 -1
1 4.814368 6.190464 0.062670 0.523295 0.611828 -1
1 4.814368 6.503854 0.062670 0.523295 0.493283 -1
1 4.705276 6.503852 0.680206 0.289700 0.493283 -1
1 2.518578 0.724193 -8.108604 0.181872 0.739651 -1
1 4.705276 6.190464 -0.554867 0.756889 0.611828 -1
1 4.705276 6.503854 -0.554866 0.756889 0.493283 -1
1 4.705276 6.190464 -0.554867 0.735992 0.611828 -1
1 4.552206 6.190464 -0.554867 0.793898 0.611828 -1
1 4.552206 6.503854 -0.554866 0.793898 0.493283 -1
1 2.518578 1.602658 -7.823168 0.107214 0.505239 -1
1 4.705276 6.503854 -0.554866 0.735992 0.493283 -1
1 4.552206 6.190464 -0.554867 0.243111 0.611828 -1
1 4.661298 6.190464 0.062670 0.476705 0.611828 -1
1 4.661298 6.503854 0.062670 0.476705 0.493283 -1
1 2.518578 2.481126 -8.108604 0.181872 0.270828 -1
1 6.658544 6.850048 -0.631742 0.772282 1.015054 -1
1 4.552206 6.503854 -0.554866 0.243111 0.493283 -1
1 4.552206 6.190464 0.680205 0.710300 0.611828 -1
1 4.552206 6.503852 0.680206 0.710300 0.493283 -1
1 6.914049 6.852987 -0.627220 0.772282 1.089500 -1
1 4.552206 6.190464 0.680205 0.206102 0.611828 -1
1 4.705276 6.190464 0.680205 0.264008 0.611828 -1
1 4.705276 6.503852 0.680206 0.264008 0.493283 -1
1 -1.132107 4.830415 -5.146200 0.750000 1.000000 -1
1 -1.158281 4.945117 -8.123348 0.821429 0.000000 -1
1 4.552206 6.503852 0.680206 0.206102 0.493283 -1
1 7.005476 6.989778 -0.731581 0.823732 0.309472 -1
1 7.005476 7.079114 -0.731581 0.823732 0.275679 -1
1 7.005476 7.079114 0.854143 0.223901 0.275679 -1
1 7.005476 6.989778 0.854143 0.223901 0.309472 -1
451
0.010649 -0.001623 0.999942
-0.841051 0.211334 0.497966
-0.763405 0.570672 0.302566
-0.011623 0.999932 0.000500
-0.013240 0.999912 0.000000
-0.010006 0.999949 0.001001
-1.000000 0.000000 0.000000
-0.999997 -0.001283 -0.002287
-0.999997 0.001283 0.002287
0.000000 -1.000000 0.000000
-0.859438 0.477062 -0.183787
-0.992326 0.072539 -0.100132
-0.888781 0.120538 0.442198
-0.888397 0.356766 -0.288910
-0.909741 0.368510 -0.191237
-0.952549 -0.271209 0.138185
-0.000001 -1.000000 0.000014
0.000000 -1.000000 0.000007
0.000000 -1.000000 0.000005
-0.000000 -1.000000 0.000002
-0.000001 -1.000000 0.000003
-0.000000 -1.000000 0.000001
0.221498 0.971597 -0.083296
0.345609 0.938379 -0.000002
0.215318 0.974974 -0.055358
-0.036731 0.998901 -0.029117
0.067816 0.996155 -0.055465
-0.740752 0.457209 -0.492185
-0.220266 0.975014 -0.028821
-0.282427 0.958321 -0.043087
0.991008 0.100049 -0.088846
0.992145 0.098946 -0.076542
0.994946 0.079098 -0.061853
0.990105 0.121270 -0.070615
-0.345609 0.938379 -0.000002
-0.279830 -0.729195 0.624476
-0.025209 -0.851039 0.524497
-0.153574 -0.798433 0.582168
0.879056 -0.453387 -0.147313
0.879057 -0.280207 -0.385673
1.000000 -0.000000 0.000001
-0.780350 0.316061 -0.539592
0.879056 0.000000 -0.476718
0.879057 0.280207 -0.385673
-0.283756 -0.735209 0.615590
-0.633943 0.437928 -0.637444
-0.643577 0.313532 -0.698217
0.994952 -0.025853 -0.096965
-0.488698 0.060667 0.870341
-0.317276 -0.095828 0.943479
-0.631177 0.213569 0.745657
0.000000 -0.978801 0.204814
0.000000 -0.912252 0.409630
0.000000 -0.978801 -0.204813
0.986123 -0.109784 -0.124538
0.956882 -0.192084 -0.217899
-0.011630 -0.999932 -0.000499
-0.013255 -0.999912 -0.000998
-0.010004 -0.999950 0.000000
-0.011627 0.999932 0.000501
-0.013248 0.999912 0.000000
-0.010006 0.999949 0.001003
-0.494782 -0.868617 0.026384
0.285156 -0.958059 0.028435
-0.222180 -0.973436 -0.055297
0.284153 -0.955898 0.074273
-0.570412 0.821312 0.008773
-0.994668 0.102907 0.006687
-0.750983 0.660186 0.013356
-1.000000 0.000000 0.000000
-0.999997 0.001283 0.002287
-0.999997 -0.001283 -0.002287
0.000181 -1.000000 -0.000033
-0.080184 -0.996678 0.014283
0.080545 -0.996648 -0.014349
-0.019057 -0.835709 0.548842
0.334006 -0.786563 0.519383
-0.250309 -0.800310 0.544838
0.461339 -0.711959 0.529416
-0.442015 -0.645426 0.622935
0.698095 0.035290 0.715135
0.946062 0.198656 0.255936
0.906311 0.163190 0.389833
-0.654581 0.753603 -0.060050
-0.786208 0.438304 -0.435623
-0.598987 0.790075 0.130369
-0.221053 0.911729 0.346244
0.967485 0.252903 -0.003624
0.966011 0.258494 -0.001812
-0.910612 0.159919 -0.381067
-0.947877 0.195857 -0.251334
-0.709406 0.029024 -0.704203
-0.687434 0.512542 -0.514525
-0.120103 -0.516825 0.847624
0.906278 -0.395181 0.149975
-0.445047 -0.830084 0.335996
0.984742 -0.166240 -0.051452
0.984019 0.152724 -0.091551
-0.966039 0.258391 0.001907
-0.967762 0.251868 0.000000
0.000000 -0.779216 -0.626755
0.588330 -0.583023 -0.560313
0.938091 -0.345104 0.029813
0.908796 0.023954 -0.416553
1.000000 0.000000 0.000000
-0.568683 -0.737428 -0.364417
0.003363 -0.999994 0.001260
-0.989179 0.141516 0.038712
-0.956949 0.279969 0.076586
-0.000000 0.671480 0.741023
-0.000000 0.497258 0.867603
-0.000000 0.809015 0.587788
0.922960 0.280522 -0.263540
0.983452 0.067502 -0.168126
0.951417 0.199002 -0.234955
0.879056 -0.453386 0.147315
-0.879056 -0.000001 -0.476718
-0.879057 -0.280207 -0.385673
-1.000000 -0.000000 0.000001
-0.736870 0.177768 -0.652243
0.976029 0.111086 -0.187155
0.997997 -0.060668 -0.017949
0.994482 0.019992 -0.102983
0.000000 1.000000 0.000003
0.000000 1.000000 0.000002
0.000000 1.000000 0.000001
0.000000 1.000000 0.000000
0.000000 0.000000 -1.000000
0.000000 0.000000 1.000000
-0.130966 -0.574854 0.807707
-0.879055 0.280209 0.385674
-0.879056 0.453386 0.147315
0.092534 -0.889844 0.446783
0.100984 -0.886132 0.452297
-0.670178 -0.051575 -0.740406
-0.754012 0.059818 -0.654131
0.000000 0.000002 -1.000000
0.000000 -0.000002 1.000000
0.000000 -0.000002 -1.000000
0.000000 0.000002 1.000000
-0.466516 0.532858 0.705992
-0.291492 -0.490468 0.821263
-0.000269 -1.000000 -0.000058
-0.063743 -0.997872 -0.013748
0.063207 -0.997907 0.013633
0.000007 -1.000000 0.000002
0.000006 -1.000000 0.000010
0.000005 -1.000000 0.000001
-0.000002 -0.000001 1.000000
0.000000 0.531090 -0.847315
0.013803 0.299144 -0.954108
0.009194 0.199273 -0.979901
0.000001 -0.000003 1.000000
0.013356 0.023827 -0.999627
-0.000001 0.000000 -1.000000
0.000000 -0.671479 0.741023
0.000000 -0.107679 0.994186
-0.000000 0.107679 0.994186
0.000000 -0.497257 0.867603
0.913661 0.403628 -0.048038
0.826130 0.562823 -0.027205
0.239246 0.970959 -0.000001
-0.883904 -0.004265 0.467649
-0.623479 -0.005363 0.781821
-0.653761 -0.002585 0.756696
-0.701421 -0.712595 0.014730
-0.900960 0.433892 0.003137
-0.999995 -0.000001 -0.003140
0.998242 0.039721 -0.044000
0.996851 0.079302 -0.000000
0.000000 -0.912254 -0.409625
0.000004 -1.000000 0.000007
0.000004 -1.000000 0.000000
0.000007 -1.000000 0.000003
-0.006522 0.000156 0.999979
-0.007428 0.000312 0.999972
-0.005617 0.000000 0.999984
0.821395 0.385008 -0.420807
0.801171 0.158126 -0.577166
-0.006522 -0.000157 -0.999979
-0.005617 -0.000001 -0.999984
-0.007428 -0.000313 -0.999972
-0.623511 -0.781765 0.008791
0.433812 0.297117 -0.850605
0.425503 0.086797 -0.900785
0.000004 -1.000000 -0.000006
-0.021574 0.999718 0.009880
-0.043428 0.998838 0.020916
0.001470 0.999993 0.003332
-0.002716 0.992857 -0.119278
-0.090966 0.991691 -0.090965
0.086852 0.992428 -0.086851
0.000000 -1.000000 -0.000013
-0.851989 0.288628 -0.436816
-0.808374 0.264691 -0.525804
-0.827502 0.190567 -0.528134
-0.647767 -0.638944 -0.414907
0.986384 -0.164452 -0.001557
0.988650 -0.150240 0.000000
0.983911 -0.178630 -0.003114
0.005164 0.000056 -0.999987
0.011095 -0.005343 -0.999924
0.000003 -1.000000 0.000005
0.003399 -0.001637 -0.999993
0.001631 0.003674 -0.999992
0.009723 -0.193560 -0.981040
0.000000 -0.211347 -0.977411
0.019442 -0.175690 -0.984254
-0.996746 -0.080136 -0.008707
-0.987157 -0.159752 0.000000
-0.999849 0.000000 -0.017357
0.000002 -1.000000 0.000008
0.045304 -0.083057 0.995514
0.090202 -0.165369 0.982098
-0.623504 -0.781771 0.008791
-0.091742 0.994802 0.044184
-0.000277 0.004021 -0.999992
-0.000415 0.006032 -0.999982
-0.623459 0.781806 0.008791
-0.781821 0.623502 -0.000002
-0.005225 0.006553 -0.999965
0.707057 -0.010524 0.707079
0.781661 -0.020914 0.623353
-0.998241 0.039722 0.044001
-0.996850 0.079305 0.000000
-0.826127 0.562828 0.027205
-0.013802 0.299140 0.954109
-0.009194 0.199269 0.979902
0.000001 0.531087 0.847317
0.001661 0.999972 -0.007278
-0.022551 0.999703 0.009238
0.000831 0.999993 -0.003639
0.000000 0.912254 -0.409626
0.000000 0.978801 -0.204813
0.000000 0.671480 -0.741022
0.000000 0.809014 0.587789
0.946362 -0.305055 -0.106496
0.943605 -0.318552 -0.090193
-0.000005 -0.000003 1.000000
-0.000011 0.000000 1.000000
0.000002 -1.000000 0.000009
0.000005 -1.000000 0.000002
0.000004 -1.000000 0.000001
0.000008 -1.000000 -0.000005
-0.000000 -0.107676 -0.994186
0.000000 0.107675 -0.994186
-0.000000 -0.497254 -0.867605
-0.146378 -0.302066 0.941982
-0.430400 -0.137167 0.892155
-0.220356 -0.029586 0.974971
0.000009 -1.000000 -0.000002
0.000004 -1.000000 0.000008
0.931490 0.259380 -0.255044
0.972355 0.102261 -0.209925
0.957619 0.215159 -0.191501
0.890718 0.429954 -0.147513
-0.623452 -0.010724 0.781788
0.045313 0.002363 0.998970
-0.198374 -0.480925 0.854025
-0.783940 0.000167 0.620836
-0.944442 0.000088 0.328679
0.895866 0.364213 -0.254505
0.000000 0.497253 -0.867606
0.010198 -0.004911 -0.999936
0.001875 0.005043 -0.999986
0.003261 0.007349 -0.999968
0.000000 -0.671481 -0.741022
0.000262 0.999999 -0.001147
-0.045947 0.998699 0.022125
0.011096 -0.005344 -0.999924
0.948970 0.014516 -0.315033
0.972671 0.025309 -0.230805
0.000004 -1.000000 0.000018
0.841823 0.045524 -0.537831
0.998038 0.021635 0.058747
0.872775 0.037853 -0.486652
0.433940 0.010259 -0.900883
0.000000 -0.000235 -1.000000
-0.467860 0.016459 -0.883650
-0.661804 0.023400 -0.749311
-0.698706 0.016690 -0.715214
-0.623202 0.030049 -0.781483
-0.993628 -0.005368 0.112579
-0.866691 0.000134 0.498846
-0.999942 -0.010727 0.000000
0.112662 0.002379 0.993631
0.498081 0.000330 0.867131
0.365828 -0.001666 0.930681
0.222517 0.015031 0.974813
0.999943 0.010721 0.000095
0.000000 -1.000000 0.000037
-0.130982 0.033988 -0.990802
0.222555 0.009958 -0.974869
-0.312552 0.033731 -0.949302
0.000004 -1.000000 0.000008
-0.820040 0.024947 -0.571763
-0.944018 0.005378 -0.329851
-0.974545 -0.020947 0.223211
-0.006534 -0.000157 -0.999979
-0.007450 -0.000314 -0.999972
-0.005617 0.000001 -0.999984
0.000000 1.000000 -0.000001
-0.000000 1.000000 -0.000000
0.000002 1.000000 0.000001
0.000003 1.000000 0.000001
0.000007 1.000000 0.000003
-0.000005 -0.000003 1.000000
-0.000003 -0.000002 1.000000
0.000001 -0.000003 1.000000
0.336994 -0.448587 0.827771
-0.003424 -0.999882 -0.015004
0.519461 -0.013147 0.854393
-0.011634 -0.999932 -0.000495
-0.013255 -0.999912 -0.000993
-0.010012 -0.999950 0.000002
-0.006530 0.000157 0.999979
-0.005617 0.000000 0.999984
-0.007443 0.000314 0.999972
0.917893 0.003610 -0.396812
0.433878 -0.900971 0.000002
0.187849 -0.982145 0.010153
0.282284 0.935119 0.214167
0.141143 0.892527 -0.428338
0.282285 0.935118 -0.214172
0.141141 0.892530 0.428334
-0.282295 0.935116 -0.214167
-0.141150 0.892526 -0.428339
-0.141146 0.892529 0.428334
-0.282295 0.935116 0.214167
0.600575 0.021315 -0.799284
0.813094 0.028975 -0.581411
0.781284 0.037667 -0.623038
-0.229172 0.029250 -0.972946
0.000000 -0.000235 -1.000000
-0.330247 0.007745 -0.943863
-0.661817 0.020515 -0.749385
-0.698529 0.026121 -0.715105
0.001829 0.002294 -0.999996
0.002688 0.000822 -0.999996
-0.330280 -0.015119 0.943762
-0.533526 -0.015839 0.845636
-0.699039 -0.008558 0.715032
-0.433900 0.000001 0.900961
-0.956225 -0.007203 0.292545
0.222522 -0.974923 -0.003138
0.433886 -0.900968 -0.000001
-0.222517 -0.974924 0.003140
0.623465 -0.781802 -0.008795
0.001661 0.999972 -0.007278
-0.012201 0.999890 0.008393
-0.000205 1.000000 0.000900
-0.433882 -0.900970 0.000003
-0.623465 -0.781802 0.008797
-0.999995 -0.000001 -0.003137
-0.900954 -0.433825 -0.008791
-0.974933 -0.222498 0.000001
-0.590049 0.807352 -0.005040
-0.900971 0.433868 0.003139
-0.035900 0.999311 0.009388
0.962927 0.269687 0.006409
0.811841 0.583865 0.003951
0.001929 0.999995 0.002587
0.312129 0.000000 -0.950040
0.200649 0.012071 -0.979589
0.253595 0.018065 -0.967142
-0.000011 0.000000 1.000000
-0.062712 0.022071 -0.997788
0.033863 0.012179 -0.999352
-0.203938 0.033091 -0.978424
-0.198285 0.022014 -0.979897
-0.312129 0.000000 -0.950040
-0.000000 0.000001 1.000000
-0.000000 0.000001 1.000000
-0.000000 0.000001 1.000000
-0.000000 0.000001 1.000000
0.000000 0.000001 1.000000
-0.000000 0.000001 1.000000
0.000000 0.000001 1.000000
0.000000 0.000001 1.000000
0.000000 0.000001 1.000000
0.000000 0.000001 1.000000
-0.701534 0.112399 -0.703717
0.990203 0.124416 -0.063392
0.900953 -0.433828 0.008792
0.998742 -0.049671 -0.006868
0.004032 0.001233 -0.999991
0.019027 -0.853983 -0.519953
0.012139 -0.964067 -0.265381
0.004137 -0.986373 0.164474
0.000000 -0.987712 0.156286
0.020323 -0.298619 -0.954156
0.623095 0.781337 -0.035581
0.779652 0.622379 -0.069186
0.713172 0.570242 0.407689
0.665855 0.320657 0.673659
-0.006245 -0.003008 0.999976
-0.091775 0.994799 0.044192
0.900690 -0.433763 -0.024629
-0.091715 0.995690 -0.013807
-0.879056 0.453386 -0.147313
-0.879057 0.280206 -0.385673
0.993399 -0.000724 -0.114709
0.879056 0.453386 -0.147314
0.879056 0.453386 0.147315
-0.913658 0.403635 0.048039
-0.239241 0.970960 -0.000001
0.019934 -0.380061 0.924747
0.032073 -0.757503 0.652043
-0.091947 0.995737 0.007350
0.890343 0.364473 -0.272853
-0.013356 0.023824 0.999627
0.000000 -0.000001 1.000000
-0.879056 -0.453386 -0.147313
0.572216 -0.006495 -0.820077
-0.054302 0.997888 0.035662
-0.024202 0.999581 0.015890
-0.993616 -0.010541 0.112323
-0.974545 -0.020947 0.223212
-0.879056 -0.000000 0.476719
-0.879055 -0.280209 0.385674
-0.879056 -0.453386 0.147315
0.004405 -0.002121 -0.999988
-0.503762 0.299298 -0.810337
0.623484 0.000001 0.781836
0.984752 -0.000000 0.173964
0.998271 0.000000 -0.058784
0.998271 -0.000000 0.058784
0.984752 -0.000001 0.173963
0.879055 -0.280210 0.385674
-0.217851 -0.723340 0.655226
0.984752 0.000001 -0.173963
0.984752 0.000000 -0.173964
0.000000 0.000003 -1.000000
0.879056 -0.000000 0.476719
-0.984752 -0.000000 0.173964
-0.998271 0.000000 -0.058784
-0.998271 -0.000000 0.058784
0.879055 0.280209 0.385674
-0.180420 0.966901 -0.180419
-0.984752 -0.000001 0.173964
-0.984752 0.000001 -0.173964
-0.984752 0.000000 -0.173964
0.172388 0.969827 -0.172388
0.000000 -0.000003 1.000000
0.846485 0.346576 0.404164
0.939646 0.341979 -0.010723
0.900954 -0.433891 0.004399
0.697484 0.715740 0.035114
0.621474 0.294392 0.726019
0.030657 0.008016 0.999498
0.007146 -0.999968 0.003680
378
1 0 1 2 0 1 2 1
1 3 4 5 3 4 3 1
1 3 5 6 3 3 5 1
1 7 8 9 6 7 6 1
1 7 9 10 6 6 8 1
1 11 12 13 9 9 9 1
1 11 13 14 9 9 9 1
1 15 16 17 10 11 12 1
1 15 18 16 10 13 11 1
1 1 19 2 1 14 2 1
1 1 20 19 1 15 14 1
1 21 22 23 16 17 18 1
1 24 23 22 19 18 17 1
1 24 25 23 19 20 18 1
1 24 26 25 19 21 20 1
1 27 26 24 9 21 19 1
1 28 26 27 9 21 9 1
1 29 26 28 9 21 9 1
1 30 26 29 9 21 9 1
1 31 32 33 22 23 24 1
1 33 34 35 24 25 26 1
1 33 35 31 24 26 22 1
1 36 2 19 27 2 14 1
1 34 37 35 25 28 26 1
1 34 38 37 25 29 28 1
1 19 39 40 30 31 32 2
1 19 40 41 30 32 33 2
1 38 42 37 29 34 28 1
1 40 39 36 35 36 37 3
1 43 44 45 38 39 40 1
1 36 19 41 27 14 41 1
1 45 46 47 40 42 43 1
1 48 40 36 44 35 37 3
1 36 49 48 27 45 46 1
1 36 41 49 27 41 45 1
1 40 50 41 32 47 33 2
1 40 51 52 48 48 49 4
1 51 40 48 48 48 50 4
1 53 54 55 51 52 53 1
1 50 40 52 47 32 54 2
1 50 52 56 47 54 55 2
1 57 58 59 56 56 57 1
1 57 60 58 56 58 56 1
1 61 62 63 59 60 59 1
1 61 63 64 59 59 61 1
1 65 66 67 62 63 64 2
1 65 68 66 62 65 63 2
1 69 70 71 66 67 68 2
1 72 73 74 69 69 70 1
1 72 75 73 69 71 69 1
1 76 77 78 72 72 73 1
1 76 79 77 72 74 72 1
1 80 81 82 75 76 77 1
1 80 83 81 75 78 76 1
1 84 80 82 79 75 77 1
1 79 76 85 80 81 82 2
1 86 84 82 83 84 85 2
1 86 82 81 83 85 86 2
1 76 78 87 81 87 88 2
1 76 87 85 81 88 82 2
1 77 87 78 89 90 91 3
1 84 86 88 84 83 92 2
1 83 80 89 78 75 93 1
1 90 16 91 94 95 96 2
1 90 91 92 94 96 97 2
1 79 85 87 98 99 90 3
1 79 87 77 98 90 89 3
1 93 94 95 100 101 102 1
1 95 94 96 102 101 103 1
1 95 96 97 102 103 104 1
1 84 89 80 79 93 75 1
1 51 56 52 105 106 106 1
1 93 96 94 100 103 101 1
1 95 97 96 107 6 107 2
1 95 96 93 107 107 108 2
1 98 99 100 109 110 111 1
1 83 89 101 112 113 114 3
1 45 102 43 40 115 38 1
1 103 104 105 9 9 9 1
1 104 103 106 9 9 9 1
1 106 103 107 9 9 9 1
1 108 105 104 9 9 9 1
1 109 110 111 116 117 118 1
1 88 112 84 92 119 84 2
1 89 112 101 113 120 114 3
1 113 114 89 121 122 113 3
1 115 116 117 123 124 125 1
1 118 117 116 126 125 124 1
1 119 117 118 126 125 126 1
1 116 115 120 124 123 123 1
1 121 122 123 127 127 127 1
1 124 125 126 128 128 128 1
1 84 127 89 79 129 93 1
1 111 128 129 118 130 131 1
1 0 2 39 132 133 36 3
1 114 127 112 134 135 119 2
1 130 131 132 136 136 136 1
1 130 132 133 136 136 136 1
1 112 89 114 120 113 122 3
1 134 135 136 137 137 137 1
1 134 137 135 137 137 137 1
1 138 139 140 138 138 138 1
1 138 140 141 138 138 138 1
1 142 143 144 139 139 139 1
1 142 144 145 139 139 139 1
1 146 17 90 140 12 141 1
1 147 148 149 142 143 142 1
1 147 149 150 142 142 144 1
1 151 152 153 126 126 126 1
1 151 154 152 126 126 126 1
1 155 156 157 145 146 147 1
1 158 159 160 148 128 128 1
1 161 162 163 149 150 151 1
1 158 160 164 148 128 152 1
1 163 162 165 151 150 153 1
1 165 166 163 153 154 151 1
1 54 53 167 52 51 155 1
1 168 169 170 156 157 158 1
1 171 172 173 159 160 161 1
1 174 175 176 162 163 164 1
1 177 178 179 165 166 167 1
1 180 181 172 168 169 160 1
1 172 171 180 160 159 168 1
1 146 15 17 140 10 12 1
1 55 182 53 53 170 51 1
1 183 184 185 6 6 6 1
1 186 187 188 171 172 173 1
1 189 190 191 174 175 174 1
1 191 192 189 174 176 174 1
1 193 91 194 177 96 178 2
1 195 196 197 179 180 179 1
1 197 198 195 179 181 179 1
1 91 193 92 96 177 97 2
1 70 199 65 67 182 62 2
1 200 194 201 183 178 184 2
1 187 202 188 172 185 173 1
1 203 204 205 186 187 188 1
1 206 207 208 189 190 191 1
1 187 209 202 172 192 185 1
1 210 200 201 193 194 195 1
1 210 201 211 193 195 196 1
1 212 213 214 197 198 197 1
1 214 215 212 197 199 197 1
1 216 217 146 200 201 201 3
1 218 219 157 9 202 147 1
1 220 221 222 203 127 204 3
1 223 224 225 205 206 205 1
1 225 226 223 205 207 205 1
1 227 228 229 208 209 208 1
1 229 230 227 208 210 208 1
1 186 231 187 171 211 172 1
1 232 233 234 212 128 212 1
1 234 235 232 212 213 212 1
1 179 236 177 167 214 165 1
1 203 237 204 186 215 187 1
1 238 216 239 216 200 217 3
1 178 240 241 166 218 219 1
1 65 71 70 62 68 67 2
1 242 238 239 220 216 217 3
1 243 244 245 221 222 221 1
1 170 167 168 158 155 156 1
1 219 155 157 202 145 147 1
1 246 247 248 223 224 225 1
1 249 250 251 226 227 228 1
1 18 210 16 13 193 11 1
1 45 44 46 40 39 42 1
1 201 252 253 229 230 231 3
1 254 255 256 232 233 234 1
1 100 257 98 111 235 109 1
1 18 200 210 13 194 193 1
1 91 258 259 96 236 237 2
1 260 261 158 238 239 148 1
1 262 263 264 240 241 242 1
1 263 265 264 241 243 242 1
1 266 267 268 244 245 246 1
1 210 211 258 247 248 249 3
1 194 91 259 178 96 237 2
1 263 269 265 241 250 243 1
1 262 270 263 240 251 241 1
1 0 39 271 252 253 254 5
1 0 271 1 252 254 255 5
1 169 168 99 157 156 110 1
1 199 68 65 182 65 62 2
1 99 98 169 110 109 157 1
1 272 273 274 256 257 258 1
1 274 275 272 259 260 260 4
1 276 277 278 128 128 128 1
1 279 272 275 6 260 260 4
1 83 101 280 112 114 261 3
1 267 266 281 245 244 262 1
1 282 220 283 263 203 264 3
1 220 222 283 203 204 264 3
1 222 1 283 204 265 264 3
1 268 284 266 246 266 244 1
1 203 205 285 186 188 267 1
1 286 276 278 128 128 128 1
1 252 287 288 230 268 126 3
1 84 112 127 84 119 135 2
1 222 289 1 204 269 265 3
1 290 291 114 270 271 270 4
1 252 288 253 230 126 231 3
1 155 292 156 145 272 146 1
1 293 294 295 273 274 275 2
1 293 295 296 276 276 276 3
1 297 296 298 277 277 278 4
1 299 293 298 279 280 278 4
1 299 298 300 279 278 281 4
1 167 170 54 155 158 52 1
1 299 174 301 282 162 283 1
1 301 174 176 283 162 164 1
1 300 174 299 284 162 282 1
1 176 302 303 285 286 287 2
1 294 303 302 274 287 286 2
1 175 302 176 288 286 285 2
1 304 294 302 289 274 286 2
1 292 305 156 272 290 146 1
1 114 291 306 291 292 293 5
1 219 307 155 202 294 145 1
1 308 114 306 295 291 293 5
1 279 275 308 296 297 295 5
1 279 308 306 296 295 293 5
1 309 310 311 298 299 298 1
1 311 312 309 298 300 298 1
1 313 314 315 301 302 303 1
1 316 315 314 304 303 302 1
1 316 317 315 304 305 303 1
1 318 319 320 306 307 308 1
1 273 321 274 257 309 258 1
1 321 322 274 309 310 258 1
1 321 273 290 309 257 311 1
1 323 324 325 312 312 313 1
1 323 326 324 312 314 312 1
1 327 328 329 126 126 126 1
1 330 331 332 315 316 315 1
1 332 333 330 315 317 315 1
1 114 321 290 270 318 270 4
1 334 177 335 319 165 320 1
1 336 337 338 104 104 104 1
1 338 339 336 104 104 104 1
1 340 341 342 321 322 323 1
1 342 343 340 323 324 321 1
1 344 345 346 127 127 127 1
1 346 347 344 127 127 127 1
1 341 348 349 322 325 326 1
1 349 342 341 326 323 322 1
1 350 351 352 6 6 6 1
1 352 353 350 6 6 6 1
1 348 354 355 325 327 328 1
1 355 349 348 328 326 325 1
1 356 357 358 128 128 128 1
1 358 359 356 128 128 128 1
1 354 340 343 327 321 324 1
1 343 355 354 324 328 327 1
1 179 178 241 167 166 219 1
1 360 245 244 329 330 331 4
1 360 201 245 329 332 330 4
1 39 2 36 36 133 37 3
1 361 360 362 333 329 334 4
1 363 201 362 335 332 334 4
1 363 364 201 335 336 332 4
1 365 366 367 337 127 338 4
1 368 369 370 339 340 341 1
1 368 370 371 339 341 342 1
1 369 372 370 340 343 341 1
1 373 374 375 344 345 346 1
1 373 376 374 344 347 345 1
1 293 377 294 348 349 350 5
1 378 375 379 351 346 352 1
1 378 373 375 351 344 346 1
1 380 378 379 353 354 355 4
1 381 380 382 356 353 357 4
1 383 381 382 358 356 357 4
1 384 239 383 359 360 358 4
1 377 385 294 349 361 350 5
1 386 387 388 104 104 104 1
1 388 389 386 104 104 104 1
1 390 391 392 362 363 364 1
1 318 393 319 306 365 307 1
1 391 394 395 363 366 367 1
1 395 392 391 367 364 363 1
1 394 396 397 366 368 369 1
1 397 395 394 369 367 366 1
1 396 398 397 368 370 369 1
1 319 399 320 307 128 308 1
1 400 401 402 6 6 6 1
1 402 403 400 6 6 6 1
1 404 405 406 371 372 373 1
1 406 407 404 373 374 371 1
1 405 408 409 372 375 376 1
1 409 406 405 376 373 372 1
1 408 410 411 375 377 378 1
1 411 409 408 378 376 375 1
1 410 412 413 377 379 380 1
1 413 411 410 380 378 377 1
1 293 51 48 381 105 46 1
1 19 271 39 382 254 253 5
1 384 374 376 359 383 384 4
1 365 367 81 337 338 385 4
1 414 415 416 386 387 388 1
1 416 415 417 388 387 389 1
1 415 414 418 387 386 390 1
1 281 256 267 262 234 245 1
1 240 419 241 391 392 393 5
1 419 335 241 392 394 393 5
1 81 241 335 395 393 394 5
1 252 420 287 230 396 268 3
1 419 334 335 397 319 320 1
1 146 381 383 398 356 358 4
1 421 422 111 399 400 118 1
1 111 129 421 118 131 399 1
1 90 92 146 94 97 401 2
1 45 423 424 40 402 403 1
1 425 248 426 404 225 405 1
1 426 173 172 405 161 160 1
1 426 248 173 405 225 161 1
1 427 428 429 6 6 6 1
1 210 91 16 247 406 407 3
1 1 69 71 408 66 68 2
1 83 280 81 112 261 409 3
1 430 431 250 410 411 227 1
1 182 55 284 170 53 266 1
1 248 425 246 225 404 223 1
1 91 210 258 406 247 249 3
1 90 17 16 141 12 11 1
1 432 111 110 412 118 117 1
1 114 203 285 413 186 267 1
1 377 433 434 349 414 415 5
1 363 370 372 416 341 343 1
1 372 364 363 343 417 416 1
1 238 435 216 216 127 200 3
1 284 268 182 266 246 170 1
1 260 158 164 238 148 152 1
1 111 436 128 118 418 130 1
1 437 436 111 419 418 118 1
1 438 437 111 420 419 118 1
1 367 241 81 338 421 385 4
1 50 293 48 422 381 46 1
1 439 440 255 126 126 233 1
1 255 254 439 233 232 126 1
1 243 245 441 221 221 423 1
1 442 443 444 424 425 426 1
1 444 445 442 426 427 424 1
1 45 446 102 40 428 115 1
1 111 432 438 118 412 420 1
1 304 295 294 289 275 274 2
1 127 113 89 129 429 93 1
1 443 447 448 425 430 431 1
1 448 444 443 431 426 425 1
1 449 450 451 432 432 432 1
1 377 434 385 349 415 361 5
1 45 452 446 40 433 428 1
1 451 453 449 432 432 432 1
1 454 455 456 434 435 436 1
1 424 457 45 403 437 40 1
1 45 47 423 40 43 402 1
1 422 109 111 400 116 118 1
1 206 458 207 189 438 190 1
1 456 459 454 436 439 434 1
1 376 239 384 384 360 359 4
1 455 460 461 435 440 441 1
1 461 456 455 441 436 435 1
1 462 206 208 442 189 191 1
1 463 464 465 443 443 443 1
1 66 466 67 444 445 446 4
1 66 71 466 444 447 445 4
1 66 1 71 444 448 447 4
1 66 467 1 444 449 448 4
1 236 335 177 214 320 165 1
1 465 468 463 443 443 443 1
1 250 249 430 227 226 410 1
1 211 259 258 196 450 450 1
1 379 382 380 355 357 353 4
1 127 114 113 129 413 429 1
1 457 452 45 437 433 40 1
1 194 200 193 178 183 177 2
1 469 470 471 104 104 104 1
1 256 281 254 234 262 232 1
1 471 472 469 104 104 104 1
"MDL-Objec3" 1 2
45
1 4.070798 12.304078 -0.774492 4.148654 -0.168942 -1
1 5.690015 12.304075 -2.182308 5.452502 -1.302562 -1
1 3.542211 12.304077 -1.400576 3.723017 -0.673084 -1
1 3.542211 12.304077 1.513075 3.723017 1.673084 -1
1 5.690015 12.304077 2.294817 5.452501 2.302571 -1
1 5.369678 12.304076 0.761810 5.194555 1.068142 -1
1 5.588185 12.304079 0.444633 5.370504 0.812741 -1
1 5.668536 12.304075 0.056245 5.435205 0.499996 -1
1 6.084733 12.304075 0.056245 5.770342 0.499996 -1
1 5.588185 12.304076 -0.332126 5.370505 0.187267 -1
1 5.369678 12.304079 -0.649302 5.194556 -0.068134 -1
1 4.737219 12.304076 -0.775640 4.685278 -0.169865 -1
1 -4.719836 12.304075 0.056245 -2.929865 0.499994 -1
1 -7.005479 12.304076 0.056254 -4.770342 0.500002 -1
1 -6.610761 12.304077 2.294808 -4.452501 2.302561 -1
1 -3.723305 12.304077 2.794175 -2.127424 2.704668 -1
1 -5.474221 12.304077 4.263359 -3.537322 3.887705 -1
1 -3.732927 12.304077 5.724480 -2.135173 5.064250 -1
1 -2.590106 12.304076 3.745051 -1.214934 3.470347 -1
1 -1.596915 12.304079 6.501930 -0.415183 5.690279 -1
1 -1.200027 12.304078 4.251003 -0.095595 3.877757 -1
1 0.676174 12.304079 6.501930 1.415185 5.690280 -1
1 0.279272 12.304078 4.251003 1.095586 3.877757 -1
1 2.812186 12.304078 5.724489 3.135175 5.064258 -1
1 1.669351 12.304076 3.745051 2.214925 3.470348 -1
1 4.553466 12.304076 4.263368 4.537313 3.887714 -1
1 2.802565 12.304077 2.794185 3.127428 2.704677 -1
1 4.553466 12.304077 -4.150869 4.537314 -2.887714 -1
1 2.802565 12.304075 -2.681675 3.127429 -1.704670 -1
1 2.812186 12.304076 -5.611980 3.135177 -4.064251 -1
1 1.669351 12.304076 -3.632551 2.214927 -2.470349 -1
1 0.676174 12.304075 -6.389421 1.415187 -4.690274 -1
1 0.279267 12.304075 -4.138504 1.095584 -2.877759 -1
1 -1.596915 12.304075 -6.389421 -0.415181 -4.690275 -1
1 -1.200027 12.304075 -4.138504 -0.095593 -2.877759 -1
1 -3.732927 12.304076 -5.611980 -2.135171 -4.064252 -1
1 -2.590106 12.304076 -3.632551 -1.214932 -2.470350 -1
1 -5.474221 12.304075 -4.150860 -3.537320 -2.887709 -1
1 -3.723305 12.304075 -2.681675 -2.127424 -1.704672 -1
1 -6.610761 12.304075 -2.182308 -4.452501 -1.302565 -1
1 -4.462952 12.304077 -1.400576 -2.723012 -0.673086 -1
1 4.481709 7.028066 -0.731581 -0.516111 -0.138439 -1
1 7.005476 6.989778 -0.731581 1.516112 -0.138439 -1
1 7.005476 6.989778 0.854143 1.516111 1.138440 -1
1 4.481709 7.019556 0.854143 -0.516111 1.138439 -1
44
0.000002 1.000000 -0.000000
0.000001 1.000000 -0.000001
-0.000000 1.000000 -0.000001
0.000000 1.000000 -0.000000
0.000005 1.000000 -0.000000
-0.000005 1.000000 0.000000
0.000015 1.000000 0.000000
0.000014 1.000000 0.000000
-0.000001 1.000000 0.000004
-0.000006 1.000000 0.000010
-0.000003 1.000000 0.000004
-0.000001 1.000000 -0.000001
0.000000 1.000000 0.000000
0.000000 1.000000 0.000000
0.000000 1.000000 -0.000000
0.000000 1.000000 0.000000
0.000000 1.000000 0.000000
0.000000 1.000000 -0.000000
-0.000000 1.000000 -0.000000
-0.000001 1.000000 -0.000001
-0.000000 1.000000 -0.000000
0.000000 1.000000 -0.000000
0.000000 1.000000 -0.000001
0.000000 1.000000 -0.000001
0.000000 1.000000 -0.000001
0.000000 1.000000 0.000000
-0.000000 1.000000 0.000000
-0.000000 1.000000 0.000000
-0.000001 1.000000 0.000000
-0.000000 1.000000 0.000000
-0.000000 1.000000 0.000000
-0.000000 1.000000 -0.000000
-0.000000 1.000000 -0.000000
0.000000 1.000000 -0.000000
0.000000 1.000000 -0.000000
0.000000 1.000000 -0.000000
-0.000000 1.000000 0.000000
-0.000000 1.000000 0.000000
-0.000000 1.000000 -0.000000
-0.000000 1.000000 -0.000001
-0.000000 1.000000 -0.000000
-0.013484 -0.999905 -0.002683
-0.015169 -0.999885 0.000000
-0.011798 -0.999916 -0.005367
41
1 0 1 2 0 1 2 1
1 3 4 5 3 4 5 1
1 4 6 5 4 6 5 1
1 4 7 6 4 7 6 1
1 4 8 7 4 8 7 1
1 7 8 9 7 8 9 1
1 8 10 9 8 10 9 1
1 8 1 10 8 1 10 1
1 1 11 10 1 11 10 1
1 1 0 11 1 0 11 1
1 12 13 14 12 13 14 1
1 15 16 17 15 16 17 1
1 17 18 15 17 18 15 1
1 18 17 19 18 17 19 1
1 19 20 18 19 20 18 1
1 20 19 21 20 19 21 1
1 21 22 20 21 22 20 1
1 22 21 23 22 21 23 1
1 23 24 22 23 24 22 1
1 24 23 25 24 23 25 1
1 25 26 24 25 26 24 1
1 26 25 4 26 25 4 1
1 4 3 26 4 3 26 1
1 2 1 27 2 1 27 1
1 27 28 2 27 28 2 1
1 28 27 29 28 27 29 1
1 29 30 28 29 30 28 1
1 30 29 31 30 29 31 1
1 31 32 30 31 32 30 1
1 32 31 33 32 31 33 1
1 33 34 32 33 34 32 1
1 34 33 35 34 33 35 1
1 35 36 34 35 36 34 1
1 36 35 37 36 35 37 1
1 37 38 36 37 38 36 1
1 38 37 39 38 37 39 1
1 39 40 38 39 40 38 1
1 40 39 13 40 39 13 1
1 13 12 40 13 12 40 1
1 41 42 43 41 42 41 1
1 43 44 41 41 43 41 1

Materials: 4
"Object01Cls_3_-_"
0.584314 0.584314 0.584314 1.000000
0.584314 0.584314 0.584314 1.000000
0.894118 0.894118 0.894118 1.000000
0.000000 0.000000 0.000000 1.000000
125.440002
1.000000
"BRICK31.tga"
""
"Object01Cls_5_-_"
0.584314 0.584314 0.584314 1.000000
0.584314 0.584314 0.584314 1.000000
0.894118 0.894118 0.894118 1.000000
0.000000 0.000000 0.000000 1.000000
125.440002
1.000000
"METALL_3.tga"
""
"Object01Cls_7_-_"
0.584314 0.584314 0.584314 1.000000
0.584314 0.584314 0.584314 1.000000
0.894118 0.894118 0.894118 1.000000
0.000000 0.000000 0.000000 1.000000
125.440002
1.000000
"BODEN_3.tga"
""
"Material"
0.117647 0.117647 0.117647 1.000000
0.752941 0.752941 0.752941 1.000000
0.752941 0.752941 0.752941 1.000000
0.000000 0.000000 0.000000 1.000000
125.440002
1.000000
""
""

Bones: 0
GroupComments: 0
MaterialComments: 0
BoneComments: 0
ModelComment: 0
