// MilkShape 3D ASCII

Frames: 30
Frame: 1

Meshes: 2
"MDL-Objec1" 1 0
540
1 -1.840862 5.614366 -1.920528 0.143730 0.998923 -1
1 -1.161818 13.327961 -2.410684 -0.008512 0.000599 -1
1 1.261645 5.612681 -2.410186 -0.464173 0.999226 -1
1 1.483784 13.326435 -2.374388 -0.502585 0.000874 -1
1 2.893936 13.325141 -0.027403 -0.996442 0.001107 -1
1 2.891495 5.611257 -0.028273 -0.996294 0.999483 -1
1 2.893936 13.325141 -0.027403 2.043558 0.001107 -1
1 1.260757 13.325591 2.352610 1.511714 0.001026 -1
1 2.891495 5.611257 -0.028273 2.043706 0.999483 -1
1 1.258316 5.611705 2.351738 1.511430 0.999402 -1
1 -1.227627 13.326999 2.473811 1.055818 0.000772 -1
1 -1.230067 5.613114 2.472941 1.055387 0.999148 -1
1 -2.794720 13.328414 -0.030608 0.523750 0.000517 -1
1 -2.797161 5.614530 -0.031477 0.523602 0.998893 -1
1 -0.818153 51.159939 -2.731754 0.024855 0.630539 -1
1 0.846225 51.809715 -0.809996 0.362300 0.382839 -1
1 0.060835 51.159458 -2.870464 0.000499 0.499724 -1
1 0.939631 51.158924 -2.730762 0.025029 0.368938 -1
1 1.732248 51.158382 -2.326183 0.096070 0.250977 -1
1 2.361141 51.157894 -1.696472 0.206642 0.157383 -1
1 2.764765 51.157505 -0.903324 0.345912 0.097314 -1
1 2.903311 51.157238 -0.024055 0.500304 0.076695 -1
1 2.763538 51.157139 0.854794 0.654622 0.097496 -1
1 -0.113937 51.809883 1.071712 0.692711 0.525735 -1
1 2.358801 51.157215 1.647747 0.793858 0.157731 -1
1 1.729033 51.157444 2.276749 0.904305 0.251456 -1
1 0.496352 51.158054 2.749661 0.987345 0.434909 -1
1 -0.821939 51.158833 2.679443 0.975015 0.631103 -1
1 -1.614557 51.159367 2.274864 0.903974 0.749064 -1
1 -2.243444 51.159863 1.645157 0.793403 0.842657 -1
1 -2.716074 51.160381 0.412243 0.576914 0.912996 -1
1 -1.162047 51.810837 -0.649025 0.390565 0.681719 -1
1 -2.645573 51.160610 -0.906376 0.345376 0.902504 -1
1 -1.926224 51.160431 -2.013565 0.150963 0.795447 -1
1 -1.215953 42.730316 -2.530338 -0.006894 0.000596 -1
1 1.272256 42.728863 -2.406401 -0.461451 0.000877 -1
1 -1.218403 35.347939 -2.531211 -0.006594 0.998923 -1
1 1.269807 35.346478 -2.407274 -0.461040 0.999206 -1
1 2.902098 42.727436 -0.024487 -0.991558 0.001154 -1
1 2.899653 35.345051 -0.025359 -0.991410 0.999482 -1
1 2.902098 42.727436 -0.024487 2.038442 0.001154 -1
1 2.042710 42.727520 1.961819 1.659814 0.001138 -1
1 2.899653 35.345051 -0.025359 2.038590 0.999482 -1
1 2.040261 35.345139 1.960945 1.659626 0.999465 -1
1 -0.164000 42.728638 2.714123 1.243290 0.000921 -1
1 -0.166450 35.346252 2.713248 1.242879 0.999249 -1
1 -3.407372 21.300323 4.720903 1.146317 -0.017650 -1
1 -3.407372 20.814743 4.720903 1.146317 0.080492 -1
1 0.042132 20.814743 5.841714 1.700298 0.080492 -1
1 0.042132 21.300323 5.841714 1.700298 -0.017650 -1
1 3.491634 21.300323 -4.774764 -1.732017 -0.017650 -1
1 3.491634 20.814743 -4.774764 -1.732017 0.080492 -1
1 0.042130 20.814743 -5.895575 -1.178036 0.080492 -1
1 0.042130 21.300323 -5.895575 -1.178036 -0.017650 -1
1 0.042132 21.300323 5.841714 0.999500 0.500000 -1
1 3.491634 21.300323 4.720903 0.904104 0.238383 -1
1 -3.407372 21.300323 4.720903 0.904104 0.761617 -1
1 -2.580914 42.730675 -0.445669 0.447831 0.000526 -1
1 -2.583363 35.348289 -0.446543 0.447754 0.998854 -1
1 0.042130 21.300323 -5.895575 0.000499 0.500000 -1
1 -3.407373 21.300323 -4.774764 0.095895 0.761617 -1
1 -5.539282 21.300323 1.786580 0.654354 0.923305 -1
1 -5.539282 21.300323 -1.840442 0.345646 0.923305 -1
1 3.491634 21.300323 -4.774764 0.095896 0.238383 -1
1 5.623545 21.300323 -1.840442 0.345646 0.076695 -1
1 5.623545 21.300323 1.786580 0.654354 0.076695 -1
1 -3.407372 20.814743 4.720903 0.904104 0.761617 -1
1 3.491634 20.814743 4.720903 0.904104 0.238383 -1
1 0.042132 20.814743 5.841714 0.999500 0.500000 -1
1 -1.220036 28.008965 -2.531796 -0.010162 0.000584 -1
1 1.268172 28.007511 -2.407858 -0.467720 0.000836 -1
1 -1.836788 20.681496 -1.919079 0.142597 0.998944 -1
1 1.265719 20.679813 -2.408734 -0.467306 0.999235 -1
1 0.042130 20.814743 -5.895575 0.000499 0.500000 -1
1 3.491634 20.814743 -4.774764 0.095896 0.238383 -1
1 5.623545 20.814743 1.786580 0.654354 0.076695 -1
1 5.623545 20.814743 -1.840442 0.345646 0.076695 -1
1 -3.407373 20.814743 -4.774764 0.095895 0.761617 -1
1 -5.539282 20.814743 1.786580 0.654354 0.923305 -1
1 2.898018 28.006077 -0.025943 -1.001327 0.001084 -1
1 2.895565 20.678387 -0.026820 -1.001177 0.999483 -1
1 -5.539282 20.814743 -1.840442 0.345646 0.923305 -1
1 -5.539282 21.300323 1.786580 0.562752 -0.017650 -1
1 -5.539282 20.814743 1.786580 0.562752 0.080492 -1
1 -5.539282 21.300323 -1.840442 -0.040491 -0.017650 -1
1 -5.539282 20.814743 -1.840442 -0.040491 0.080492 -1
1 2.898018 28.006077 -0.025943 2.048673 0.001084 -1
1 2.038625 28.006168 1.960361 1.667547 0.001068 -1
1 2.895565 20.678387 -0.026820 2.048823 0.999483 -1
1 1.262388 20.678841 2.353192 1.514795 0.999404 -1
1 -3.407373 21.300323 -4.774764 -0.624056 -0.017650 -1
1 -3.407373 20.814743 -4.774764 -0.624056 0.080492 -1
1 -0.168084 28.007284 2.712668 1.248274 0.000875 -1
1 5.623545 21.300323 -1.840442 -2.315583 -0.017650 -1
1 5.623545 20.814743 -1.840442 -2.315583 0.080492 -1
1 -1.225994 20.680244 2.474393 1.057250 0.999161 -1
1 5.623545 21.300323 -1.840442 3.441087 -0.017650 -1
1 5.623545 21.300323 1.786580 2.837844 -0.017650 -1
1 5.623545 20.814743 1.786580 2.837844 0.080492 -1
1 5.623545 20.814743 -1.840442 3.441087 0.080492 -1
1 -2.793089 20.681660 -0.030024 0.523718 0.998916 -1
1 -2.584999 28.009319 -0.447125 0.447563 0.000523 -1
1 3.491634 21.300323 4.720903 2.254279 -0.017650 -1
1 3.491634 20.814743 4.720903 2.254279 0.080492 -1
1 -3.407372 28.615124 4.720903 1.146317 -0.017650 -1
1 -3.407372 28.129543 4.720903 1.146317 0.080492 -1
1 0.042132 28.129543 5.841714 1.700298 0.080492 -1
1 0.042132 28.615124 5.841714 1.700298 -0.017650 -1
1 3.491634 28.615124 -4.774764 -1.732017 -0.017650 -1
1 3.491634 28.129543 -4.774764 -1.732017 0.080492 -1
1 0.042130 28.129543 -5.895575 -1.178036 0.080492 -1
1 0.042130 28.615124 -5.895575 -1.178036 -0.017650 -1
1 0.042132 28.615124 5.841714 0.999500 0.500000 -1
1 3.491634 28.615124 4.720903 0.904104 0.238383 -1
1 -3.407372 28.615124 4.720903 0.904104 0.761617 -1
1 0.042130 28.615124 -5.895575 0.000499 0.500000 -1
1 -3.407373 28.615124 -4.774764 0.095895 0.761617 -1
1 -5.539282 28.615124 1.786580 0.654354 0.923305 -1
1 -5.539282 28.615124 -1.840442 0.345646 0.923305 -1
1 3.491634 28.615124 -4.774764 0.095896 0.238383 -1
1 5.623545 28.615124 -1.840442 0.345646 0.076695 -1
1 5.623545 28.615124 1.786580 0.654354 0.076695 -1
1 -3.407372 28.129543 4.720903 0.904104 0.761617 -1
1 3.491634 28.129543 4.720903 0.904104 0.238383 -1
1 0.042132 28.129543 5.841714 0.999500 0.500000 -1
1 0.042130 28.129543 -5.895575 0.000499 0.500000 -1
1 3.491634 28.129543 -4.774764 0.095896 0.238383 -1
1 5.623545 28.129543 1.786580 0.654354 0.076695 -1
1 5.623545 28.129543 -1.840442 0.345646 0.076695 -1
1 -3.407373 28.129543 -4.774764 0.095895 0.761617 -1
1 -5.539282 28.129543 1.786580 0.654354 0.923305 -1
1 -5.539282 28.129543 -1.840442 0.345646 0.923305 -1
1 -5.539282 28.615124 1.786580 0.562752 -0.017650 -1
1 -5.539282 28.129543 1.786580 0.562752 0.080492 -1
1 -5.539282 28.615124 -1.840442 -0.040491 -0.017650 -1
1 -5.539282 28.129543 -1.840442 -0.040491 0.080492 -1
1 -3.407373 28.615124 -4.774764 -0.624056 -0.017650 -1
1 -3.407373 28.129543 -4.774764 -0.624056 0.080492 -1
1 5.623545 28.615124 -1.840442 -2.315583 -0.017650 -1
1 5.623545 28.129543 -1.840442 -2.315583 0.080492 -1
1 5.623545 28.615124 -1.840442 3.441087 -0.017650 -1
1 5.623545 28.615124 1.786580 2.837844 -0.017650 -1
1 5.623545 28.129543 1.786580 2.837844 0.080492 -1
1 5.623545 28.129543 -1.840442 3.441087 0.080492 -1
1 3.491634 28.615124 4.720903 2.254279 -0.017650 -1
1 3.491634 28.129543 4.720903 2.254279 0.080492 -1
1 -3.407372 35.946819 4.720903 1.146317 -0.017650 -1
1 -3.407372 35.461239 4.720903 1.146317 0.080492 -1
1 0.042132 35.461239 5.841714 1.700298 0.080492 -1
1 -0.096814 -1.179550 12.030821 0.004547 0.504166 -1
1 -0.045154 -1.179550 11.871820 0.011097 0.501943 -1
1 0.080232 -1.179550 12.000452 0.005799 0.496547 -1
1 0.122028 21.044518 5.208150 0.714415 0.494749 -1
1 -0.045153 21.044518 5.208150 0.714415 0.501943 -1
1 -0.096813 21.044518 5.367151 0.720965 0.504166 -1
1 0.173689 21.044518 5.367151 0.720965 0.492526 -1
1 0.042132 35.946819 5.841714 1.700298 -0.017650 -1
1 3.491634 35.946819 -4.774765 -1.732017 -0.017650 -1
1 3.491634 35.461239 -4.774765 -1.732017 0.080492 -1
1 0.042130 35.461239 -5.895576 -1.178036 0.080492 -1
1 0.042130 35.946819 -5.895576 -1.178036 -0.017650 -1
1 0.042132 35.946819 5.841714 0.999500 0.500000 -1
1 3.491634 35.946819 4.720903 0.904104 0.238383 -1
1 -3.407372 35.946819 4.720903 0.904104 0.761617 -1
1 0.042130 35.946819 -5.895576 0.000499 0.500000 -1
1 -3.407373 35.946819 -4.774765 0.095895 0.761617 -1
1 -5.539282 35.946819 1.786579 0.654354 0.923305 -1
1 -5.539282 35.946819 -1.840443 0.345646 0.923305 -1
1 3.491634 35.946819 -4.774765 0.095896 0.238383 -1
1 5.623545 35.946819 -1.840442 0.345646 0.076695 -1
1 5.623545 35.946819 1.786580 0.654354 0.076695 -1
1 -3.407372 35.461239 4.720903 0.904104 0.761617 -1
1 3.491634 35.461239 4.720903 0.904104 0.238383 -1
1 0.042132 35.461239 5.841714 0.999500 0.500000 -1
1 -7.089822 -1.179550 9.593260 0.104955 0.805081 -1
1 -6.922642 -1.179550 9.593260 0.104955 0.797887 -1
1 -7.006233 -1.179550 9.752256 0.098405 0.801484 -1
1 0.042130 35.461239 -5.895576 0.000499 0.500000 -1
1 -3.069588 21.044518 4.431650 0.682430 0.632087 -1
1 -3.121250 21.044518 4.272653 0.675880 0.634310 -1
1 -3.288429 21.044518 4.272653 0.675880 0.641504 -1
1 -3.340091 21.044518 4.431650 0.682430 0.643727 -1
1 3.491634 35.461239 -4.774765 0.095896 0.238383 -1
1 5.623545 35.461239 1.786580 0.654354 0.076695 -1
1 5.623545 35.461239 -1.840442 0.345646 0.076695 -1
1 -3.407373 35.461239 -4.774765 0.095895 0.761617 -1
1 -5.539282 35.461239 1.786579 0.654354 0.923305 -1
1 -5.539282 35.461239 -1.840443 0.345646 0.923305 -1
1 -5.539282 35.946819 1.786579 0.562752 -0.017650 -1
1 -5.539282 35.461239 1.786579 0.562752 0.080492 -1
1 -5.539282 35.946819 -1.840443 -0.040491 -0.017650 -1
1 -5.539282 35.461239 -1.840443 -0.040491 0.080492 -1
1 -3.407373 35.946819 -4.774765 -0.624056 -0.017650 -1
1 -3.407373 35.461239 -4.774765 -0.624056 0.080492 -1
1 -11.279567 -1.179554 3.676607 0.348672 0.985369 -1
1 -11.266471 -1.179554 3.843275 0.341807 0.984805 -1
1 -11.431528 -1.179554 3.772396 0.344726 0.991908 -1
1 -5.047449 21.044518 1.742242 0.571648 0.717196 -1
1 -5.060543 21.044518 1.575578 0.564783 0.717759 -1
1 -5.223098 21.044518 1.536527 0.563175 0.724754 -1
1 -5.201912 21.044518 1.806199 0.574283 0.723842 -1
1 5.623545 35.946819 -1.840442 -2.315583 -0.017650 -1
1 5.623545 35.461239 -1.840442 -2.315583 0.080492 -1
1 5.623545 35.946819 -1.840442 3.441087 -0.017650 -1
1 5.623545 35.946819 1.786580 2.837844 -0.017650 -1
1 5.623545 35.461239 1.786580 2.837844 0.080492 -1
1 5.623545 35.461239 -1.840442 3.441087 0.080492 -1
1 3.491634 35.946819 4.720903 2.254279 -0.017650 -1
1 3.491634 35.461239 4.720903 2.254279 0.080492 -1
1 -3.407372 43.340725 4.720902 1.146317 -0.017650 -1
1 -3.407372 42.855145 4.720902 1.146317 0.080492 -1
1 0.042132 42.855145 5.841713 1.700298 0.080492 -1
1 0.042132 43.340725 5.841713 1.700298 -0.017650 -1
1 3.491634 43.340725 -4.774765 -1.732017 -0.017650 -1
1 3.491634 42.855145 -4.774765 -1.732017 0.080492 -1
1 0.042130 42.855145 -5.895576 -1.178036 0.080492 -1
1 11.366415 -1.179554 3.598625 0.351884 0.010894 -1
1 11.533594 -1.179554 3.598625 0.351884 0.003700 -1
1 11.585257 -1.179554 3.757621 0.345335 0.001477 -1
1 11.314753 -1.179554 3.757621 0.345335 0.013117 -1
1 5.298174 21.044518 1.542157 0.563407 0.272016 -1
1 5.130995 21.044518 1.542157 0.563407 0.279209 -1
1 5.079333 21.044518 1.701159 0.569956 0.281432 -1
1 5.349837 21.044518 1.701159 0.569956 0.269792 -1
1 0.042130 43.340725 -5.895576 -1.178036 -0.017650 -1
1 0.042132 43.340725 5.841713 0.999500 0.500000 -1
1 3.491634 43.340725 4.720902 0.904104 0.238383 -1
1 -3.407372 43.340725 4.720902 0.904104 0.761617 -1
1 0.042130 43.340725 -5.895576 0.000499 0.500000 -1
1 -3.407373 43.340725 -4.774765 0.095895 0.761617 -1
1 -5.539282 43.340725 1.786579 0.654354 0.923305 -1
1 -5.539282 43.340725 -1.840443 0.345646 0.923305 -1
1 3.491634 43.340725 -4.774765 0.095896 0.238383 -1
1 5.623545 43.340725 -1.840443 0.345646 0.076695 -1
1 5.623545 43.340725 1.786579 0.654354 0.076695 -1
1 -3.407372 42.855145 4.720902 0.904104 0.761617 -1
1 3.491634 42.855145 4.720902 0.904104 0.238383 -1
1 0.042132 42.855145 5.841713 0.999500 0.500000 -1
1 0.042130 42.855145 -5.895576 0.000499 0.500000 -1
1 3.491634 42.855145 -4.774765 0.095896 0.238383 -1
1 -11.556317 -1.179550 -3.888601 0.660296 0.997277 -1
1 -11.389138 -1.179550 -3.888601 0.660296 0.990084 -1
1 -11.337477 -1.179550 -3.729601 0.653747 0.987861 -1
1 -11.607981 -1.179550 -3.729601 0.653747 0.999501 -1
1 -5.080135 21.044518 -1.820594 0.424889 0.718602 -1
1 -5.247314 21.044518 -1.820594 0.424889 0.725796 -1
1 -5.298977 21.044518 -1.661593 0.431438 0.728019 -1
1 -5.028473 21.044518 -1.661593 0.431438 0.716379 -1
1 5.623545 42.855145 1.786579 0.654354 0.076695 -1
1 5.623545 42.855145 -1.840443 0.345646 0.076695 -1
1 -3.407373 42.855145 -4.774765 0.095895 0.761617 -1
1 -5.539282 42.855145 1.786579 0.654354 0.923305 -1
1 -5.539282 42.855145 -1.840443 0.345646 0.923305 -1
1 -5.539282 43.340725 1.786579 0.562752 -0.017650 -1
1 -5.539282 42.855145 1.786579 0.562752 0.080492 -1
1 -5.539282 43.340725 -1.840443 -0.040491 -0.017650 -1
1 -5.539282 42.855145 -1.840443 -0.040491 0.080492 -1
1 -3.407373 43.340725 -4.774765 -0.624056 -0.017650 -1
1 -3.407373 42.855145 -4.774765 -0.624056 0.080492 -1
1 -7.131572 -1.179550 -9.895403 0.907727 0.806877 -1
1 -6.964390 -1.179550 -9.895403 0.907727 0.799683 -1
1 -7.047981 -1.179550 -9.736406 0.901177 0.803280 -1
1 -3.025804 21.044518 -4.356334 0.320437 0.630203 -1
1 -3.077465 21.044518 -4.515330 0.313888 0.632426 -1
1 -3.244646 21.044518 -4.515330 0.313888 0.639620 -1
1 5.623545 43.340725 -1.840443 -2.315583 -0.017650 -1
1 5.623545 42.855145 -1.840443 -2.315583 0.080492 -1
1 -3.296308 21.044518 -4.356334 0.320437 0.641843 -1
1 5.623545 43.340725 -1.840443 3.441087 -0.017650 -1
1 5.623545 43.340725 1.786579 2.837844 -0.017650 -1
1 5.623545 42.855145 1.786579 2.837844 0.080492 -1
1 5.623545 42.855145 -1.840443 3.441087 0.080492 -1
1 3.491634 43.340725 4.720902 2.254279 -0.017650 -1
1 3.491634 42.855145 4.720902 2.254279 0.080492 -1
1 -3.407372 50.792210 4.720902 1.146317 -0.017650 -1
1 -3.407372 50.306629 4.720902 1.146317 0.080492 -1
1 0.042132 50.306629 5.841713 1.700298 0.080492 -1
1 0.042132 50.792210 5.841713 1.700298 -0.017650 -1
1 3.491634 50.792210 -4.774765 -1.732017 -0.017650 -1
1 3.491634 50.306629 -4.774765 -1.732017 0.080492 -1
1 0.042130 50.306629 -5.895576 -1.178036 0.080492 -1
1 0.042130 50.792210 -5.895576 -1.178036 -0.017650 -1
1 0.042132 50.792210 5.841713 0.999500 0.500000 -1
1 3.491634 50.792210 4.720902 0.904104 0.238383 -1
1 -3.407372 50.792210 4.720902 0.904104 0.761617 -1
1 7.038715 -1.179550 -9.809107 0.904172 0.197119 -1
1 7.205896 -1.179550 -9.809107 0.904172 0.189925 -1
1 7.122304 -1.179550 -9.650103 0.897622 0.193522 -1
1 0.042130 50.792210 -5.895576 0.000499 0.500000 -1
1 3.344221 21.044518 -4.575327 0.311417 0.356096 -1
1 3.177040 21.044518 -4.575327 0.311417 0.363289 -1
1 3.125380 21.044518 -4.416330 0.317966 0.365512 -1
1 3.395882 21.044518 -4.416330 0.317966 0.353873 -1
1 -3.407373 50.792210 -4.774765 0.095895 0.761617 -1
1 -5.539282 50.792210 1.786578 0.654354 0.923305 -1
1 -5.539282 50.792210 -1.840444 0.345646 0.923305 -1
1 3.491634 50.792210 -4.774765 0.095896 0.238383 -1
1 5.623545 50.792210 -1.840443 0.345646 0.076695 -1
1 5.623545 50.792210 1.786579 0.654354 0.076695 -1
1 -3.407372 50.306629 4.720902 0.904104 0.761617 -1
1 3.491634 50.306629 4.720902 0.904104 0.238383 -1
1 0.042132 50.306629 5.841713 0.999500 0.500000 -1
1 0.042130 50.306629 -5.895576 0.000499 0.500000 -1
1 3.491634 50.306629 -4.774765 0.095896 0.238383 -1
1 5.623545 50.306629 1.786579 0.654354 0.076695 -1
1 5.623545 50.306629 -1.840443 0.345646 0.076695 -1
1 0.121112 -1.179550 -12.123377 0.999501 0.494788 -1
1 0.172774 -1.179550 -11.964380 0.992951 0.492565 -1
1 -0.004273 -1.179550 -11.994745 0.994202 0.500184 -1
1 -3.407373 50.306629 -4.774765 0.095895 0.761617 -1
1 -5.539282 50.306629 1.786579 0.654354 0.923305 -1
1 0.121111 21.044518 -5.491137 0.273693 0.494789 -1
1 -0.046070 21.044518 -5.491137 0.273693 0.501982 -1
1 -0.097731 21.044518 -5.332141 0.280242 0.504205 -1
1 0.172773 21.044518 -5.332141 0.280242 0.492565 -1
1 0.037521 21.044518 -5.233874 0.284290 0.498385 -1
1 -5.539282 50.306629 -1.840443 0.345646 0.923305 -1
1 -5.539282 50.792210 1.786578 0.562752 -0.017650 -1
1 -5.539282 50.306629 1.786579 0.562752 0.080492 -1
1 -5.539282 50.792210 -1.840444 -0.040491 -0.017650 -1
1 -5.539282 50.306629 -1.840443 -0.040491 0.080492 -1
1 -3.407373 50.792210 -4.774765 -0.624056 -0.017650 -1
1 -3.407373 50.306629 -4.774765 -0.624056 0.080492 -1
1 5.623545 50.792210 -1.840443 -2.315583 -0.017650 -1
1 5.623545 50.306629 -1.840443 -2.315583 0.080492 -1
1 11.389140 -1.179550 -3.792683 0.656345 0.009916 -1
1 11.556319 -1.179550 -3.792683 0.656345 0.002723 -1
1 11.607981 -1.179550 -3.633687 0.649796 0.000500 -1
1 11.337477 -1.179550 -3.633687 0.649796 0.012140 -1
1 5.623545 50.792210 -1.840443 3.441087 -0.017650 -1
1 5.623545 50.792210 1.786579 2.837844 -0.017650 -1
1 5.623545 50.306629 1.786579 2.837844 0.080492 -1
1 5.378359 21.044518 -1.664210 0.431331 0.268565 -1
1 5.243106 21.044518 -1.823211 0.424781 0.274385 -1
1 5.107855 21.044518 -1.664210 0.431331 0.280205 -1
1 5.623545 50.306629 -1.840443 3.441087 0.080492 -1
1 3.491634 50.792210 4.720902 2.254279 -0.017650 -1
1 3.491634 50.306629 4.720902 2.254279 0.080492 -1
1 -5.043559 21.014950 -1.724338 -1.076769 -0.163811 -1
1 -5.300033 21.014950 -1.704188 -1.076769 -0.096972 -1
1 -5.215708 50.588337 -1.765693 2.189964 -0.050002 -1
1 -5.043559 21.014950 -1.724338 -1.076769 -0.028676 -1
1 -3.052173 21.014950 -4.391509 -1.076769 -0.163811 -1
1 -3.308647 21.014950 -4.371360 -1.076769 -0.096972 -1
1 -3.224322 50.588337 -4.432864 2.189964 -0.050002 -1
1 -3.052173 21.014950 -4.391509 -1.076769 -0.028676 -1
1 0.151269 21.014950 -5.368464 -1.076769 -0.163811 -1
1 -0.105205 21.014950 -5.348315 -1.076769 -0.096972 -1
1 -0.020881 50.588337 -5.409819 2.189964 -0.050002 -1
1 0.151269 21.014950 -5.368464 -1.076769 -0.028676 -1
1 3.370954 21.014950 -4.458357 -1.076769 -0.163811 -1
1 3.114479 21.014950 -4.438209 -1.076769 -0.096972 -1
1 3.198804 50.588337 -4.499712 2.189964 -0.050002 -1
1 6.990618 -1.179550 9.684610 0.101192 0.199188 -1
1 7.157797 -1.179550 9.684610 0.101192 0.191995 -1
1 7.074208 -1.179550 9.843611 0.094642 0.195592 -1
1 3.370954 21.014950 -4.458357 -1.076769 -0.028676 -1
1 3.344786 21.044518 4.271432 0.675830 0.356071 -1
1 3.177605 21.044518 4.271432 0.675830 0.363265 -1
1 3.125944 21.044518 4.430429 0.682379 0.365488 -1
1 3.396448 21.044518 4.430429 0.682379 0.353848 -1
1 5.354581 21.014950 -1.719264 -1.076769 -0.163811 -1
1 5.098107 21.014950 -1.699115 -1.076769 -0.096972 -1
1 5.182432 50.588337 -1.760619 2.189964 -0.050002 -1
1 5.354581 21.014950 -1.719264 -1.076769 -0.028676 -1
1 5.348034 21.014950 1.578622 -1.076769 -0.150937 -1
1 5.229617 21.014950 1.713696 -1.076769 -0.069261 -1
1 5.236711 50.588337 1.684169 2.189964 -0.069308 -1
1 5.348034 21.014950 1.578622 -1.076769 -0.015802 -1
1 3.355321 21.014950 4.372754 -1.076769 -0.163811 -1
1 3.098846 21.014950 4.392904 -1.076769 -0.096972 -1
1 3.183171 50.588337 4.331399 2.189964 -0.050002 -1
1 3.355321 21.014950 4.372754 -1.076769 -0.028676 -1
1 0.145723 21.014950 5.326169 -1.076769 -0.163811 -1
1 -0.110752 21.014950 5.346319 -1.076769 -0.096972 -1
1 -0.026427 50.588337 5.284814 2.189964 -0.050002 -1
1 0.145723 21.014950 5.326169 -1.076769 -0.028676 -1
1 -3.075465 21.014950 4.371656 -1.076769 -0.163811 -1
1 -3.331939 21.014950 4.391805 -1.076769 -0.096972 -1
1 -3.247615 50.588337 4.330301 2.189964 -0.050002 -1
1 -3.075465 21.014950 4.371656 -1.076769 -0.028676 -1
1 -5.053996 21.014950 1.658910 -1.076769 -0.163811 -1
1 -5.310470 21.014950 1.679059 -1.076769 -0.096972 -1
1 -5.226145 50.588337 1.617554 2.189964 -0.050002 -1
1 -5.053996 21.014950 1.658910 -1.076769 -0.028676 -1
1 -11.607981 -1.179550 -3.729601 0.000499 0.999500 -1
1 -11.337477 -1.179550 -3.729601 0.012139 0.999500 -1
1 -5.298977 21.044518 -1.661593 0.271981 0.000500 -1
1 -5.247314 21.044518 -1.820594 0.424889 0.000500 -1
1 -11.556317 -1.179550 -3.888601 0.339704 0.999500 -1
1 -11.607981 -1.179550 -3.729601 0.346253 0.999500 -1
1 -5.298977 21.044518 -1.661593 0.431438 0.000500 -1
1 -11.556317 -1.179550 -3.888601 0.997277 0.999500 -1
1 -5.247314 21.044518 -1.820594 0.725796 0.000500 -1
1 -11.389138 -1.179550 -3.888601 0.990084 0.999500 -1
1 -5.028473 21.044518 -1.661593 0.568562 0.000500 -1
1 -11.337477 -1.179550 -3.729601 0.653747 0.999500 -1
1 -11.389138 -1.179550 -3.888601 0.660296 0.999500 -1
1 -5.028473 21.044518 -1.661593 0.283621 0.000500 -1
1 -11.431528 -1.179554 3.772396 0.655274 0.999500 -1
1 -5.201912 21.044518 1.806199 0.574283 0.000500 -1
1 -5.223098 21.044518 1.536527 0.563175 0.000500 -1
1 -5.060543 21.044518 1.575578 0.717759 0.000500 -1
1 -11.279567 -1.179554 3.676607 0.985369 0.999500 -1
1 -11.431528 -1.179554 3.772396 0.992364 0.999500 -1
1 -5.223098 21.044518 1.536527 0.724754 0.000500 -1
1 -5.047449 21.044518 1.742242 0.428352 0.000500 -1
1 -11.266471 -1.179554 3.843275 0.341807 0.999500 -1
1 -11.279567 -1.179554 3.676607 0.348672 0.999500 -1
1 -5.060543 21.044518 1.575578 0.435217 0.000500 -1
1 -11.431528 -1.179554 3.772396 0.008548 0.999500 -1
1 -11.266471 -1.179554 3.843275 0.015195 0.999500 -1
1 -5.047449 21.044518 1.742242 0.282804 0.000500 -1
1 -5.201912 21.044518 1.806199 0.276158 0.000500 -1
1 3.396448 21.044518 4.430429 0.646152 0.000500 -1
1 3.125944 21.044518 4.430429 0.634512 0.000500 -1
1 7.074208 -1.179550 9.843611 0.804408 0.999500 -1
1 6.990618 -1.179550 9.684610 0.898808 0.999500 -1
1 7.074208 -1.179550 9.843611 0.905358 0.999500 -1
1 3.125944 21.044518 4.430429 0.682379 0.000500 -1
1 3.177605 21.044518 4.271432 0.675830 0.000500 -1
1 3.344786 21.044518 4.271432 0.356071 0.000500 -1
1 7.157797 -1.179550 9.684610 0.191995 0.999500 -1
1 6.990618 -1.179550 9.684610 0.199188 0.999500 -1
1 3.177605 21.044518 4.271432 0.363265 0.000500 -1
1 3.396448 21.044518 4.430429 0.317621 0.000500 -1
1 7.074208 -1.179550 9.843611 0.094642 0.999500 -1
1 7.157797 -1.179550 9.684610 0.101192 0.999500 -1
1 3.344786 21.044518 4.271432 0.324170 0.000500 -1
1 11.337477 -1.179550 -3.633687 0.987860 0.999500 -1
1 11.607981 -1.179550 -3.633687 0.999500 0.999500 -1
1 5.378359 21.044518 -1.664210 0.731435 0.000500 -1
1 5.107855 21.044518 -1.664210 0.719795 0.000500 -1
1 11.337477 -1.179550 -3.633687 0.350204 0.999500 -1
1 5.107855 21.044518 -1.664210 0.431331 0.000500 -1
1 11.389140 -1.179550 -3.792683 0.343655 0.999500 -1
1 11.556319 -1.179550 -3.792683 0.656345 0.999500 -1
1 5.378359 21.044518 -1.664210 0.568669 0.000500 -1
1 11.607981 -1.179550 -3.633687 0.649796 0.999500 -1
1 -0.004273 -1.179550 -11.994745 0.501615 0.999500 -1
1 0.037521 21.044518 -5.233874 0.501615 0.000500 -1
1 -0.097731 21.044518 -5.332141 0.495795 0.000500 -1
1 -0.004273 -1.179550 -11.994745 0.000499 0.999500 -1
1 -0.097731 21.044518 -5.332141 0.280242 0.000500 -1
1 -0.046070 21.044518 -5.491137 0.273693 0.000500 -1
1 0.121112 -1.179550 -12.123377 0.494788 0.999500 -1
1 -0.004273 -1.179550 -11.994745 0.501982 0.999500 -1
1 -0.046070 21.044518 -5.491137 0.501982 0.000500 -1
1 0.121111 21.044518 -5.491137 0.494789 0.000500 -1
1 0.172774 -1.179550 -11.964380 0.992951 0.999500 -1
1 0.121112 -1.179550 -12.123377 0.999501 0.999500 -1
1 0.121111 21.044518 -5.491137 0.726307 0.000500 -1
1 0.172773 21.044518 -5.332141 0.719758 0.000500 -1
1 0.172774 -1.179550 -11.964380 0.507435 0.999500 -1
1 0.172773 21.044518 -5.332141 0.507435 0.000500 -1
1 3.395882 21.044518 -4.416330 0.646127 0.000500 -1
1 3.125380 21.044518 -4.416330 0.634488 0.000500 -1
1 7.122304 -1.179550 -9.650103 0.806478 0.999500 -1
1 3.177040 21.044518 -4.575327 0.311417 0.000500 -1
1 7.038715 -1.179550 -9.809107 0.095828 0.999500 -1
1 7.122304 -1.179550 -9.650103 0.102378 0.999500 -1
1 3.125380 21.044518 -4.416330 0.317966 0.000500 -1
1 3.344221 21.044518 -4.575327 0.356096 0.000500 -1
1 7.205896 -1.179550 -9.809107 0.189925 0.999500 -1
1 7.038715 -1.179550 -9.809107 0.197119 0.999500 -1
1 3.177040 21.044518 -4.575327 0.363290 0.000500 -1
1 7.122304 -1.179550 -9.650103 0.897622 0.999500 -1
1 7.205896 -1.179550 -9.809107 0.904172 0.999500 -1
1 3.344221 21.044518 -4.575327 0.688583 0.000500 -1
1 3.395882 21.044518 -4.416330 0.682034 0.000500 -1
1 -3.244646 21.044518 -4.515330 0.313888 0.000500 -1
1 -7.131572 -1.179550 -9.895403 0.092273 0.999500 -1
1 -7.047981 -1.179550 -9.736406 0.098823 0.999500 -1
1 -3.296308 21.044518 -4.356334 0.320437 0.000500 -1
1 -6.964390 -1.179550 -9.895403 0.799683 0.999500 -1
1 -7.131572 -1.179550 -9.895403 0.806877 0.999500 -1
1 -3.244646 21.044518 -4.515330 0.639620 0.000500 -1
1 -3.077465 21.044518 -4.515330 0.632426 0.000500 -1
1 -7.047981 -1.179550 -9.736406 0.901177 0.999500 -1
1 -6.964390 -1.179550 -9.895403 0.907727 0.999500 -1
1 -3.077465 21.044518 -4.515330 0.686112 0.000500 -1
1 -3.025804 21.044518 -4.356334 0.679563 0.000500 -1
1 -3.296308 21.044518 -4.356334 0.358157 0.000500 -1
1 -7.047981 -1.179550 -9.736406 0.196720 0.999500 -1
1 -3.025804 21.044518 -4.356334 0.369797 0.000500 -1
1 11.314753 -1.179554 3.757621 0.986883 0.999500 -1
1 11.585257 -1.179554 3.757621 0.998523 0.999500 -1
1 5.349837 21.044518 1.701159 0.730208 0.000500 -1
1 11.314753 -1.179554 3.757621 0.654665 0.999500 -1
1 5.130995 21.044518 1.542157 0.563407 0.000500 -1
1 11.366415 -1.179554 3.598625 0.648116 0.999500 -1
1 5.298174 21.044518 1.542157 0.272016 0.000500 -1
1 11.533594 -1.179554 3.598625 0.003701 0.999500 -1
1 11.366415 -1.179554 3.598625 0.010894 0.999500 -1
1 5.130995 21.044518 1.542157 0.279209 0.000500 -1
1 5.349837 21.044518 1.701159 0.430044 0.000500 -1
1 11.585257 -1.179554 3.757621 0.345335 0.999500 -1
1 11.533594 -1.179554 3.598625 0.351884 0.999500 -1
1 5.298174 21.044518 1.542157 0.436593 0.000500 -1
1 -7.089822 -1.179550 9.593260 0.895045 0.999500 -1
1 -7.006233 -1.179550 9.752256 0.901595 0.999500 -1
1 -3.340091 21.044518 4.431650 0.682430 0.000500 -1
1 -3.288429 21.044518 4.272653 0.675880 0.000500 -1
1 -6.922642 -1.179550 9.593260 0.797887 0.999500 -1
1 -7.089822 -1.179550 9.593260 0.805081 0.999500 -1
1 -3.288429 21.044518 4.272653 0.641504 0.000500 -1
1 -3.121250 21.044518 4.272653 0.634310 0.000500 -1
1 -3.069588 21.044518 4.431650 0.317570 0.000500 -1
1 -7.006233 -1.179550 9.752256 0.098405 0.999500 -1
1 -6.922642 -1.179550 9.593260 0.104955 0.999500 -1
1 -3.121250 21.044518 4.272653 0.324120 0.000500 -1
1 -0.096814 -1.179550 12.030821 0.495834 0.999500 -1
1 0.080232 -1.179550 12.000452 0.501654 0.999500 -1
1 -0.096813 21.044518 5.367151 0.495834 0.000500 -1
1 -0.045154 -1.179550 11.871820 0.988903 0.999500 -1
1 -0.096814 -1.179550 12.030821 0.995453 0.999500 -1
1 -0.096813 21.044518 5.367151 0.720965 0.000500 -1
1 -0.045153 21.044518 5.208150 0.714415 0.000500 -1
1 0.080232 -1.179550 12.000452 0.494749 0.999500 -1
1 -0.045154 -1.179550 11.871820 0.501943 0.999500 -1
1 -0.045153 21.044518 5.208150 0.501943 0.000500 -1
1 0.122028 21.044518 5.208150 0.494749 0.000500 -1
1 0.173689 21.044518 5.367151 0.279035 0.000500 -1
1 0.173689 -1.179550 12.030821 0.004547 0.999500 -1
1 0.080232 -1.179550 12.000452 0.011097 0.999500 -1
1 0.122028 21.044518 5.208150 0.285585 0.000500 -1
1 0.173689 -1.179550 12.030821 0.507474 0.999500 -1
1 0.173689 21.044518 5.367151 0.507474 0.000500 -1
1 5.243106 21.044518 -1.823211 0.424781 0.000500 -1
1 5.243106 21.044518 -1.823211 0.274385 0.000500 -1
1 11.556319 -1.179550 -3.792683 0.002723 0.999500 -1
1 11.389140 -1.179550 -3.792683 0.009916 0.999500 -1
1 5.243106 21.044518 -1.823211 0.575219 0.000500 -1
1 -5.080135 21.044518 -1.820594 0.718602 0.000500 -1
1 -5.080135 21.044518 -1.820594 0.575111 0.000500 -1
1 5.079333 21.044518 1.701159 0.718568 0.000500 -1
1 5.079333 21.044518 1.701159 0.569956 0.000500 -1
1 -3.069588 21.044518 4.431650 0.367913 0.000500 -1
1 -3.340091 21.044518 4.431650 0.356273 0.000500 -1
1 -7.006233 -1.179550 9.752256 0.198516 0.999500 -1
233
-0.682690 -0.004388 -0.730695
-0.354048 -0.002976 -0.935223
0.448801 -0.019588 -0.893417
0.498302 -0.010327 -0.866942
0.841541 -0.011249 -0.540076
0.825288 -0.000197 -0.564712
0.824540 -0.000325 0.565804
0.623214 -0.000286 0.782051
0.824540 -0.000325 0.565804
0.338395 -0.000213 0.941004
-0.284563 -0.000018 0.958657
-0.624469 0.000109 0.781049
-0.999857 0.010951 0.012860
-0.998976 0.000311 0.045237
-0.090215 0.964551 -0.247997
0.130322 0.976531 -0.171476
0.003346 0.953266 -0.302114
0.105147 0.943406 -0.314530
0.206634 0.936971 -0.281758
0.282812 0.936885 -0.205583
0.315573 0.943179 -0.104051
0.303105 0.952954 -0.002205
0.247652 0.964392 0.092823
-0.016806 0.979905 0.198757
0.216713 0.962913 0.160732
0.164503 0.950637 0.263111
0.052250 0.937132 0.345041
-0.088630 0.936208 0.340087
-0.192918 0.943478 0.269501
-0.246913 0.954818 0.165399
-0.315787 0.945083 0.084244
-0.221077 0.969790 -0.103112
-0.379581 0.916374 -0.127187
-0.177421 0.940564 -0.289587
-0.612661 0.000297 -0.790345
0.339493 -0.000001 -0.940608
-0.278170 0.000206 -0.960532
0.624198 -0.000115 -0.781266
0.825289 -0.000207 -0.564711
0.825289 -0.000207 -0.564711
0.917782 -0.000351 0.397084
0.778385 -0.000332 0.627787
0.917782 -0.000351 0.397085
0.563757 -0.000285 0.825941
-0.059451 -0.000099 0.998231
-0.505347 0.000065 0.862916
-0.587785 0.000000 0.809017
-0.107677 0.000000 0.994186
0.107677 0.000000 0.994186
0.587785 0.000000 -0.809017
0.587785 0.000000 -0.809017
0.107677 0.000000 -0.994186
-0.107677 0.000000 -0.994186
0.000000 1.000000 0.000000
-0.964167 0.000288 0.265297
-0.980997 0.000348 -0.194021
0.000000 -1.000000 0.000000
0.049507 -0.087364 -0.994946
0.271450 -0.033002 -0.961886
-0.053529 -0.043871 -0.997602
0.576732 -0.000095 -0.816933
0.825289 -0.000209 -0.564711
0.825289 -0.000209 -0.564711
-0.978801 0.000000 0.204813
-0.912253 0.000000 0.409627
-0.912253 0.000000 -0.409627
-0.978801 0.000000 -0.204814
0.917781 -0.000355 0.397087
0.734110 -0.014486 0.678876
0.874909 -0.028784 0.483432
0.429617 -0.028716 0.902555
-0.587785 0.000001 -0.809017
-0.587785 0.000000 -0.809017
0.187523 -0.011575 0.982192
0.809017 0.000000 -0.587786
0.048589 -0.039472 0.998039
1.000000 0.000000 0.000000
0.912253 0.000000 0.409627
0.978801 0.000000 0.204814
-0.843045 0.104566 0.527580
-0.819137 0.080917 0.567861
-0.963615 0.061456 0.260133
-0.987588 0.031834 -0.153806
0.587785 0.000000 0.809017
-0.865680 0.012136 -0.500451
-0.836363 0.024605 -0.547623
0.587785 -0.000000 -0.809017
0.587785 -0.000001 -0.809017
0.107677 -0.000000 -0.994186
-0.107677 0.000000 -0.994186
-0.912253 0.000000 -0.409627
-0.978801 0.000000 -0.204814
-0.587785 0.000000 -0.809017
0.809017 0.000000 -0.587785
0.809017 -0.000000 -0.587785
0.912253 0.000000 0.409627
0.978801 0.000000 0.204814
0.107677 0.000000 -0.994186
-0.107677 0.000000 -0.994186
-0.912253 0.000000 -0.409627
1.000000 0.000000 0.000000
0.587785 0.000000 -0.809017
0.587785 0.000001 -0.809017
0.107677 0.000000 -0.994186
-0.107677 0.000000 -0.994186
0.809017 0.000000 -0.587785
-0.587785 0.000000 0.809017
0.587785 -0.000000 -0.809017
-0.978801 0.000000 0.204813
-0.912253 0.000000 0.409627
-0.912253 -0.000000 -0.409627
-0.978801 -0.000000 -0.204814
-0.587785 -0.000000 -0.809017
0.809017 -0.000000 -0.587786
0.809017 -0.000000 -0.587786
1.000000 0.000000 0.000000
0.912253 0.000000 0.409627
0.978801 0.000000 0.204814
0.587785 0.000000 0.809017
-0.078324 -0.001850 -0.996926
0.000000 0.000000 0.000000
0.078324 0.001850 0.996926
-0.078321 -0.001850 -0.996926
0.078321 0.001850 0.996926
-0.078321 -0.001850 -0.996926
0.078321 0.001850 0.996926
-0.078319 -0.001850 -0.996927
0.078319 0.001850 0.996927
-0.078320 -0.001850 -0.996927
0.078320 0.001850 0.996927
-0.751945 -0.000478 -0.659225
0.751945 0.000478 0.659225
-0.078324 -0.001850 -0.996926
0.078324 0.001850 0.996926
-0.078324 -0.001850 -0.996926
0.078324 0.001850 0.996926
-0.078317 -0.001850 -0.996927
0.078317 0.001850 0.996927
-0.078320 -0.001850 -0.996927
0.078320 0.001850 0.996927
0.000000 -0.092652 0.995699
-0.911260 0.286242 -0.296091
-0.911260 0.286242 -0.296093
-0.911261 0.286242 -0.296089
0.000000 0.092652 -0.995699
0.924537 -0.234506 -0.300397
0.924537 -0.234506 -0.300396
-0.958402 0.275310 0.075292
-0.164636 -0.050177 -0.985077
-0.531976 0.069080 -0.843937
0.230541 -0.160950 -0.959659
0.958402 -0.275311 -0.075300
0.958401 -0.275311 -0.075306
0.958402 -0.275311 -0.075294
-0.002553 0.091698 0.995784
-0.387117 0.193553 0.901486
0.382438 -0.025486 0.923630
0.000000 0.236654 0.971594
-0.984622 -0.150085 0.089405
-0.884283 -0.043865 0.464887
-0.925121 -0.231940 -0.300591
0.000000 -0.236654 -0.971594
0.979846 0.184139 0.077419
0.856693 0.251470 0.450377
0.947402 0.087567 -0.307833
0.000000 -0.088273 0.996096
-0.924958 -0.232640 -0.300552
-0.855314 -0.195800 -0.479687
0.838334 0.277959 -0.468973
0.912445 0.282041 -0.296475
-0.061679 -0.288588 0.955465
-0.000178 -0.291044 0.956710
-0.570903 -0.237970 0.785774
-0.947342 0.088295 -0.307810
-0.379218 0.261984 -0.887445
-0.701783 0.198865 -0.684071
0.000000 0.285964 -0.958240
0.947036 0.091831 -0.307716
0.947037 0.091830 -0.307716
0.947036 0.091831 -0.307717
-0.162170 -0.282178 0.945556
0.220357 -0.281717 0.933851
0.000000 -0.229229 0.973372
-0.978469 -0.191358 0.077330
-0.855948 -0.254700 0.449978
-0.946500 -0.097802 -0.307528
0.000000 0.229230 -0.973372
0.985094 0.147107 0.089155
0.884272 0.044173 0.464878
0.926402 0.226221 -0.301005
-0.985008 0.147588 0.089313
-0.884344 0.042117 0.464933
-0.925759 0.229099 -0.300806
0.000000 0.235287 -0.971926
0.000000 0.235287 -0.971926
0.978191 -0.192872 0.077088
0.855073 -0.258377 0.449547
0.946585 -0.096860 -0.307564
0.000000 -0.235287 0.971926
0.000000 0.092139 0.995746
-0.912084 -0.283327 -0.296358
-0.912083 -0.283327 -0.296362
0.000000 -0.092140 -0.995746
0.925162 0.231757 -0.300607
0.925160 0.231756 -0.300611
0.925163 0.231758 -0.300603
-0.979980 0.183362 0.077568
-0.857188 0.249292 0.450646
-0.947336 0.088348 -0.307813
0.000000 -0.232828 -0.972518
0.984648 -0.149967 0.089317
0.884218 -0.045332 0.464869
0.925492 -0.230297 -0.300712
0.162130 0.283408 0.945195
-0.069551 0.284804 0.956059
-0.045969 0.285775 0.957193
-0.947005 -0.092257 -0.307686
-0.947005 -0.092257 -0.307687
-0.947005 -0.092257 -0.307686
0.378642 -0.268565 -0.885722
0.700897 -0.204854 -0.683212
0.000000 -0.292282 -0.956332
0.697769 -0.207565 -0.685591
0.297198 -0.274230 -0.914588
0.946686 -0.095788 -0.307588
-0.150459 0.282257 0.947467
0.000000 0.287207 0.957868
-0.752915 -0.151461 -0.640452
0.000000 0.088273 -0.996096
0.734659 0.264076 -0.624932
0.924537 -0.234506 -0.300397
-0.912086 -0.283327 -0.296354
0.000000 0.232828 0.972518
365
1 0 1 2 0 1 2 1
1 1 3 2 1 3 2 1
1 3 4 2 3 4 2 1
1 2 4 5 2 4 5 1
1 6 7 8 6 7 8 1
1 8 7 9 8 7 9 1
1 7 10 9 7 10 9 1
1 9 10 11 9 10 11 1
1 10 12 11 10 12 11 1
1 11 12 13 11 12 13 1
1 13 12 0 13 12 0 1
1 12 1 0 12 1 0 1
1 14 15 16 14 15 16 1
1 16 15 17 16 15 17 1
1 17 15 18 17 15 18 1
1 18 15 19 18 15 19 1
1 19 15 20 19 15 20 1
1 20 15 21 20 15 21 1
1 21 15 22 21 15 22 1
1 22 23 24 22 23 24 1
1 23 22 15 23 22 15 1
1 24 23 25 24 23 25 1
1 25 23 26 25 23 26 1
1 26 23 27 26 23 27 1
1 27 23 28 27 23 28 1
1 28 23 29 28 23 29 1
1 29 23 30 29 23 30 1
1 31 30 23 31 30 23 1
1 30 31 32 30 31 32 1
1 32 31 33 32 31 33 1
1 33 15 14 33 15 14 1
1 15 33 31 15 33 31 1
1 15 31 23 15 31 23 1
1 34 35 36 34 35 36 1
1 36 35 37 36 35 37 1
1 35 38 37 35 38 37 1
1 37 38 39 37 38 39 1
1 40 41 42 40 41 42 1
1 42 41 43 42 41 43 1
1 41 44 43 41 44 43 1
1 43 44 45 43 44 45 1
1 46 47 48 46 46 47 1
1 48 49 46 47 48 46 1
1 50 51 52 49 50 51 1
1 52 53 50 51 52 49 1
1 54 55 56 53 53 53 1
1 44 57 45 44 54 45 1
1 45 57 58 45 54 55 1
1 55 59 56 53 53 53 1
1 59 60 56 53 53 53 1
1 60 61 56 53 53 53 1
1 60 62 61 53 53 53 1
1 55 63 59 53 53 53 1
1 55 64 63 53 53 53 1
1 57 34 58 54 34 55 1
1 58 34 36 55 34 36 1
1 55 65 64 53 53 53 1
1 66 67 68 56 56 56 1
1 69 70 71 57 58 59 1
1 71 70 72 59 58 60 1
1 66 73 67 56 56 56 1
1 73 74 67 56 56 56 1
1 74 75 67 56 56 56 1
1 74 76 75 56 56 56 1
1 66 77 73 56 56 56 1
1 66 78 77 56 56 56 1
1 70 79 72 58 61 60 1
1 72 79 80 60 61 62 1
1 78 81 77 56 56 56 1
1 46 82 83 46 63 64 1
1 83 47 46 64 46 46 1
1 82 84 85 63 65 66 1
1 86 87 88 67 68 69 1
1 88 87 89 69 68 70 1
1 85 83 82 66 64 63 1
1 84 90 91 65 71 72 1
1 87 92 89 68 73 70 1
1 91 85 84 72 66 65 1
1 53 52 91 52 51 72 1
1 91 90 53 72 71 52 1
1 50 93 94 49 74 74 1
1 89 92 95 70 73 75 1
1 94 51 50 74 50 49 1
1 96 97 98 76 77 78 1
1 98 99 96 78 76 76 1
1 95 92 100 79 80 81 2
1 92 101 100 80 82 81 2
1 97 102 103 77 83 83 1
1 103 98 97 83 78 77 1
1 49 48 103 48 47 83 1
1 103 102 49 83 83 48 1
1 100 101 71 81 82 84 2
1 104 105 106 46 46 47 1
1 106 107 104 47 48 46 1
1 101 69 71 82 85 84 2
1 108 109 110 86 87 88 1
1 110 111 108 88 89 86 1
1 112 113 114 53 53 53 1
1 113 115 114 53 53 53 1
1 115 116 114 53 53 53 1
1 116 117 114 53 53 53 1
1 116 118 117 53 53 53 1
1 113 119 115 53 53 53 1
1 113 120 119 53 53 53 1
1 113 121 120 53 53 53 1
1 122 123 124 56 56 56 1
1 122 125 123 56 56 56 1
1 125 126 123 56 56 56 1
1 126 127 123 56 56 56 1
1 126 128 127 56 56 56 1
1 122 129 125 56 56 56 1
1 122 130 129 56 56 56 1
1 130 131 129 56 56 56 1
1 104 132 133 46 63 64 1
1 133 105 104 64 46 46 1
1 132 134 135 63 90 91 1
1 135 133 132 91 64 63 1
1 134 136 137 90 92 92 1
1 137 135 134 92 91 90 1
1 111 110 137 89 88 92 1
1 137 136 111 92 92 89 1
1 108 138 139 86 93 94 1
1 139 109 108 94 87 86 1
1 140 141 142 76 95 96 1
1 142 143 140 96 76 76 1
1 141 144 145 95 83 83 1
1 145 142 141 83 96 95 1
1 107 106 145 48 47 83 1
1 145 144 107 83 83 48 1
1 146 147 148 46 46 47 1
1 149 150 151 56 56 56 1
1 152 153 154 53 53 53 1
1 155 152 154 53 53 53 1
1 148 156 146 47 48 46 1
1 157 158 159 49 49 97 1
1 159 160 157 97 98 49 1
1 161 162 163 53 53 53 1
1 162 164 163 53 53 53 1
1 164 165 163 53 53 53 1
1 165 166 163 53 53 53 1
1 165 167 166 53 53 53 1
1 162 168 164 53 53 53 1
1 162 169 168 53 53 53 1
1 162 170 169 53 53 53 1
1 171 172 173 56 56 56 1
1 174 175 176 56 56 56 1
1 171 177 172 56 56 56 1
1 178 179 180 53 53 53 1
1 178 180 181 53 53 53 1
1 177 182 172 56 56 56 1
1 182 183 172 56 56 56 1
1 182 184 183 56 56 56 1
1 171 185 177 56 56 56 1
1 171 186 185 56 56 56 1
1 186 187 185 56 56 56 1
1 146 188 189 46 63 64 1
1 189 147 146 64 46 46 1
1 188 190 191 63 99 66 1
1 191 189 188 66 64 63 1
1 190 192 193 99 92 92 1
1 193 191 190 92 66 99 1
1 194 195 196 56 56 56 1
1 160 159 193 98 97 92 1
1 197 198 199 53 53 53 1
1 200 197 199 53 53 53 1
1 193 192 160 92 92 98 1
1 157 201 202 49 93 93 1
1 202 158 157 93 49 49 1
1 203 204 205 100 95 96 1
1 205 206 203 96 100 100 1
1 204 207 208 95 83 83 1
1 208 205 204 83 96 95 1
1 156 148 208 48 47 83 1
1 208 207 156 83 83 48 1
1 209 210 211 46 46 47 1
1 211 212 209 47 48 46 1
1 213 214 215 101 102 103 1
1 216 217 218 56 56 56 1
1 219 216 218 56 56 56 1
1 220 221 222 53 53 53 1
1 223 220 222 53 53 53 1
1 215 224 213 103 104 101 1
1 225 226 227 53 53 53 1
1 226 228 227 53 53 53 1
1 228 229 227 53 53 53 1
1 229 230 227 53 53 53 1
1 229 231 230 53 53 53 1
1 226 232 228 53 53 53 1
1 226 233 232 53 53 53 1
1 226 234 233 53 53 53 1
1 235 236 237 56 56 56 1
1 235 238 236 56 56 56 1
1 238 239 236 56 56 56 1
1 240 241 242 56 56 56 1
1 243 240 242 56 56 56 1
1 244 245 246 53 53 53 1
1 247 244 246 53 53 53 1
1 239 248 236 56 56 56 1
1 239 249 248 56 56 56 1
1 235 250 238 56 56 56 1
1 235 251 250 56 56 56 1
1 251 252 250 56 56 56 1
1 209 253 254 46 63 64 1
1 254 210 209 64 46 46 1
1 253 255 256 63 99 66 1
1 256 254 253 66 64 63 1
1 255 257 258 99 92 92 1
1 258 256 255 92 66 99 1
1 224 215 258 104 103 92 1
1 259 260 261 56 56 56 1
1 258 257 224 92 92 104 1
1 262 263 264 53 53 53 1
1 213 265 266 101 74 105 1
1 262 264 267 53 53 53 1
1 266 214 213 105 102 101 1
1 268 269 270 76 77 78 1
1 270 271 268 78 76 76 1
1 269 272 273 77 83 83 1
1 273 270 269 83 78 77 1
1 212 211 273 48 47 83 1
1 273 272 212 83 83 48 1
1 274 275 276 106 46 47 1
1 276 277 274 47 48 106 1
1 278 279 280 107 49 51 1
1 280 281 278 51 104 107 1
1 282 283 284 53 53 53 1
1 285 286 287 56 56 56 1
1 283 288 284 53 53 53 1
1 289 290 291 53 53 53 1
1 292 289 291 53 53 53 1
1 288 293 284 53 53 53 1
1 293 294 284 53 53 53 1
1 293 295 294 53 53 53 1
1 283 296 288 53 53 53 1
1 283 297 296 53 53 53 1
1 283 298 297 53 53 53 1
1 299 300 301 56 56 56 1
1 299 302 300 56 56 56 1
1 302 303 300 56 56 56 1
1 303 304 300 56 56 56 1
1 303 305 304 56 56 56 1
1 306 307 308 56 56 56 1
1 299 309 302 56 56 56 1
1 299 310 309 56 56 56 1
1 311 312 313 53 53 53 1
1 314 311 313 53 53 53 1
1 315 314 313 53 53 53 1
1 310 316 309 56 56 56 1
1 274 317 318 106 108 109 1
1 318 275 274 109 46 106 1
1 317 319 320 108 110 111 1
1 320 318 317 111 109 108 1
1 319 321 322 110 92 112 1
1 322 320 319 112 111 110 1
1 281 280 322 104 51 112 1
1 322 321 281 112 92 104 1
1 278 323 324 107 113 114 1
1 324 279 278 114 49 107 1
1 325 326 327 56 56 56 1
1 328 325 327 56 56 56 1
1 329 330 331 115 116 117 1
1 332 333 334 53 53 53 1
1 331 335 329 117 115 115 1
1 330 336 337 116 83 118 1
1 337 331 330 118 117 116 1
1 277 276 337 48 47 118 1
1 337 336 277 118 83 48 1
1 338 339 340 119 120 120 1
1 339 341 340 120 121 120 1
1 342 343 344 122 120 120 1
1 343 345 344 120 123 120 1
1 346 347 348 124 120 120 1
1 347 349 348 120 125 120 1
1 350 351 352 126 120 120 1
1 353 354 355 56 56 56 1
1 351 356 352 120 127 120 1
1 357 358 359 53 53 53 1
1 360 357 359 53 53 53 1
1 361 362 363 128 120 120 1
1 362 364 363 120 129 120 1
1 365 366 367 130 120 120 1
1 366 368 367 120 131 120 1
1 369 370 371 132 120 120 1
1 370 372 371 120 133 120 1
1 373 374 375 134 120 120 1
1 374 376 375 120 135 120 1
1 377 378 379 136 120 120 1
1 378 380 379 120 137 120 1
1 381 382 383 138 120 120 1
1 382 384 383 120 139 120 1
1 385 386 387 140 140 140 1
1 388 389 390 141 142 141 1
1 390 391 388 141 143 141 1
1 392 393 394 144 144 144 1
1 395 396 397 145 146 145 1
1 398 387 386 140 140 140 1
1 399 400 401 147 147 147 1
1 402 403 404 148 149 148 1
1 404 405 402 148 150 148 1
1 406 407 408 151 152 151 1
1 408 409 406 151 153 151 1
1 410 411 412 154 155 154 1
1 412 413 410 154 156 154 1
1 414 415 416 157 157 157 1
1 417 418 419 158 159 158 1
1 419 420 417 158 160 158 1
1 421 422 423 161 161 161 1
1 423 424 421 161 161 161 1
1 425 426 427 162 163 162 1
1 427 428 425 162 164 162 1
1 429 430 431 165 165 165 1
1 431 432 429 165 165 165 1
1 433 434 435 166 167 167 1
1 436 437 438 168 168 169 1
1 439 440 441 170 171 172 1
1 442 443 444 173 173 173 1
1 445 446 447 174 175 174 1
1 447 448 445 174 176 174 1
1 449 450 451 177 178 177 1
1 451 452 449 177 179 177 1
1 439 453 454 170 180 181 1
1 454 440 439 181 171 170 1
1 455 456 457 182 182 182 1
1 458 459 460 183 184 183 1
1 460 461 458 183 185 183 1
1 462 463 464 186 186 186 1
1 464 465 462 186 186 186 1
1 466 467 468 187 188 187 1
1 468 469 466 187 189 187 1
1 470 471 472 190 191 190 1
1 472 473 470 190 192 190 1
1 474 475 476 193 193 193 1
1 476 477 474 193 194 193 1
1 478 479 480 195 196 195 1
1 480 481 478 195 197 195 1
1 482 483 484 198 198 198 1
1 485 486 487 199 199 199 1
1 488 489 490 200 200 201 1
1 491 492 493 202 202 202 1
1 493 494 491 202 202 202 1
1 495 496 497 203 204 203 1
1 497 498 495 203 205 203 1
1 499 500 501 206 207 206 1
1 501 502 499 206 208 206 1
1 503 504 505 209 209 209 1
1 505 506 503 209 209 209 1
1 507 508 509 210 211 210 1
1 509 510 507 210 212 210 1
1 511 512 513 213 214 215 1
1 514 515 516 216 217 216 1
1 516 517 514 216 218 216 1
1 518 519 520 219 220 219 1
1 520 521 518 219 221 219 1
1 522 523 524 222 223 222 1
1 524 525 522 222 224 222 1
1 513 512 526 215 214 225 1
1 526 527 513 225 226 215 1
1 528 435 434 227 167 167 1
1 529 530 531 228 228 228 1
1 437 436 532 168 168 229 1
1 393 533 394 144 144 144 1
1 395 397 534 145 145 230 1
1 487 535 485 199 199 199 1
1 489 488 536 200 200 231 1
1 537 538 539 232 232 232 1
"MDL-Objec2" 1 1
70
1 -1.840862 5.614366 -1.920528 0.142431 0.000546 -1
1 1.261645 5.612681 -2.410186 -0.467638 0.000846 -1
1 -1.228208 -0.173004 -2.534712 -0.009927 0.998968 -1
1 0.486771 -0.173931 -2.805418 -0.314866 0.999135 -1
1 2.033233 -0.174980 -2.016125 -0.619856 0.999321 -1
1 2.891495 5.611257 -0.028273 -1.001302 0.001100 -1
1 2.889847 -0.175884 -0.028860 -1.001202 0.999482 -1
1 2.891495 5.611257 -0.028273 2.048697 0.001100 -1
1 1.258316 5.611705 2.351738 1.515021 0.001021 -1
1 2.889847 -0.175884 -0.028860 2.048798 0.999482 -1
1 2.030453 -0.175797 1.957447 1.667367 0.999467 -1
1 -0.176256 -0.174683 2.709753 1.247931 0.999268 -1
1 -1.230067 5.613114 2.472941 1.057631 0.000769 -1
1 -1.942466 -0.173512 1.955208 0.904878 0.999059 -1
1 -2.797161 5.614530 -0.031477 0.523843 0.000517 -1
1 -2.798809 -0.172611 -0.032061 0.523744 0.998899 -1
1 -2.456802 -0.172546 -1.307520 0.295028 0.998887 -1
1 -0.818153 51.159939 -2.731754 -0.088264 0.000644 -1
1 0.060835 51.159458 -2.870464 -0.241260 0.000748 -1
1 -1.215953 42.730316 -2.530338 -0.011597 0.998860 -1
1 1.272256 42.728863 -2.406401 -0.470524 0.999172 -1
1 0.939631 51.158924 -2.730762 -0.394236 0.000863 -1
1 1.732248 51.158382 -2.326183 -0.547216 0.000979 -1
1 2.361141 51.157894 -1.696472 -0.700201 0.001084 -1
1 2.764765 51.157505 -0.903324 -0.853174 0.001168 -1
1 2.902098 42.727436 -0.024487 -1.006100 0.999479 -1
1 2.903311 51.157238 -0.024055 -1.006173 0.001226 -1
1 2.903311 51.157238 -0.024055 2.053827 0.001226 -1
1 2.763538 51.157139 0.854794 1.900863 0.001247 -1
1 2.902098 42.727436 -0.024487 2.053900 0.999479 -1
1 2.358801 51.157215 1.647747 1.747831 0.001230 -1
1 2.042710 42.727520 1.961819 1.671238 0.999461 -1
1 1.729033 51.157444 2.276749 1.594832 0.001181 -1
1 0.496352 51.158054 2.749661 1.365376 0.001050 -1
1 -0.164000 42.728638 2.714123 1.250460 0.999221 -1
1 -0.821939 51.158833 2.679443 1.135953 0.000882 -1
1 -1.614557 51.159367 2.274864 0.982983 0.000767 -1
1 -2.243444 51.159863 1.645157 0.829990 0.000661 -1
1 -2.716074 51.160381 0.412243 0.600453 0.000549 -1
1 -2.580914 42.730675 -0.445669 0.447365 0.998783 -1
1 -2.645573 51.160610 -0.906376 0.370869 0.000500 -1
1 -1.926224 51.160431 -2.013565 0.141303 0.000538 -1
1 -1.218403 35.347939 -2.531211 -0.008495 0.000581 -1
1 1.269807 35.346478 -2.407274 -0.464503 0.000827 -1
1 -1.220036 28.008965 -2.531796 -0.008295 0.998996 -1
1 1.268172 28.007511 -2.407858 -0.464228 0.999241 -1
1 2.899653 35.345051 -0.025359 -0.996418 0.001069 -1
1 2.898018 28.006077 -0.025943 -0.996319 0.999483 -1
1 2.899653 35.345051 -0.025359 2.043581 0.001069 -1
1 2.040261 35.345139 1.960945 1.663627 0.001054 -1
1 2.898018 28.006077 -0.025943 2.043681 0.999483 -1
1 2.038625 28.006168 1.960361 1.663502 0.999468 -1
1 -0.166450 35.346252 2.713248 1.245716 0.000866 -1
1 -0.168084 28.007284 2.712668 1.245441 0.999279 -1
1 -2.583363 35.348289 -0.446543 0.447679 0.000521 -1
1 -2.584999 28.009319 -0.447125 0.447628 0.998935 -1
1 -1.836788 20.681496 -1.919079 0.143564 0.000548 -1
1 1.265719 20.679813 -2.408734 -0.464503 0.000850 -1
1 -1.161818 13.327961 -2.410684 -0.008289 0.998977 -1
1 1.483784 13.326435 -2.374388 -0.502221 0.999252 -1
1 2.895565 20.678387 -0.026820 -0.996418 0.001107 -1
1 2.893936 13.325141 -0.027403 -0.996319 0.999484 -1
1 2.895565 20.678387 -0.026820 2.043582 0.001107 -1
1 1.262388 20.678841 2.353192 1.511653 0.001024 -1
1 2.893936 13.325141 -0.027403 2.043681 0.999484 -1
1 1.260757 13.325591 2.352610 1.511463 0.999403 -1
1 -1.225994 20.680244 2.474393 1.055764 0.000772 -1
1 -1.227627 13.326999 2.473811 1.055475 0.999150 -1
1 -2.793089 20.681660 -0.030024 0.523725 0.000518 -1
1 -2.794720 13.328414 -0.030608 0.523626 0.998895 -1
77
-0.748560 0.045101 -0.661532
0.271366 0.069390 -0.959972
-0.354717 0.061463 -0.932951
0.157508 0.046283 -0.986432
0.764605 0.024767 -0.644023
0.875390 0.035777 -0.482092
0.918318 -0.000221 -0.395843
0.824539 -0.000292 0.565804
0.587224 0.034216 0.808701
0.874138 0.047610 0.483339
0.677093 0.040274 0.734794
-0.007489 -0.001973 0.999970
-0.437400 0.026673 0.898871
-0.760058 0.008153 0.649804
-0.984254 0.021238 0.175480
-0.993281 0.027101 -0.112509
-0.864987 0.039073 -0.500271
-0.357699 -0.005433 -0.933821
0.017045 -0.032212 -0.999336
-0.403180 -0.025852 -0.914755
0.556137 -0.045095 -0.829866
0.309554 -0.024361 -0.950570
0.588130 -0.024401 -0.808399
0.808004 -0.054974 -0.586606
0.916559 -0.041476 -0.397742
0.929123 -0.023336 -0.369035
0.987812 -0.000134 -0.155649
0.987588 -0.000150 0.157067
0.950729 -0.016664 0.309576
0.940514 -0.017673 0.339295
0.849777 -0.017748 0.526843
0.611178 -0.018709 0.791272
0.544287 -0.011084 0.838826
0.212968 -0.017258 0.976907
-0.499123 -0.077145 0.863090
-0.259503 -0.016281 0.965605
-0.587146 -0.058958 0.807331
-0.830414 -0.136318 0.540213
-0.944423 -0.093011 0.315300
-0.987095 -0.045015 -0.153681
-0.950607 -0.024203 -0.309451
-0.754010 -0.022931 -0.656463
-0.612661 0.000199 -0.790345
0.339493 -0.000001 -0.940609
-0.278170 0.000138 -0.960532
0.624198 -0.000077 -0.781266
0.825289 -0.000139 -0.564711
0.825289 -0.000139 -0.564711
0.917781 -0.000236 0.397086
0.778384 -0.000223 0.627788
0.917781 -0.000236 0.397086
0.563757 -0.000191 0.825940
0.322680 -0.000147 0.946508
0.322681 -0.000147 0.946508
-0.794285 0.000129 0.607546
-0.794285 0.000129 0.607546
-0.794285 0.000129 0.607546
-0.836619 0.000230 -0.547786
-0.836619 0.000230 -0.547786
-0.155660 0.051660 -0.986459
0.258601 0.026205 -0.965629
-0.071258 0.023793 -0.997174
0.632017 0.006491 -0.774928
0.841555 0.010847 -0.540063
0.857177 -0.000149 -0.515022
0.824540 -0.000228 0.565804
0.623214 -0.000200 0.782051
0.824540 -0.000228 0.565804
0.338395 -0.000150 0.941004
0.048649 -0.000090 0.998816
0.048649 -0.000090 0.998816
-0.847719 0.000146 0.530445
-0.973385 0.000198 0.229174
-0.847719 0.000146 0.530445
-0.982366 -0.014353 -0.186415
-0.860145 -0.018848 -0.509701
-0.824004 -0.037841 -0.565318
62
1 0 1 2 0 1 2 1
1 2 1 3 2 1 3 1
1 3 1 4 3 1 4 1
1 1 5 4 1 5 4 1
1 4 5 6 4 5 6 1
1 7 8 9 7 8 9 1
1 9 8 10 9 8 10 1
1 10 8 11 10 8 11 1
1 8 12 11 8 12 11 1
1 11 12 13 11 12 13 1
1 12 14 13 12 14 13 1
1 13 14 15 13 14 15 1
1 14 0 15 14 0 15 1
1 15 0 16 15 0 16 1
1 16 0 2 16 0 2 1
1 17 18 19 17 18 19 1
1 19 18 20 19 18 20 1
1 18 21 20 18 21 20 1
1 21 22 20 21 22 20 1
1 22 23 20 22 23 20 1
1 23 24 20 23 24 20 1
1 20 24 25 20 24 25 1
1 24 26 25 24 26 25 1
1 27 28 29 27 28 29 1
1 28 30 29 28 30 29 1
1 29 30 31 29 30 31 1
1 30 32 31 30 32 31 1
1 32 33 31 32 33 31 1
1 31 33 34 31 33 34 1
1 33 35 34 33 35 34 1
1 35 36 34 35 36 34 1
1 36 37 34 36 37 34 1
1 37 38 34 37 38 34 1
1 34 38 39 34 38 39 1
1 38 40 39 38 40 39 1
1 40 41 39 40 41 39 1
1 39 41 19 39 41 19 1
1 41 17 19 41 17 19 1
1 42 43 44 42 43 44 1
1 44 43 45 44 43 45 1
1 43 46 45 43 46 45 1
1 45 46 47 45 46 47 1
1 48 49 50 48 49 50 1
1 50 49 51 50 49 51 1
1 49 52 51 49 52 51 1
1 51 52 53 51 52 53 1
1 52 54 53 54 55 55 2
1 53 54 55 55 55 56 2
1 54 42 55 57 42 58 1
1 55 42 44 58 42 44 1
1 56 57 58 59 60 61 1
1 58 57 59 61 60 62 1
1 57 60 59 60 63 62 1
1 59 60 61 62 63 64 1
1 62 63 64 65 66 67 1
1 64 63 65 67 66 68 1
1 63 66 65 66 69 68 1
1 65 66 67 68 69 70 1
1 66 68 67 71 72 73 2
1 67 68 69 73 72 74 2
1 68 56 69 72 75 74 2
1 69 56 58 74 75 76 2

Materials: 3
"Object04Cls_2_-_"
0.584314 0.584314 0.584314 1.000000
0.584314 0.584314 0.584314 1.000000
0.894118 0.894118 0.894118 1.000000
0.000000 0.000000 0.000000 1.000000
125.440002
1.000000
"MET_8.tga"
""
"Object04Cls_3_-_"
0.584314 0.584314 0.584314 1.000000
0.584314 0.584314 0.584314 1.000000
0.894118 0.894118 0.894118 1.000000
0.000000 0.000000 0.000000 1.000000
125.440002
1.000000
"MET_8_1.tga"
""
"Material"
0.117647 0.117647 0.117647 1.000000
0.752941 0.752941 0.752941 1.000000
0.752941 0.752941 0.752941 1.000000
0.000000 0.000000 0.000000 1.000000
125.440002
1.000000
""
""

Bones: 0
GroupComments: 0
MaterialComments: 0
BoneComments: 0
ModelComment: 0
