// MilkShape 3D ASCII

Frames: 30
Frame: 1

Meshes: 1
"MDL-Objec1" 1 0
618
1 0.398912 5.960773 0.642314 0.632971 0.662167 -1
1 0.201991 5.932391 0.683761 0.432668 4.058840 -1
1 0.398902 5.903884 0.642348 0.367033 0.662179 -1
1 0.565283 5.960671 0.527946 0.688428 0.624044 -1
1 0.565271 5.903787 0.527979 0.311576 0.624055 -1
1 0.676480 5.960549 0.356680 0.725493 0.566955 -1
1 0.676469 5.903661 0.356712 0.274511 0.566966 -1
1 0.715619 5.960427 0.154593 0.738540 0.499593 -1
1 0.715608 5.903537 0.154629 0.261464 0.499606 -1
1 0.676707 5.960319 -0.047534 0.725569 0.432217 -1
1 0.676698 5.903430 -0.047502 0.274435 0.432229 -1
1 0.565704 5.960244 -0.218950 0.688568 0.375079 -1
1 0.565692 5.903356 -0.218917 0.311436 0.375090 -1
1 0.399462 5.960212 -0.333559 0.633154 0.336875 -1
1 0.399450 5.903323 -0.333529 0.366850 0.336886 -1
1 0.202588 5.931783 -0.375238 0.567528 4.059041 -1
1 0.398912 13.736073 0.642313 0.632971 0.662167 -1
1 0.201991 13.707692 0.683760 0.432668 1.467072 -1
1 0.398902 13.679185 0.642347 0.367033 0.662179 -1
1 0.565283 13.735970 0.527946 0.688428 0.624044 -1
1 0.565271 13.679090 0.527978 0.311576 0.624055 -1
1 0.676480 13.735848 0.356679 0.725493 0.566955 -1
1 0.676469 13.678964 0.356711 0.274511 0.566966 -1
1 0.715619 13.735726 0.154592 0.738540 0.499593 -1
1 0.715608 13.678838 0.154628 0.261464 0.499606 -1
1 0.892728 33.093910 -1.553948 1.069920 -4.995004 -1
1 0.892697 33.093941 -1.500921 1.052244 -4.995014 -1
1 0.892520 32.070297 -1.553359 1.069724 -4.653798 -1
1 0.892489 32.070328 -1.500332 1.052048 -4.653808 -1
1 0.839474 33.093948 -1.500957 -0.052256 -4.995017 -1
1 0.839505 33.093925 -1.553985 -0.069932 -4.995008 -1
1 0.839263 32.070335 -1.500371 -0.052061 -4.653811 -1
1 0.839293 32.070305 -1.553398 -0.069736 -4.653801 -1
1 0.839263 32.070335 -1.500371 0.779754 -4.653811 -1
1 0.892489 32.070328 -1.500332 0.797497 -4.653808 -1
1 0.839474 33.093948 -1.500957 0.779825 -4.995017 -1
1 0.892697 33.093941 -1.500921 0.797566 -4.995014 -1
1 0.839474 33.093948 -1.500957 0.779825 -0.052256 -1
1 0.892697 33.093941 -1.500921 0.797566 -0.052244 -1
1 0.839505 33.093925 -1.553985 0.779835 -0.069932 -1
1 0.892728 33.093910 -1.553948 0.797576 -0.069920 -1
1 0.839505 33.093925 -1.553985 0.220165 -4.995008 -1
1 0.892728 33.093910 -1.553948 0.202424 -4.995004 -1
1 0.839293 32.070305 -1.553398 0.220235 -4.653801 -1
1 0.892520 32.070297 -1.553359 0.202493 -4.653798 -1
1 1.472966 33.094193 -0.846638 0.834150 -4.995098 -1
1 1.472935 33.094223 -0.793611 0.816474 -4.995109 -1
1 1.472754 32.070580 -0.846051 0.833954 -4.653893 -1
1 1.472724 32.070610 -0.793024 0.816278 -4.653903 -1
1 1.419711 33.094238 -0.793647 0.183514 -4.995113 -1
1 1.419738 33.094208 -0.846676 0.165838 -4.995103 -1
1 1.419499 32.070625 -0.793061 0.183709 -4.653907 -1
1 1.419530 32.070595 -0.846087 0.166034 -4.653897 -1
1 1.419499 32.070625 -0.793061 0.973166 -4.653907 -1
1 1.472724 32.070610 -0.793024 0.990908 -4.653903 -1
1 1.419711 33.094238 -0.793647 0.973237 -4.995113 -1
1 1.472935 33.094223 -0.793611 0.990979 -4.995109 -1
1 1.419711 33.094238 -0.793647 0.973237 0.183514 -1
1 1.472935 33.094223 -0.793611 0.990979 0.183526 -1
1 1.419738 33.094208 -0.846676 0.973246 0.165838 -1
1 1.472966 33.094193 -0.846638 0.990989 0.165850 -1
1 1.419738 33.094208 -0.846676 0.026754 -4.995103 -1
1 1.472966 33.094193 -0.846638 0.009011 -4.995098 -1
1 1.419530 32.070595 -0.846087 0.026823 -4.653897 -1
1 1.472754 32.070580 -0.846051 0.009082 -4.653893 -1
1 1.471843 33.095345 1.145889 0.169974 -4.995481 -1
1 1.471812 33.095375 1.199298 0.152171 -4.995491 -1
1 1.471631 32.071724 1.146477 0.169778 -4.654275 -1
1 1.471600 32.071754 1.199885 0.151975 -4.654285 -1
1 1.418586 33.095383 1.199259 0.847816 -4.995494 -1
1 1.418616 33.095352 1.145852 0.830013 -4.995484 -1
1 1.418378 32.071770 1.199848 0.848012 -4.654289 -1
1 1.418406 32.071739 1.146440 0.830209 -4.654279 -1
1 1.418378 32.071770 1.199848 0.972793 -4.654289 -1
1 1.471600 32.071754 1.199885 0.990533 -4.654285 -1
1 1.418586 33.095383 1.199259 0.972862 -4.995494 -1
1 1.471812 33.095375 1.199298 0.990604 -4.995491 -1
1 1.418586 33.095383 1.199259 0.972862 0.847816 -1
1 1.471812 33.095375 1.199298 0.990604 0.847829 -1
1 1.418616 33.095352 1.145852 0.972872 0.830013 -1
1 1.471843 33.095345 1.145889 0.990614 0.830026 -1
1 1.418616 33.095352 1.145852 0.027128 -4.995484 -1
1 1.471843 33.095345 1.145889 0.009386 -4.995481 -1
1 1.418406 32.071739 1.146440 0.027198 -4.654279 -1
1 1.471631 32.071724 1.146477 0.009456 -4.654275 -1
1 0.855086 33.095863 1.831376 -0.058522 -4.995654 -1
1 0.855059 33.095894 1.884404 -0.076198 -4.995665 -1
1 0.854878 32.072250 1.831965 -0.058718 -4.654449 -1
1 0.854848 32.072281 1.884992 -0.076394 -4.654459 -1
1 0.801833 33.095909 1.884366 1.076185 -4.995668 -1
1 0.801863 33.095879 1.831340 1.058509 -4.995658 -1
1 0.801625 32.072289 1.884955 1.076382 -4.654462 -1
1 0.801656 32.072258 1.831927 1.058706 -4.654452 -1
1 0.801625 32.072289 1.884955 0.767208 -4.654462 -1
1 0.854848 32.072281 1.884992 0.784949 -4.654459 -1
1 0.801833 33.095909 1.884366 0.767277 -4.995668 -1
1 0.855059 33.095894 1.884404 0.785020 -4.995665 -1
1 0.801833 33.095909 1.884366 0.767277 1.076185 -1
1 0.855059 33.095894 1.884404 0.785020 1.076198 -1
1 0.801863 33.095879 1.831340 0.767288 1.058509 -1
1 0.855086 33.095863 1.831376 0.785029 1.058522 -1
1 0.801863 33.095879 1.831340 0.232712 -4.995658 -1
1 0.855086 33.095863 1.831376 0.214971 -4.995654 -1
1 0.801656 32.072258 1.831927 0.232782 -4.654452 -1
1 0.854878 32.072250 1.831965 0.215041 -4.654449 -1
1 -1.328408 32.459450 1.857745 1.005057 -1.858102 -1
1 -1.328395 32.523422 1.857707 0.562250 -1.868771 -1
1 0.867598 32.459236 1.857501 0.210800 1.067230 -1
1 0.867612 32.523216 1.857463 0.789204 1.067217 -1
1 1.446578 32.457581 -0.819395 0.017807 0.174932 -1
1 1.446590 32.521553 -0.819433 0.982197 0.174918 -1
1 0.869504 32.457291 -1.526700 0.210166 -0.060838 -1
1 0.869519 32.521271 -1.526738 0.789840 -0.060849 -1
1 -0.982476 5.904361 0.681842 0.172507 4.068182 -1
1 -0.982464 5.961247 0.680792 0.172510 4.049219 -1
1 -0.924777 6.008397 0.761610 0.298068 4.033503 -1
1 -0.924718 5.855851 0.608833 0.348993 4.084352 -1
1 -0.924688 6.008309 0.608747 0.349022 4.033533 -1
1 1.445453 32.458733 1.175799 0.018182 0.839996 -1
1 1.445467 32.522705 1.175761 0.981822 0.839983 -1
1 -0.980350 5.960641 -0.376139 0.826783 4.049423 -1
1 -0.980363 5.903752 -0.375089 0.826787 4.068386 -1
1 -0.924806 5.855939 0.761699 0.191731 4.084323 -1
1 -1.025520 6.008416 0.761541 0.158160 4.033497 -1
1 -1.025552 5.855958 0.761628 0.158149 4.084316 -1
1 -0.924180 6.007787 -0.294799 0.191940 0.349796 -1
1 -1.024797 6.007722 -0.447711 0.158401 0.298825 -1
1 -1.024884 6.007810 -0.294865 0.158372 0.349774 -1
1 -0.924094 6.007699 -0.447643 0.808031 4.033736 -1
1 -1.024829 5.855260 -0.447624 0.841610 4.084549 -1
1 -1.024797 6.007722 -0.447711 0.841599 4.033728 -1
1 -0.924125 5.855241 -0.447556 0.808042 4.084555 -1
1 -0.924718 5.855851 0.608833 0.808239 0.651007 -1
1 -1.025552 5.855958 0.761628 0.841851 0.701938 -1
1 -1.025424 5.855870 0.608766 0.841808 0.650984 -1
1 -0.982464 5.961247 0.680792 0.827487 4.049220 -1
1 -0.982476 5.904361 0.681842 0.827491 4.068183 -1
1 -0.924806 5.855939 0.761699 0.808269 0.701962 -1
1 -1.326499 32.457504 -1.527793 0.440482 -2.422034 -1
1 -1.326487 32.521477 -1.527831 -0.001688 -2.432702 -1
1 -0.980363 5.903752 -0.375089 0.173212 4.068384 -1
1 -0.980350 5.960641 -0.376139 0.173216 4.049421 -1
1 -0.924777 6.008397 0.761610 0.191741 0.701932 -1
1 -1.025392 6.008328 0.608679 0.158203 0.650955 -1
1 -1.025520 6.008416 0.761541 0.158160 0.701909 -1
1 -0.924688 6.008309 0.608747 0.191771 0.650978 -1
1 0.398912 3.249717 0.642314 0.632971 0.662167 -1
1 0.201991 3.221335 0.683761 0.432668 4.962525 -1
1 0.398902 3.192828 0.642348 0.367033 0.662179 -1
1 -1.328309 32.930687 1.857472 1.004995 -1.936687 -1
1 -1.328271 33.119492 1.857362 0.562213 -1.968173 -1
1 0.867734 33.119286 1.857121 0.789244 1.067103 -1
1 0.867695 32.930473 1.857232 0.210768 1.067140 -1
1 -0.924125 5.855241 -0.447556 0.808042 0.298877 -1
1 -1.024919 5.855348 -0.294778 0.841640 0.349803 -1
1 -1.024829 5.855260 -0.447624 0.841610 0.298854 -1
1 0.565283 3.249616 0.527946 0.688428 0.624044 -1
1 0.565271 3.192731 0.527979 0.311576 0.624055 -1
1 0.676480 3.249494 0.356680 0.725493 0.566955 -1
1 0.676469 3.192605 0.356712 0.274511 0.566966 -1
1 1.446674 32.928818 -0.819666 0.017775 0.174841 -1
1 1.446712 33.117622 -0.819773 0.982237 0.174805 -1
1 0.869602 32.928528 -1.526781 0.210132 -0.060864 -1
1 0.869641 33.117332 -1.526889 0.789881 -0.060900 -1
1 0.715619 3.249370 0.154593 0.738540 0.499593 -1
1 0.715608 3.192481 0.154629 0.261464 0.499606 -1
1 0.676707 3.249263 -0.047534 0.725569 0.432217 -1
1 0.676698 3.192374 -0.047502 0.274435 0.432229 -1
1 1.445551 32.929970 1.175720 0.018150 0.839970 -1
1 1.445588 33.118774 1.175611 0.981863 0.839933 -1
1 0.565704 3.249188 -0.218950 0.688568 0.375079 -1
1 0.565692 3.192300 -0.218917 0.311436 0.375090 -1
1 0.399462 3.249156 -0.333559 0.633154 0.336875 -1
1 0.399450 3.192267 -0.333529 0.366850 0.336886 -1
1 -0.924211 5.855332 -0.294710 0.808070 0.349825 -1
1 0.202588 3.220727 -0.375238 0.567528 4.962727 -1
1 -0.924211 5.855332 -0.294710 0.191930 4.084525 -1
1 -1.024884 6.007810 -0.294865 0.158372 4.033699 -1
1 -1.024919 5.855348 -0.294778 0.158360 4.084520 -1
1 -1.326402 32.928734 -1.528065 0.440421 -2.500619 -1
1 -1.326364 33.117546 -1.528175 -0.001725 -2.532105 -1
1 -0.924180 6.007787 -0.294799 0.191940 4.033707 -1
1 -1.565902 31.988525 -0.422011 1.021967 0.307392 -1
1 -1.569362 31.987717 -1.676445 1.023121 -0.110752 -1
1 0.347705 31.988358 -0.421425 0.384098 0.307588 -1
1 0.347056 31.989014 0.726479 0.384315 0.690222 -1
1 0.969039 31.989609 1.988122 0.176987 1.110771 -1
1 -1.571424 31.989830 1.987391 1.023808 1.110527 -1
1 0.726476 31.988792 0.471910 0.257842 0.605366 -1
1 -1.566530 32.081253 0.725837 -0.022177 0.690008 -1
1 -1.571409 32.081894 1.987336 -0.023803 1.110508 -1
1 0.347075 32.081078 0.726424 0.615692 0.690204 -1
1 -1.569339 32.079781 -1.676498 -0.023113 -0.110770 -1
1 0.347724 32.080421 -0.421481 0.615908 0.307569 -1
1 0.971122 32.079575 -1.675768 0.823707 -0.110527 -1
1 0.726851 32.080490 -0.165998 0.742284 0.392730 -1
1 -1.565881 32.080589 -0.422066 -0.021960 0.307374 -1
1 0.726495 32.080856 0.471853 0.257835 -4.657318 -1
1 0.726476 31.988792 0.471910 0.257842 -4.626630 -1
1 0.347075 32.081078 0.726424 0.384308 -4.657393 -1
1 0.347056 31.989014 0.726479 0.384315 -4.626705 -1
1 -1.565881 32.080589 -0.422066 -0.021960 -4.657230 -1
1 -1.565902 31.988525 -0.422011 -0.021967 -4.626541 -1
1 0.347724 32.080421 -0.421481 0.615908 -4.657172 -1
1 0.347705 31.988358 -0.421425 0.615902 -4.626484 -1
1 -1.566549 31.989189 0.725893 1.022183 0.690027 -1
1 0.971104 31.987503 -1.675713 0.176298 -0.110508 -1
1 0.726834 31.988426 -0.165943 0.257722 0.392749 -1
1 0.969060 32.081680 1.988067 0.823020 1.110752 -1
1 1.570218 32.081116 1.229323 1.023406 0.857837 -1
1 0.726495 32.080856 0.471853 0.742165 0.605347 -1
1 1.571425 32.079880 -0.916179 1.023808 0.142670 -1
1 0.726834 31.988426 -0.165943 0.392749 -4.626507 -1
1 0.726476 31.988792 0.471910 0.605366 -4.626630 -1
1 0.726851 32.080490 -0.165998 0.392730 -4.657196 -1
1 0.726495 32.080856 0.471853 0.605347 -4.657318 -1
1 -1.566549 31.989189 0.725893 1.022183 -4.626761 -1
1 -1.566530 32.081253 0.725837 1.022177 -4.657451 -1
1 0.726834 31.988426 -0.165943 0.742278 -4.626507 -1
1 0.726851 32.080490 -0.165998 0.742284 -4.657196 -1
1 1.570201 31.989052 1.229377 -0.023400 0.857855 -1
1 1.571410 31.987823 -0.916126 -0.023803 0.142688 -1
1 0.969039 31.989609 1.988122 0.823013 -4.626904 -1
1 0.969060 32.081680 1.988067 0.823020 -4.657592 -1
1 -1.571424 31.989830 1.987391 -0.023808 -4.626975 -1
1 -1.571409 32.081894 1.987336 -0.023803 -4.657663 -1
1 0.971122 32.079575 -1.675768 0.176293 -4.656890 -1
1 0.971104 31.987503 -1.675713 0.176298 -4.626201 -1
1 -1.569339 32.079781 -1.676498 1.023113 -4.656960 -1
1 -1.569362 31.987717 -1.676445 1.023121 -4.626272 -1
1 0.969039 31.989609 1.988122 -0.110771 -4.626904 -1
1 1.570201 31.989052 1.229377 0.142145 -4.626718 -1
1 0.969060 32.081680 1.988067 -0.110752 -4.657592 -1
1 1.570218 32.081116 1.229323 0.142163 -4.657405 -1
1 0.971104 31.987503 -1.675713 1.110508 -4.626201 -1
1 0.971122 32.079575 -1.675768 1.110527 -4.656890 -1
1 1.571410 31.987823 -0.916126 0.857312 -4.626306 -1
1 1.571425 32.079880 -0.916179 0.857330 -4.656993 -1
1 -0.538312 32.066139 0.815310 0.320563 -4.652412 -1
1 -0.594337 32.066154 0.815268 0.301888 -4.652417 -1
1 -0.475817 30.554573 0.729468 0.341394 -4.148557 -1
1 0.808232 32.065491 0.169696 0.504628 -4.652196 -1
1 0.808261 32.065460 0.113698 0.485962 -4.652185 -1
1 0.721197 30.553986 0.142863 0.495683 -4.148362 -1
1 0.508797 32.065842 0.666012 0.330401 -4.652312 -1
1 0.555135 32.065811 0.634550 0.314955 -4.652303 -1
1 0.480624 30.554291 0.585759 0.339792 -4.148463 -1
1 0.521151 32.065239 -0.370203 0.324662 -4.652113 -1
1 0.553029 32.065208 -0.416269 0.309306 -4.652102 -1
1 0.485060 30.553764 -0.322968 0.340407 -4.148288 -1
1 -0.537587 32.065399 -0.468754 0.320804 -4.652166 -1
1 -0.593614 32.065414 -0.468796 0.302129 -4.652170 -1
1 -0.475188 30.553932 -0.388758 0.341604 -4.148342 -1
1 -0.480846 3.172378 0.691914 0.660282 2.828771 -1
1 -0.475789 30.554543 0.677744 0.658597 -4.148546 -1
1 -0.480873 3.172404 0.743636 0.500000 2.837388 -1
1 0.767866 3.171807 0.157073 0.371812 2.739726 -1
1 0.772919 30.553978 0.142899 0.504304 -4.148358 -1
1 0.716142 3.171819 0.157035 0.380847 2.739718 -1
1 0.504614 3.172143 0.642734 0.500000 2.820614 -1
1 0.509667 30.554314 0.628561 0.669889 -4.148470 -1
1 0.475569 3.172124 0.599933 0.341477 2.813484 -1
1 0.522556 3.171605 -0.279362 0.485436 2.667021 -1
1 0.527611 30.553780 -0.293534 0.649782 -4.148291 -1
1 0.480005 3.171601 -0.308797 0.342564 2.662116 -1
1 -0.982476 3.193305 0.681842 0.172507 4.971867 -1
1 -0.982464 3.250194 0.680792 0.172510 4.952904 -1
1 -0.980350 3.249585 -0.376139 0.826783 4.953109 -1
1 -0.980363 3.192697 -0.375089 0.826787 4.972072 -1
1 -0.480215 3.171733 -0.426311 0.660072 2.642508 -1
1 -0.475158 30.553902 -0.440482 0.658386 -4.148332 -1
1 -0.480243 3.171763 -0.374587 0.500000 2.651124 -1
1 -0.982464 3.250194 0.680792 0.827487 4.952905 -1
1 -0.982476 3.193305 0.681842 0.827491 4.971868 -1
1 -0.980363 3.192697 -0.375089 0.173212 4.972069 -1
1 -0.980350 3.249585 -0.376139 0.173216 4.953106 -1
1 -0.924180 3.296731 -0.294799 0.191940 4.937392 -1
1 -1.024884 3.296754 -0.294865 0.158372 4.937385 -1
1 -0.924211 3.144277 -0.294710 0.191930 4.988210 -1
1 -1.024919 3.144292 -0.294778 0.158360 4.988205 -1
1 -0.924211 3.144277 -0.294710 0.808070 0.349825 -1
1 -1.024919 3.144292 -0.294778 0.841640 0.349803 -1
1 -0.924125 3.144185 -0.447556 0.808042 0.298877 -1
1 -1.024829 3.144204 -0.447624 0.841610 0.298854 -1
1 -0.924688 3.297254 0.608747 0.191771 0.650978 -1
1 -1.025392 3.297273 0.608679 0.158203 0.650955 -1
1 -0.924777 3.297341 0.761610 0.191741 0.701932 -1
1 -1.025520 3.297360 0.761541 0.158160 0.701909 -1
1 -0.924806 3.144883 0.761699 0.808269 0.701962 -1
1 -1.025552 3.144902 0.761628 0.841851 0.701938 -1
1 -0.924718 3.144795 0.608833 0.808239 0.651007 -1
1 -1.025424 3.144814 0.608766 0.841808 0.650984 -1
1 -0.924125 3.144185 -0.447556 0.808042 4.988241 -1
1 -1.024829 3.144204 -0.447624 0.841610 4.988235 -1
1 -0.924094 3.296643 -0.447643 0.808031 4.937421 -1
1 -1.024797 3.296666 -0.447711 0.841599 4.937414 -1
1 -0.924180 3.296731 -0.294799 0.191940 0.349796 -1
1 -1.024797 3.296666 -0.447711 0.158401 0.298825 -1
1 -1.024884 3.296754 -0.294865 0.158372 0.349774 -1
1 -0.924806 3.144883 0.761699 0.191731 4.988008 -1
1 -1.025520 3.297360 0.761541 0.158160 4.937182 -1
1 -1.025552 3.144902 0.761628 0.158149 4.988002 -1
1 -0.924777 3.297341 0.761610 0.298068 4.937189 -1
1 -0.924718 3.144795 0.608833 0.348993 4.988037 -1
1 -0.924688 3.297254 0.608747 0.349022 4.937218 -1
1 -0.473566 0.109761 0.464450 0.472512 5.999715 -1
1 -0.409170 0.144973 0.387994 0.500006 3.282686 -1
1 -0.473644 0.144986 0.387950 0.500009 3.282676 -1
1 -0.409103 0.109748 0.464207 0.380417 5.999720 -1
1 -0.409269 0.109656 0.308526 0.542759 5.999751 -1
1 -0.473732 0.109670 0.308767 0.604448 5.999746 -1
1 -0.473313 0.109502 0.012124 0.397166 5.999802 -1
1 -0.408915 0.144710 -0.064332 0.484275 4.599717 -1
1 -0.473388 0.144723 -0.064376 0.500009 3.207332 -1
1 -0.408848 0.109488 0.011881 0.455848 5.999806 -1
1 -0.409014 0.109397 -0.143800 0.618105 5.999837 -1
1 -0.473480 0.109410 -0.143558 0.529018 5.999833 -1
1 -0.537555 32.065369 -0.528146 0.679185 -4.652154 -1
1 -0.593581 32.065376 -0.528188 0.697860 -4.652159 -1
1 -0.593581 32.065376 -0.528188 0.272000 -4.652159 -1
1 -0.593614 32.065414 -0.468796 0.291798 -4.652170 -1
1 -0.537587 32.065399 -0.468754 0.708189 -4.652166 -1
1 -0.537555 32.065369 -0.528146 0.727986 -4.652154 -1
1 0.569987 32.065254 -0.336413 0.664075 -4.652116 -1
1 0.601861 32.065216 -0.382460 0.679424 -4.652104 -1
1 0.601861 32.065216 -0.382460 0.299380 -4.652104 -1
1 0.553029 32.065208 -0.416269 0.315657 -4.652102 -1
1 0.521151 32.065239 -0.370203 0.673717 -4.652113 -1
1 0.569987 32.065254 -0.336413 0.689996 -4.652116 -1
1 0.542138 32.065857 0.715168 0.680713 -4.652319 -1
1 0.588523 32.065834 0.683706 0.696174 -4.652309 -1
1 0.588523 32.065834 0.683706 0.324035 -4.652309 -1
1 0.555135 32.065811 0.634550 0.340421 -4.652303 -1
1 0.508797 32.065842 0.666012 0.670067 -4.652312 -1
1 0.542138 32.065857 0.715168 0.686452 -4.652319 -1
1 0.867633 32.065475 0.169737 0.495358 -4.652192 -1
1 0.867665 32.065445 0.113740 0.514024 -4.652181 -1
1 0.867665 32.065445 0.113740 0.210778 -4.652181 -1
1 0.808261 32.065460 0.113698 0.230580 -4.652185 -1
1 0.808232 32.065491 0.169696 0.769411 -4.652196 -1
1 0.867633 32.065475 0.169737 0.789211 -4.652192 -1
1 -0.538280 32.066101 0.755919 0.679427 -4.652400 -1
1 -0.594302 32.066116 0.755879 0.698101 -4.652404 -1
1 -0.594302 32.066116 0.755879 0.700022 -4.652404 -1
1 -0.594337 32.066154 0.815268 0.719819 -4.652417 -1
1 -0.538312 32.066139 0.815310 0.280168 -4.652412 -1
1 -0.538280 32.066101 0.755919 0.299964 -4.652400 -1
1 0.402350 30.499153 0.632682 0.634117 0.658957 -1
1 0.205429 30.471054 0.674128 0.568475 -4.120719 -1
1 0.402338 30.442833 0.632714 0.365887 0.658967 -1
1 0.568721 30.499054 0.518312 0.689574 0.620834 -1
1 0.568708 30.442734 0.518345 0.310431 0.620845 -1
1 0.679918 30.498932 0.347044 0.726640 0.563744 -1
1 0.679906 30.442612 0.347076 0.273365 0.563755 -1
1 0.719055 30.498810 0.144960 0.739685 0.496383 -1
1 0.719044 30.442490 0.144992 0.260319 0.496394 -1
1 0.680146 30.498695 -0.057169 0.726716 0.429007 -1
1 0.680133 30.442383 -0.057136 0.273290 0.429017 -1
1 0.569140 30.498627 -0.228582 0.689713 0.371868 -1
1 0.569129 30.442307 -0.228549 0.310291 0.371879 -1
1 0.402899 30.498596 -0.343195 0.634300 0.333665 -1
1 0.402887 30.442276 -0.343161 0.365704 0.333675 -1
1 0.206026 30.470451 -0.384658 0.568674 -4.120517 -1
1 -1.571409 32.081894 1.987336 1.110508 -4.657663 -1
1 -1.566530 32.081253 0.725837 0.690009 -4.657451 -1
1 -1.566549 31.989189 0.725893 0.690027 -4.626761 -1
1 -0.979039 30.443314 0.672207 0.173653 -4.111471 -1
1 -0.979028 30.499634 0.671157 0.173656 -4.130244 -1
1 -1.571424 31.989830 1.987391 1.110527 -4.626975 -1
1 -0.976914 30.499023 -0.384757 0.825637 -4.130039 -1
1 -0.976926 30.442703 -0.384723 0.825641 -4.111266 -1
1 -1.565881 32.080589 -0.422066 0.307374 -4.657230 -1
1 -1.569339 32.079781 -1.676498 -0.110770 -4.656960 -1
1 -1.569362 31.987717 -1.676445 -0.110752 -4.626272 -1
1 -1.565902 31.988525 -0.422011 0.307392 -4.626541 -1
1 -1.212985 33.094109 -1.554621 1.070144 -4.995069 -1
1 -1.213016 33.094139 -1.501594 1.052469 -4.995079 -1
1 -1.213193 32.070496 -1.554032 1.069948 -4.653863 -1
1 -1.213224 32.070526 -1.501005 1.052272 -4.653873 -1
1 -1.266237 33.094147 -1.501633 -0.052482 -4.995083 -1
1 -1.266210 33.094124 -1.554662 -0.070158 -4.995073 -1
1 -1.266450 32.070534 -1.501044 -0.052285 -4.653877 -1
1 -0.979028 30.499634 0.671157 0.826341 -4.130241 -1
1 -0.979039 30.443314 0.672207 0.826345 -4.111469 -1
1 -1.266420 32.070503 -1.554071 -0.069961 -4.653867 -1
1 -0.976926 30.442703 -0.384723 0.174357 -4.111269 -1
1 -0.976914 30.499023 -0.384757 0.174361 -4.130041 -1
1 -0.919093 30.396568 -0.461658 0.806364 -4.095890 -1
1 -1.019798 30.396591 -0.461727 0.839932 -4.095895 -1
1 -0.919061 30.549599 -0.461746 0.806354 -4.146899 -1
1 -1.019765 30.549614 -0.461814 0.839922 -4.146905 -1
1 -0.919061 30.549599 -0.461746 0.193646 0.294147 -1
1 -1.019765 30.549614 -0.461814 0.160078 0.294125 -1
1 -0.919149 30.549683 -0.308899 0.193617 0.345096 -1
1 -1.019853 30.549706 -0.308968 0.160049 0.345074 -1
1 -0.919149 30.549683 -0.308899 0.193617 -4.146928 -1
1 -1.019853 30.549706 -0.308968 0.160049 -4.146934 -1
1 -0.919181 30.396660 -0.308813 0.193606 -4.095918 -1
1 -1.019885 30.396675 -0.308880 0.160038 -4.095924 -1
1 -0.919181 30.396660 -0.308813 0.806394 0.345125 -1
1 -1.019885 30.396675 -0.308880 0.839962 0.345102 -1
1 -0.919093 30.396568 -0.461658 0.806364 0.294176 -1
1 -1.019798 30.396591 -0.461727 0.839932 0.294154 -1
1 -0.919181 30.396660 -0.308813 0.654875 -4.095918 -1
1 -0.919093 30.396568 -0.461658 0.705824 -4.095890 -1
1 -0.919149 30.549683 -0.308899 0.654904 -4.146928 -1
1 -0.919061 30.549599 -0.461746 0.705853 -4.146899 -1
1 -0.919687 30.397179 0.594731 0.806562 -4.096091 -1
1 -1.020391 30.397194 0.594662 0.840130 -4.096098 -1
1 -0.919656 30.550209 0.594644 0.806552 -4.147101 -1
1 -1.020360 30.550224 0.594575 0.840120 -4.147108 -1
1 -0.919656 30.550209 0.594644 0.193448 0.646277 -1
1 -1.020360 30.550224 0.594575 0.159880 0.646254 -1
1 -0.919744 30.550293 0.747507 0.193419 0.697232 -1
1 -1.020488 30.550316 0.747439 0.159837 0.697209 -1
1 -0.919744 30.550293 0.747507 0.193419 -4.147130 -1
1 -1.020488 30.550316 0.747439 0.159837 -4.147138 -1
1 -0.919776 30.397263 0.747593 0.193408 -4.096121 -1
1 -1.020519 30.397285 0.747525 0.159827 -4.096128 -1
1 -0.919776 30.397263 0.747593 0.806592 0.697261 -1
1 -1.020519 30.397285 0.747525 0.840173 0.697238 -1
1 -0.919687 30.397179 0.594731 0.806562 0.646306 -1
1 -1.020391 30.397194 0.594662 0.840130 0.646284 -1
1 -0.919776 30.397263 0.747593 0.302739 -4.096121 -1
1 -0.919687 30.397179 0.594731 0.353694 -4.096091 -1
1 -0.919744 30.550293 0.747507 0.302768 -4.147130 -1
1 -0.919656 30.550209 0.594644 0.353723 -4.147101 -1
1 -1.266450 32.070534 -1.501044 0.077850 -4.653877 -1
1 -1.213224 32.070526 -1.501005 0.095592 -4.653873 -1
1 -1.266237 33.094147 -1.501633 0.077921 -4.995083 -1
1 -1.213016 33.094139 -1.501594 0.095662 -4.995079 -1
1 0.400600 21.971695 0.637581 0.633533 0.660590 -1
1 0.203679 21.943600 0.679028 0.567892 -1.278233 -1
1 0.400590 21.915375 0.637615 0.366470 0.660601 -1
1 -1.266237 33.094147 -1.501633 0.077921 -0.052482 -1
1 -1.213016 33.094139 -1.501594 0.095662 -0.052469 -1
1 -1.266210 33.094124 -1.554662 0.077930 -0.070158 -1
1 0.566972 21.971596 0.523213 0.688990 0.622467 -1
1 0.566959 21.915276 0.523245 0.311014 0.622477 -1
1 0.678169 21.971474 0.351945 0.726056 0.565377 -1
1 0.678158 21.915154 0.351977 0.273948 0.565388 -1
1 0.717306 21.971348 0.149861 0.739102 0.498016 -1
1 0.717296 21.915028 0.149894 0.260901 0.498028 -1
1 0.678399 21.971241 -0.052266 0.726133 0.430641 -1
1 0.678385 21.914921 -0.052235 0.273872 0.430651 -1
1 0.567391 21.971165 -0.223683 0.689131 0.373502 -1
1 0.567380 21.914845 -0.223649 0.310873 0.373513 -1
1 0.401151 21.971134 -0.338293 0.633717 0.335298 -1
1 0.401140 21.914814 -0.338261 0.366287 0.335309 -1
1 -1.212985 33.094109 -1.554621 0.095672 -0.070144 -1
1 0.204276 21.942989 -0.379971 0.431907 -1.278028 -1
1 -1.266210 33.094124 -1.554662 0.922070 -4.995073 -1
1 -1.212985 33.094109 -1.554621 0.904328 -4.995069 -1
1 -1.266420 32.070503 -1.554071 0.922140 -4.653867 -1
1 -1.213193 32.070496 -1.554032 0.904398 -4.653863 -1
1 -1.208566 33.096054 1.830731 -0.058307 -4.995716 -1
1 -1.208596 33.096085 1.883758 -0.075983 -4.995728 -1
1 -1.208774 32.072433 1.831321 -0.058503 -4.654511 -1
1 -1.208804 32.072472 1.884349 -0.076179 -4.654522 -1
1 -1.261819 33.096100 1.883723 1.075971 -4.995731 -1
1 -1.261789 33.096062 1.830697 1.058295 -4.995721 -1
1 -1.262031 32.072479 1.884311 1.076167 -4.654525 -1
1 -1.262000 32.072449 1.831283 1.058491 -4.654515 -1
1 -1.262031 32.072479 1.884311 0.079323 -4.654525 -1
1 -1.208804 32.072472 1.884349 0.097065 -4.654522 -1
1 -1.261819 33.096100 1.883723 0.079393 -4.995731 -1
1 -1.208596 33.096085 1.883758 0.097134 -4.995728 -1
1 -1.261819 33.096100 1.883723 0.079393 1.075971 -1
1 -1.208596 33.096085 1.883758 0.097134 1.075983 -1
1 -1.261789 33.096062 1.830697 0.079404 1.058295 -1
1 -0.980788 21.915852 0.677108 0.173070 -1.268985 -1
1 -0.980776 21.972168 0.676058 0.173074 -1.287757 -1
1 -1.208566 33.096054 1.830731 0.097145 1.058307 -1
1 -0.978662 21.971561 -0.380875 0.826219 -1.287553 -1
1 -0.978675 21.915245 -0.379824 0.826224 -1.268780 -1
1 -1.261789 33.096062 1.830697 0.920596 -4.995721 -1
1 -1.208566 33.096054 1.830731 0.902855 -4.995716 -1
1 -1.262000 32.072449 1.831283 0.920667 -4.654515 -1
1 -1.208774 32.072433 1.831321 0.902925 -4.654511 -1
1 -0.070903 33.094109 -1.554621 1.070144 -4.995069 -1
1 -0.070934 33.094139 -1.501594 1.052469 -4.995079 -1
1 -0.071111 32.070496 -1.554032 1.069948 -4.653863 -1
1 -0.071141 32.070526 -1.501005 1.052272 -4.653873 -1
1 -0.124154 33.094147 -1.501633 -0.052482 -4.995083 -1
1 -0.124128 33.094124 -1.554662 -0.070158 -4.995073 -1
1 -0.124368 32.070534 -1.501044 -0.052285 -4.653877 -1
1 -0.980776 21.972168 0.676058 0.826924 -1.287755 -1
1 -0.980788 21.915852 0.677108 0.826929 -1.268983 -1
1 -0.124337 32.070503 -1.554071 -0.069961 -4.653867 -1
1 -0.978675 21.915245 -0.379824 0.173774 -1.268782 -1
1 -0.978662 21.971561 -0.380875 0.173778 -1.287555 -1
1 -0.920840 21.869110 -0.456757 0.806947 -1.253403 -1
1 -1.021545 21.869129 -0.456825 0.840515 -1.253409 -1
1 -0.920814 22.022137 -0.456847 0.806938 -1.304412 -1
1 -1.021512 22.022156 -0.456913 0.840504 -1.304419 -1
1 -0.920814 22.022137 -0.456847 0.193062 0.295780 -1
1 -1.021512 22.022156 -0.456913 0.159496 0.295758 -1
1 -0.920896 22.022228 -0.304001 0.193035 0.346729 -1
1 -1.021600 22.022243 -0.304069 0.159467 0.346706 -1
1 -0.920896 22.022228 -0.304001 0.193035 -1.304442 -1
1 -1.021600 22.022243 -0.304069 0.159467 -1.304448 -1
1 -0.920928 21.869194 -0.303911 0.193024 -1.253431 -1
1 -1.021632 21.869213 -0.303979 0.159456 -1.253438 -1
1 -0.920928 21.869194 -0.303911 0.806976 0.346759 -1
1 -1.021632 21.869213 -0.303979 0.840544 0.346736 -1
1 -0.920840 21.869110 -0.456757 0.806947 0.295810 -1
1 -1.021545 21.869129 -0.456825 0.840515 0.295787 -1
1 -0.920928 21.869194 -0.303911 0.653241 -1.253431 -1
1 -0.920840 21.869110 -0.456757 0.704190 -1.253403 -1
1 -0.920896 22.022228 -0.304001 0.653271 -1.304442 -1
1 -0.920814 22.022137 -0.456847 0.704220 -1.304412 -1
1 -0.921439 21.869717 0.599630 0.807147 -1.253605 -1
1 -1.022140 21.869736 0.599564 0.840713 -1.253612 -1
1 -0.921409 22.022743 0.599542 0.807136 -1.304615 -1
1 -1.022107 22.022762 0.599476 0.840703 -1.304621 -1
1 -0.921409 22.022743 0.599542 0.192864 0.647910 -1
1 -1.022107 22.022762 0.599476 0.159297 0.647888 -1
1 -0.921491 22.022835 0.752408 0.192836 0.698865 -1
1 -1.022235 22.022854 0.752339 0.159255 0.698842 -1
1 -0.921491 22.022835 0.752408 0.192836 -1.304644 -1
1 -1.022235 22.022854 0.752339 0.159255 -1.304651 -1
1 -0.921523 21.869804 0.752496 0.192825 -1.253635 -1
1 -1.022268 21.869827 0.752427 0.159244 -1.253642 -1
1 0.676707 13.735620 -0.047535 0.725569 0.432217 -1
1 0.676698 13.678731 -0.047503 0.274435 0.432229 -1
1 0.565704 13.735547 -0.218951 0.688568 0.375079 -1
1 0.565692 13.678658 -0.218918 0.311436 0.375090 -1
1 -0.921523 21.869804 0.752496 0.807175 0.698895 -1
1 -1.022268 21.869827 0.752427 0.840756 0.698871 -1
1 -0.921439 21.869717 0.599630 0.807147 0.647939 -1
1 -1.022140 21.869736 0.599564 0.840713 0.647917 -1
1 -0.921523 21.869804 0.752496 0.301105 -1.253635 -1
1 -0.921439 21.869717 0.599630 0.352061 -1.253605 -1
1 -0.921491 22.022835 0.752408 0.301135 -1.304644 -1
1 -0.921409 22.022743 0.599542 0.352090 -1.304615 -1
1 -0.922532 13.633489 -0.452025 0.807511 1.491806 -1
1 -1.023235 13.633508 -0.452091 0.841078 1.491800 -1
1 -0.922502 13.785947 -0.452113 0.807501 1.440987 -1
1 -1.023202 13.785966 -0.452178 0.841067 1.440980 -1
1 -0.922502 13.785947 -0.452113 0.192499 0.297358 -1
1 -1.023202 13.785966 -0.452178 0.158933 0.297336 -1
1 -0.922584 13.786038 -0.299267 0.192472 0.348307 -1
1 -1.023288 13.786057 -0.299334 0.158904 0.348284 -1
1 -0.922584 13.786038 -0.299267 0.192472 1.440956 -1
1 -1.023288 13.786057 -0.299334 0.158904 1.440950 -1
1 -0.922614 13.633576 -0.299180 0.192462 1.491776 -1
1 -1.023320 13.633595 -0.299247 0.158893 1.491769 -1
1 -0.922614 13.633576 -0.299180 0.807538 0.348336 -1
1 -1.023320 13.633595 -0.299247 0.841107 0.348313 -1
1 -0.922532 13.633489 -0.452025 0.807511 0.297387 -1
1 0.399462 13.735513 -0.333560 0.633154 0.336875 -1
1 0.399450 13.678624 -0.333530 0.366850 0.336886 -1
1 -1.023235 13.633508 -0.452091 0.841078 0.297365 -1
1 -0.922614 13.633576 -0.299180 0.651664 1.491776 -1
1 -0.922532 13.633489 -0.452025 0.702613 1.491806 -1
1 -0.922584 13.786038 -0.299267 0.651693 1.440956 -1
1 -0.922502 13.785947 -0.452113 0.702642 1.440987 -1
1 0.202588 13.707082 -0.375239 0.567528 1.467274 -1
1 -0.923127 13.634099 0.604364 0.807709 1.491603 -1
1 -1.023828 13.634110 0.604297 0.841276 1.491598 -1
1 -0.923095 13.786553 0.604277 0.807698 1.440783 -1
1 -1.023799 13.786572 0.604208 0.841266 1.440777 -1
1 -0.923095 13.786553 0.604277 0.192302 0.649488 -1
1 -1.023799 13.786572 0.604208 0.158734 0.649465 -1
1 -0.923181 13.786645 0.757142 0.192273 0.700443 -1
1 -1.023925 13.786664 0.757074 0.158692 0.700420 -1
1 -0.923181 13.786645 0.757142 0.192273 1.440754 -1
1 -1.023925 13.786664 0.757074 0.158692 1.440748 -1
1 -0.923213 13.634183 0.757230 0.192262 1.491575 -1
1 -1.023956 13.634206 0.757161 0.158681 1.491567 -1
1 -0.923213 13.634183 0.757230 0.807738 0.700473 -1
1 -1.023956 13.634206 0.757161 0.841319 0.700450 -1
1 -0.923127 13.634099 0.604364 0.807709 0.649517 -1
1 -1.023828 13.634110 0.604297 0.841276 0.649495 -1
1 -0.923213 13.634183 0.757230 0.299527 1.491575 -1
1 -0.923127 13.634099 0.604364 0.350483 1.491603 -1
1 -0.923181 13.786645 0.757142 0.299557 1.440754 -1
1 -0.923095 13.786553 0.604277 0.350512 1.440783 -1
1 -0.124368 32.070534 -1.501044 0.458544 -4.653877 -1
1 -0.071141 32.070526 -1.501005 0.476286 -4.653873 -1
1 -0.124154 33.094147 -1.501633 0.458615 -4.995083 -1
1 -0.070934 33.094139 -1.501594 0.476356 -4.995079 -1
1 -0.124154 33.094147 -1.501633 0.458615 -0.052482 -1
1 -0.070934 33.094139 -1.501594 0.476356 -0.052469 -1
1 -0.124128 33.094124 -1.554662 0.458624 -0.070158 -1
1 -0.070903 33.094109 -1.554621 0.476366 -0.070144 -1
1 -0.124128 33.094124 -1.554662 0.541376 -4.995073 -1
1 -0.070903 33.094109 -1.554621 0.523634 -4.995069 -1
1 -0.124337 32.070503 -1.554071 0.541446 -4.653867 -1
1 -0.071111 32.070496 -1.554032 0.523704 -4.653863 -1
1 -0.066484 33.096054 1.830731 -0.058307 -4.995716 -1
1 -0.066514 33.096085 1.883758 -0.075983 -4.995728 -1
1 -0.066692 32.072433 1.831321 -0.058504 -4.654511 -1
1 -0.066722 32.072472 1.884349 -0.076179 -4.654522 -1
1 -0.119737 33.096100 1.883723 1.075971 -4.995731 -1
1 -0.119706 33.096062 1.830697 1.058295 -4.995721 -1
1 -0.119949 32.072479 1.884311 1.076167 -4.654525 -1
1 -0.119918 32.072449 1.831283 1.058491 -4.654515 -1
1 -0.119949 32.072479 1.884311 0.460017 -4.654525 -1
1 -0.066722 32.072472 1.884349 0.477759 -4.654522 -1
1 -0.119737 33.096100 1.883723 0.460088 -4.995731 -1
1 -0.066514 33.096085 1.883758 0.477828 -4.995728 -1
1 -0.119737 33.096100 1.883723 0.460088 1.075971 -1
1 -0.066514 33.096085 1.883758 0.477828 1.075983 -1
1 -0.119706 33.096062 1.830697 0.460098 1.058295 -1
1 -0.066484 33.096054 1.830731 0.477839 1.058307 -1
1 -0.119706 33.096062 1.830697 0.539902 -4.995721 -1
1 -0.066484 33.096054 1.830731 0.522161 -4.995716 -1
1 -0.119918 32.072449 1.831283 0.539973 -4.654515 -1
1 -0.066692 32.072433 1.831321 0.522231 -4.654511 -1
1 -0.980363 13.679051 -0.375090 0.173212 1.476616 -1
1 -0.980350 13.735940 -0.376140 0.173216 1.457653 -1
1 -0.982464 13.736550 0.680791 0.827487 1.457452 -1
1 -0.982476 13.679662 0.681841 0.827491 1.476415 -1
1 -0.980350 13.735940 -0.376140 0.826783 1.457656 -1
1 -0.980363 13.679051 -0.375090 0.826787 1.476619 -1
1 -0.982476 13.679662 0.681841 0.172507 1.476414 -1
1 -0.982464 13.736550 0.680791 0.172510 1.457451 -1
551
0.454124 0.000439 0.890939
0.205886 0.000546 0.978576
0.393842 0.000478 0.919178
0.760963 0.000217 0.648796
0.668644 0.000301 0.743583
0.949618 -0.000003 0.313408
0.901148 0.000068 0.433512
0.997971 -0.000217 -0.063668
0.997899 -0.000156 0.064796
0.901654 -0.000404 -0.432459
0.949977 -0.000342 -0.312320
0.669608 -0.000557 -0.742714
0.761769 -0.000518 -0.647848
0.395069 -0.000569 -0.918651
0.455319 -0.000581 -0.890328
0.207191 -0.000560 -0.978300
-0.454124 -0.000439 -0.890939
-0.393842 -0.000478 -0.919178
-0.205886 -0.000546 -0.978576
-0.760963 -0.000217 -0.648796
-0.668644 -0.000301 -0.743583
-0.949618 0.000003 -0.313408
-0.901148 -0.000068 -0.433512
0.454124 0.000439 0.890939
0.760963 0.000217 0.648796
0.668644 0.000301 0.743583
0.949618 -0.000003 0.313408
0.901148 0.000068 0.433512
-0.997971 0.000217 0.063668
-0.997899 0.000156 -0.064796
0.997971 -0.000217 -0.063668
0.997899 -0.000156 0.064796
-0.901654 0.000404 0.432459
-0.949977 0.000342 0.312320
1.000000 -0.000203 0.000585
1.000000 -0.000203 0.000585
1.000000 -0.000203 0.000585
-1.000000 0.000206 -0.000585
-1.000000 0.000206 -0.000576
-1.000000 0.000207 -0.000567
-0.000735 0.000573 1.000000
-0.000703 0.000574 1.000000
-0.000672 0.000576 1.000000
0.000144 1.000000 -0.000432
0.000215 1.000000 -0.000503
0.000287 1.000000 -0.000575
0.000699 -0.000574 -1.000000
0.000717 -0.000575 -1.000000
0.000735 -0.000575 -1.000000
1.000000 -0.000207 0.000585
1.000000 -0.000206 0.000576
1.000000 -0.000206 0.000567
-1.000000 0.000207 -0.000510
-1.000000 0.000205 -0.000548
-1.000000 0.000203 -0.000585
-0.000699 0.000573 1.000000
-0.000690 0.000573 1.000000
-0.000681 0.000574 1.000000
0.000287 1.000000 -0.000575
0.000287 1.000000 -0.000575
0.000287 1.000000 -0.000575
0.000708 -0.000575 -1.000000
0.000690 -0.000575 -1.000000
0.000672 -0.000574 -1.000000
1.000000 -0.000207 0.000580
1.000000 -0.000207 0.000580
1.000000 -0.000207 0.000580
-1.000000 0.000203 -0.000563
-1.000000 0.000204 -0.000544
-1.000000 0.000205 -0.000525
-0.000699 0.000575 1.000000
-0.000717 0.000574 1.000000
-0.000735 0.000573 1.000000
0.000144 1.000000 -0.000571
0.000144 1.000000 -0.000571
0.000144 1.000000 -0.000571
0.000699 -0.000575 -1.000000
0.000690 -0.000575 -1.000000
0.000681 -0.000574 -1.000000
1.000000 -0.000203 0.000508
1.000000 -0.000204 0.000536
1.000000 -0.000206 0.000564
-1.000000 0.000203 -0.000564
-1.000000 0.000202 -0.000575
-1.000000 0.000202 -0.000585
-0.000681 0.000576 1.000000
-0.000699 0.000575 1.000000
-0.000717 0.000574 1.000000
0.000287 1.000000 -0.000575
0.000287 1.000000 -0.000575
0.000287 1.000000 -0.000575
0.000681 -0.000574 -1.000000
0.000699 -0.000575 -1.000000
0.000717 -0.000576 -1.000000
-0.000111 -0.000596 -1.000000
-0.000111 -0.000596 -1.000000
-0.277025 -0.000512 -0.960863
-0.553928 -0.000375 -0.832565
-0.669608 0.000557 0.742714
-0.761769 0.000518 0.647848
0.000111 0.000596 1.000000
0.000111 0.000596 1.000000
0.277025 0.000512 0.960863
0.553928 0.000375 0.832565
-0.395069 0.000569 0.918651
-0.455319 0.000581 0.890328
-0.975103 0.000326 0.221754
-0.895977 0.000445 0.444101
-0.564903 0.000611 0.825157
-0.282724 0.000638 0.959201
-0.207191 0.000560 0.978300
0.975103 -0.000326 -0.221753
0.895977 -0.000445 -0.444100
0.429080 -0.000629 -0.903266
0.429079 -0.000639 -0.903267
-0.002056 0.018455 0.999828
1.000000 -0.000195 0.000582
-0.890019 -0.000076 -0.455924
-0.973600 0.000066 -0.228260
0.000312 -0.018454 -0.999830
-0.000705 0.000576 1.000000
0.000228 1.000000 -0.000574
0.000675 -0.000571 -1.000000
0.000672 -0.000569 -1.000000
0.890019 0.000076 0.455924
0.973600 -0.000066 0.228260
0.000677 -0.000572 -1.000000
-0.000190 -1.000000 0.000574
-0.000190 -1.000000 0.000574
0.002056 -0.018455 -0.999828
-0.000190 -1.000000 0.000574
-0.000498 0.000596 1.000000
-0.000498 0.000596 1.000000
-0.000312 0.018454 0.999830
0.000190 1.000000 -0.000574
0.000190 1.000000 -0.000574
0.000498 -0.000596 -1.000000
0.000498 -0.000596 -1.000000
0.000190 1.000000 -0.000574
-0.000109 -0.000586 -1.000000
-0.000109 -0.000586 -1.000000
-0.420336 -0.000445 -0.907368
-0.420336 -0.000445 -0.907368
-0.000171 -1.000000 0.000586
-0.000190 -1.000000 0.000574
0.000109 0.000586 1.000000
0.000109 0.000586 1.000000
0.276983 0.000506 0.960875
0.553847 0.000374 0.832618
0.949618 -0.000003 0.313408
-0.975094 0.000320 0.221794
-0.895937 0.000435 0.444181
-0.564849 0.000586 0.825194
-0.282745 0.000610 0.959195
0.997899 -0.000156 0.064796
0.975094 -0.000320 -0.221793
0.895937 -0.000435 -0.444181
0.429061 -0.000605 -0.903276
0.429060 -0.000604 -0.903276
0.949977 -0.000342 -0.312320
-0.889976 -0.000088 -0.456008
-0.973590 0.000061 -0.228302
0.889975 0.000088 0.456008
0.973590 -0.000061 0.228302
-0.000152 -1.000000 0.000599
-0.000665 0.000577 1.000000
-0.000677 0.000569 1.000000
-0.000585 0.000576 1.000000
-0.000586 0.000581 1.000000
-0.000653 0.000585 1.000000
0.000585 -0.000576 -1.000000
0.000586 -0.000581 -1.000000
-0.000088 -1.000000 0.000645
-0.000086 -1.000000 0.000642
-0.000127 -1.000000 0.000621
-0.000126 -1.000000 0.000531
-0.000164 -1.000000 0.000552
-0.000090 -1.000000 0.000511
-0.000205 -1.000000 0.000572
0.000092 1.000000 -0.000508
0.000088 1.000000 -0.000513
0.000124 1.000000 -0.000534
0.000085 1.000000 -0.000640
0.000125 1.000000 -0.000618
0.000167 1.000000 -0.000593
0.000210 1.000000 -0.000574
0.000088 1.000000 -0.000645
-0.557159 -0.000392 -0.830406
-0.557158 -0.000388 -0.830406
-0.291052 -0.000519 -0.956707
-0.291052 -0.000515 -0.956707
-0.000306 0.000591 1.000000
-0.000306 0.000601 1.000000
-0.292308 0.000633 0.956324
-0.292307 0.000645 0.956324
-0.000092 -1.000000 0.000508
-0.000164 -1.000000 0.000599
-0.000205 -1.000000 0.000576
0.000164 1.000000 -0.000557
0.000210 1.000000 -0.000576
0.000205 1.000000 -0.000575
0.000213 1.000000 -0.000574
-1.000000 0.000185 -0.000561
-1.000000 0.000196 -0.000560
-1.000000 0.000207 -0.000558
0.000306 -0.000606 -1.000000
0.000307 -0.000611 -1.000000
-0.558828 0.000610 0.829283
-0.558830 0.000597 0.829282
-0.000206 -1.000000 0.000573
-0.000202 -1.000000 0.000576
-0.000287 0.000601 1.000000
-0.000287 0.000601 1.000000
-0.000288 0.000601 1.000000
0.000287 -0.000606 -1.000000
0.000288 -0.000596 -1.000000
0.000288 -0.000585 -1.000000
0.783800 0.000194 0.621013
0.944312 0.000019 0.329051
0.783801 0.000209 0.621012
0.944312 0.000021 0.329050
0.784565 -0.000529 -0.620046
0.784566 -0.000507 -0.620045
0.900654 -0.000412 -0.434537
0.976178 -0.000291 -0.216972
-0.949618 0.000003 -0.313408
-0.000763 -0.056730 0.998389
0.948623 -0.005005 0.316368
-0.998346 0.057496 -0.000550
-0.316407 0.012910 0.948536
-0.997971 0.000217 0.063668
-0.997899 0.000156 -0.064796
-0.560880 0.054315 -0.826114
-0.962371 0.012907 0.271433
-0.822308 0.001852 -0.569040
-0.799757 0.013337 0.600175
-0.949977 0.000342 0.312320
-0.000734 0.052822 0.998604
0.948189 0.029641 0.316320
1.000000 -0.000184 0.000531
0.948075 0.042379 -0.315209
1.000000 -0.000184 0.000521
-0.999663 -0.025941 -0.000519
-1.000000 0.000184 -0.000531
-0.998644 -0.052066 -0.000524
-1.000000 0.000184 -0.000521
-0.000719 0.000518 1.000000
0.314896 -0.030812 0.948626
-0.000737 0.000518 1.000000
0.000712 -0.006789 -0.999977
0.000719 -0.000518 -1.000000
0.000700 -0.013061 -0.999914
0.000737 -0.000518 -1.000000
-0.827474 0.000443 0.561503
-0.607691 -0.027728 0.793689
-0.827465 0.000443 0.561517
0.827454 -0.007856 -0.561479
0.827474 -0.000443 -0.561503
0.827306 -0.015254 -0.561545
0.827465 -0.000443 -0.561517
-0.568898 0.000531 0.822408
-0.279483 0.022813 0.959880
-0.568907 0.000531 0.822401
0.568712 -0.025741 -0.822134
0.568898 -0.000531 -0.822408
0.568274 -0.050957 -0.821260
0.568907 -0.000531 -0.822401
-0.002056 0.018454 0.999828
1.000000 -0.000184 0.000561
0.948940 0.007752 -0.315361
1.000000 -0.000184 0.000542
-0.999663 -0.025942 -0.000552
-1.000000 0.000184 -0.000561
-0.998643 -0.052067 -0.000540
-1.000000 0.000184 -0.000542
0.002056 -0.018454 -0.999828
-0.446518 0.812312 0.375194
0.340939 0.928600 0.146499
-0.340526 0.930626 -0.134083
0.708020 0.641272 0.295768
0.446892 0.817045 -0.364314
-0.707698 0.645538 -0.287130
-0.446500 0.812342 0.375151
0.340934 0.928604 0.146485
-0.340513 0.930633 -0.134061
0.708020 0.641284 0.295741
0.446888 0.817062 -0.364282
-0.707670 0.645588 -0.287087
0.000740 -0.057872 -0.998324
-0.996942 -0.078139 -0.000519
-0.996942 -0.078138 -0.000504
0.999148 0.041278 0.000537
0.999148 0.041277 0.000518
0.822210 -0.006906 0.569143
0.567425 -0.076121 -0.819899
0.567593 -0.076129 -0.819782
-0.568509 0.039253 0.821740
-0.568559 0.039251 0.821706
0.560326 -0.059373 0.826142
0.827149 -0.022658 -0.561526
0.827022 -0.022637 -0.561714
-0.827449 -0.014385 0.561357
-0.827504 -0.014383 0.561276
0.998042 -0.062550 0.000604
0.000699 -0.019332 -0.999813
0.000701 -0.019332 -0.999813
-0.000699 -0.017709 0.999843
-0.000695 -0.017709 0.999843
0.000728 0.051679 -0.998663
-0.996942 -0.078138 -0.000515
-0.996942 -0.078138 -0.000536
0.999147 0.041280 0.000514
0.999147 0.041280 0.000511
0.454125 0.000405 0.890938
0.205888 0.000503 0.978575
0.393841 0.000429 0.919178
0.760966 0.000206 0.648791
0.668646 0.000276 0.743581
0.949620 -0.000018 0.313403
0.901150 0.000053 0.433507
0.997971 -0.000244 -0.063668
0.997899 -0.000163 0.064789
0.901654 -0.000454 -0.432459
0.949978 -0.000389 -0.312316
0.669609 -0.000578 -0.742714
0.761767 -0.000545 -0.647851
0.394600 -0.000628 -0.918853
0.455022 -0.000623 -0.890480
0.206176 -0.000624 -0.978515
-0.454125 -0.000405 -0.890938
-0.393841 -0.000429 -0.919178
-0.205888 -0.000503 -0.978575
-0.760966 -0.000206 -0.648791
-0.668646 -0.000276 -0.743581
-0.949620 0.000018 -0.313403
-0.901150 -0.000053 -0.433507
-0.997971 0.000244 0.063668
-0.997899 0.000163 -0.064789
-0.901654 0.000454 0.432459
-0.949978 0.000389 0.312316
-0.669609 0.000578 0.742714
-0.761767 0.000545 0.647851
-0.394600 0.000628 0.918853
-0.455022 0.000623 0.890480
-0.206176 0.000624 0.978515
-0.999992 0.000183 -0.003866
-0.999992 0.000205 -0.003868
-0.002058 0.018640 0.999824
-0.999993 0.000161 -0.003864
0.000069 -0.000593 -1.000000
-0.999996 0.000240 0.002757
-0.999996 0.000250 0.002756
-0.999996 0.000230 0.002758
1.000000 -0.000203 0.000585
1.000000 -0.000203 0.000585
1.000000 -0.000203 0.000585
-1.000000 0.000208 -0.000508
-1.000000 0.000206 -0.000537
0.002058 -0.018640 -0.999824
-1.000000 0.000205 -0.000567
-0.000069 0.000593 1.000000
0.000682 -0.000573 -1.000000
0.000677 -0.000570 -1.000000
0.000672 -0.000567 -1.000000
0.000152 1.000000 -0.000549
0.000190 1.000000 -0.000574
0.000228 1.000000 -0.000599
-0.000686 0.000561 1.000000
-0.000679 0.000566 1.000000
-0.000672 0.000570 1.000000
-0.000152 -1.000000 0.000599
-0.000190 -1.000000 0.000574
-0.000228 -1.000000 0.000549
1.000000 -0.000210 0.000577
1.000000 -0.000209 0.000576
1.000000 -0.000208 0.000576
0.000682 -0.000570 -1.000000
0.000679 -0.000569 -1.000000
0.000677 -0.000567 -1.000000
0.000152 1.000000 -0.000549
0.000190 1.000000 -0.000574
0.000228 1.000000 -0.000599
-0.000681 0.000561 1.000000
-0.000677 0.000564 1.000000
-0.000672 0.000567 1.000000
-0.000228 -1.000000 0.000549
-0.000190 -1.000000 0.000574
-0.000152 -1.000000 0.000599
1.000000 -0.000208 0.000582
1.000000 -0.000205 0.000579
1.000000 -0.000202 0.000576
-0.000735 0.000575 1.000000
-0.000735 0.000575 1.000000
-0.000735 0.000575 1.000000
0.454125 0.000435 0.890938
0.205888 0.000552 0.978575
0.393845 0.000483 0.919177
0.000144 1.000000 -0.000432
0.000215 1.000000 -0.000503
0.760963 0.000202 0.648796
0.668644 0.000287 0.743583
0.949620 -0.000002 0.313403
0.901149 0.000059 0.433509
0.997971 -0.000236 -0.063665
0.997899 -0.000147 0.064790
0.901654 -0.000457 -0.432457
0.949979 -0.000386 -0.312314
0.669608 -0.000571 -0.742714
0.761767 -0.000547 -0.647851
0.395072 -0.000598 -0.918650
0.455323 -0.000606 -0.890326
0.000287 1.000000 -0.000575
0.207189 -0.000595 -0.978301
0.000770 -0.000578 -1.000000
0.000752 -0.000577 -1.000000
0.000735 -0.000576 -1.000000
-0.454125 -0.000435 -0.890938
-0.393845 -0.000483 -0.919177
-0.205888 -0.000552 -0.978575
1.000000 -0.000203 0.000567
1.000000 -0.000203 0.000564
-0.760963 -0.000202 -0.648796
-0.668644 -0.000287 -0.743583
-0.949620 0.000002 -0.313403
-0.901149 -0.000059 -0.433509
-0.997971 0.000236 0.063665
-0.997899 0.000147 -0.064790
-0.901654 0.000457 0.432457
-0.949979 0.000386 0.312314
-0.669608 0.000571 0.742714
-0.761767 0.000547 0.647851
-0.395072 0.000598 0.918650
-0.455323 0.000606 0.890326
1.000000 -0.000203 0.000562
-0.207189 0.000595 0.978301
-1.000000 0.000207 -0.000562
-1.000000 0.000206 -0.000573
-1.000000 0.000206 -0.000585
-0.000717 0.000574 1.000000
-0.000681 0.000576 1.000000
-0.000645 0.000578 1.000000
0.000287 1.000000 -0.000719
0.000215 1.000000 -0.000647
-0.002058 0.018642 0.999824
0.000144 1.000000 -0.000575
0.000313 -0.018658 -0.999826
0.000645 -0.000572 -1.000000
0.000681 -0.000574 -1.000000
0.000717 -0.000576 -1.000000
1.000000 -0.000202 0.000576
1.000000 -0.000202 0.000567
-1.000000 0.000209 -0.000490
-1.000000 0.000206 -0.000537
0.002058 -0.018642 -0.999824
-1.000000 0.000204 -0.000585
-0.000313 0.018658 0.999826
0.000677 -0.000589 -1.000000
0.000665 -0.000581 -1.000000
0.000653 -0.000573 -1.000000
0.000190 1.000000 -0.000599
0.000171 1.000000 -0.000586
0.000152 1.000000 -0.000574
-0.000672 0.000589 1.000000
-0.000672 0.000589 1.000000
-0.000672 0.000589 1.000000
-0.000190 -1.000000 0.000549
-0.000190 -1.000000 0.000549
-0.000190 -1.000000 0.000549
1.000000 -0.000208 0.000576
1.000000 -0.000189 0.000556
1.000000 -0.000170 0.000537
0.000653 -0.000577 -1.000000
0.000653 -0.000577 -1.000000
0.000653 -0.000577 -1.000000
0.000190 1.000000 -0.000599
0.000190 1.000000 -0.000599
0.000190 1.000000 -0.000599
-0.000686 0.000573 1.000000
-0.000684 0.000575 1.000000
-0.000681 0.000577 1.000000
0.669608 -0.000557 -0.742714
-0.000228 -1.000000 0.000574
-0.000209 -1.000000 0.000586
-0.000190 -1.000000 0.000599
1.000000 -0.000210 0.000551
1.000000 -0.000203 0.000544
1.000000 -0.000196 0.000537
0.000658 -0.000579 -1.000000
0.000651 -0.000574 -1.000000
0.000644 -0.000569 -1.000000
0.000190 1.000000 -0.000599
0.000190 1.000000 -0.000599
0.000190 1.000000 -0.000599
-0.000663 0.000572 1.000000
-0.000665 0.000571 1.000000
-0.000668 0.000569 1.000000
-0.000190 -1.000000 0.000574
-0.000190 -1.000000 0.000574
-0.000190 -1.000000 0.000574
1.000000 -0.000197 0.000537
1.000000 -0.000197 0.000537
1.000000 -0.000197 0.000537
0.207191 -0.000560 -0.978300
0.000668 -0.000573 -1.000000
0.000675 -0.000577 -1.000000
0.000682 -0.000582 -1.000000
0.000190 1.000000 -0.000599
0.000190 1.000000 -0.000599
0.000190 1.000000 -0.000599
-0.000677 0.000576 1.000000
-0.000681 0.000572 1.000000
-0.000686 0.000569 1.000000
-0.000228 -1.000000 0.000549
-0.000171 -1.000000 0.000586
-0.000114 -1.000000 0.000624
1.000000 -0.000209 0.000563
1.000000 -0.000209 0.000563
1.000000 -0.000209 0.000563
-0.000735 0.000575 1.000000
-0.000735 0.000575 1.000000
-0.000735 0.000575 1.000000
0.000144 1.000000 -0.000432
0.000215 1.000000 -0.000503
0.000287 1.000000 -0.000575
0.000770 -0.000578 -1.000000
0.000752 -0.000577 -1.000000
0.000735 -0.000576 -1.000000
1.000000 -0.000203 0.000567
1.000000 -0.000203 0.000567
1.000000 -0.000203 0.000567
-1.000000 0.000207 -0.000585
-1.000000 0.000207 -0.000585
-1.000000 0.000207 -0.000585
-0.000717 0.000574 1.000000
-0.000681 0.000576 1.000000
-0.000645 0.000578 1.000000
0.000287 1.000000 -0.000719
0.000215 1.000000 -0.000647
0.000144 1.000000 -0.000575
0.000645 -0.000572 -1.000000
0.000681 -0.000574 -1.000000
0.000717 -0.000576 -1.000000
-0.207191 0.000560 0.978300
-0.455319 0.000581 0.890328
-0.997971 0.000217 0.063668
-0.997899 0.000156 -0.064796
-0.949618 0.000003 -0.313408
-0.901148 -0.000068 -0.433512
-0.760963 -0.000217 -0.648796
-0.668644 -0.000301 -0.743583
-0.454124 -0.000439 -0.890939
472
1 0 1 2 0 1 2 1
1 3 0 4 3 0 4 1
1 4 0 2 4 0 2 1
1 5 3 6 5 3 6 1
1 6 3 4 6 3 4 1
1 7 5 8 7 5 8 1
1 8 5 6 8 5 6 1
1 9 7 10 9 7 10 1
1 10 7 8 10 7 8 1
1 11 9 12 11 9 12 1
1 12 9 10 12 9 10 1
1 13 11 14 13 11 14 1
1 14 11 12 14 11 12 1
1 15 13 14 15 13 14 1
1 0 2 1 16 17 18 2
1 3 4 0 19 20 16 2
1 0 4 2 16 20 17 2
1 5 6 3 21 22 19 2
1 3 6 4 19 22 20 2
1 16 17 18 23 1 2 1
1 19 16 20 24 23 25 1
1 20 16 18 25 23 2 1
1 21 19 22 26 24 27 1
1 7 8 5 28 29 21 2
1 5 8 6 21 29 22 2
1 22 19 20 27 24 25 1
1 23 21 24 30 26 31 1
1 9 10 7 32 33 28 2
1 25 26 27 34 35 35 1
1 27 26 28 35 35 36 1
1 29 30 31 37 38 38 1
1 31 30 32 38 38 39 1
1 33 34 35 40 41 41 1
1 35 34 36 41 41 42 1
1 37 38 39 43 44 44 1
1 39 38 40 44 44 45 1
1 41 42 43 46 47 47 1
1 43 42 44 47 47 48 1
1 45 46 47 49 50 50 1
1 47 46 48 50 50 51 1
1 49 50 51 52 53 53 1
1 51 50 52 53 53 54 1
1 53 54 55 55 56 56 1
1 55 54 56 56 56 57 1
1 57 58 59 58 59 59 1
1 59 58 60 59 59 60 1
1 61 62 63 61 62 62 1
1 63 62 64 62 62 63 1
1 65 66 67 64 65 65 1
1 67 66 68 65 65 66 1
1 69 70 71 67 68 68 1
1 71 70 72 68 68 69 1
1 73 74 75 70 71 71 1
1 75 74 76 71 71 72 1
1 77 78 79 73 74 74 1
1 79 78 80 74 74 75 1
1 81 82 83 76 77 77 1
1 83 82 84 77 77 78 1
1 85 86 87 79 80 80 1
1 87 86 88 80 80 81 1
1 89 90 91 82 83 83 1
1 91 90 92 83 83 84 1
1 93 94 95 85 86 86 1
1 95 94 96 86 86 87 1
1 97 98 99 88 89 89 1
1 99 98 100 89 89 90 1
1 101 102 103 91 92 92 1
1 103 102 104 92 92 93 1
1 105 106 107 94 95 96 1
1 107 106 108 96 95 97 1
1 7 10 8 28 33 29 2
1 11 12 9 98 99 32 2
1 106 105 108 100 101 102 2
1 108 105 107 102 101 103 2
1 9 12 10 32 99 33 2
1 13 14 11 104 105 98 2
1 109 110 111 106 107 108 1
1 111 110 112 108 107 109 1
1 11 14 12 98 105 99 2
1 13 15 14 104 110 105 2
1 110 109 112 111 112 113 2
1 112 109 111 113 112 114 2
1 113 1 114 115 1 115 1
1 115 116 117 116 116 116 1
1 118 119 109 117 118 106 1
1 109 119 110 106 118 107 1
1 107 108 118 96 97 117 1
1 118 108 119 117 97 118 1
1 120 15 121 119 15 119 1
1 122 123 124 120 120 120 1
1 125 126 127 121 121 121 1
1 128 129 130 122 122 123 1
1 119 118 110 124 125 111 2
1 110 118 109 111 125 112 2
1 108 107 119 102 103 124 2
1 119 107 118 124 103 125 2
1 131 129 128 126 122 122 1
1 132 133 134 127 127 128 1
1 135 1 136 129 1 129 1
1 137 133 132 130 127 127 1
1 111 112 138 108 109 131 1
1 138 112 139 131 109 132 1
1 140 15 141 133 15 133 1
1 142 143 144 134 134 135 1
1 111 138 112 114 136 113 2
1 112 138 139 113 136 137 2
1 145 143 142 138 134 134 1
1 146 147 148 0 1 2 1
1 149 150 151 139 140 141 1
1 149 151 152 139 141 142 1
1 153 154 155 143 143 144 1
1 156 146 157 3 0 4 1
1 150 149 151 145 146 147 2
1 151 149 152 147 146 148 2
1 157 146 148 4 0 2 1
1 158 156 159 149 3 6 1
1 160 161 162 150 151 152 1
1 162 161 163 152 151 153 1
1 159 156 157 6 3 4 1
1 164 158 165 30 149 154 1
1 161 160 163 155 156 157 2
1 163 160 162 157 156 158 2
1 165 158 159 154 149 6 1
1 166 164 167 9 30 159 1
1 168 169 160 160 161 150 1
1 160 169 161 150 161 151 1
1 152 151 168 142 141 160 1
1 168 151 169 160 141 161 1
1 167 164 165 159 30 154 1
1 170 166 171 11 9 12 1
1 171 166 167 12 9 159 1
1 172 170 173 13 11 14 1
1 169 168 161 162 163 155 2
1 161 168 160 155 163 156 2
1 151 152 169 147 148 162 2
1 169 152 168 162 148 163 2
1 173 170 171 14 11 12 1
1 174 154 153 164 143 143 1
1 175 172 173 15 13 14 1
1 176 177 178 165 165 166 1
1 162 163 179 152 153 167 1
1 179 163 180 167 153 168 1
1 181 177 176 169 165 165 1
1 146 148 147 16 17 18 2
1 162 179 163 158 170 157 2
1 163 179 180 157 170 171 2
1 156 157 146 19 20 16 2
1 146 157 148 16 20 17 2
1 182 183 184 172 173 174 1
1 185 186 187 175 176 177 1
1 186 185 188 176 175 178 1
1 189 190 191 179 180 181 1
1 192 193 194 182 183 184 1
1 194 193 195 184 183 185 1
1 192 196 193 182 186 183 1
1 197 198 199 187 188 189 1
1 199 198 200 189 188 190 1
1 201 202 203 191 192 193 1
1 203 202 204 193 192 194 1
1 187 205 185 177 195 175 1
1 206 184 183 196 174 173 1
1 184 206 207 174 196 197 1
1 208 209 210 198 199 200 1
1 210 209 195 200 199 185 1
1 195 209 211 185 199 201 1
1 195 211 194 185 201 184 1
1 191 190 208 181 180 198 1
1 191 208 210 181 198 200 1
1 212 213 214 202 203 203 1
1 214 213 215 203 203 204 1
1 200 216 199 190 205 189 1
1 199 216 217 189 205 206 1
1 204 218 203 194 207 193 1
1 203 218 219 193 207 208 1
1 220 186 188 209 176 178 1
1 220 188 207 209 178 197 1
1 220 207 221 209 197 210 1
1 221 207 206 210 197 196 1
1 222 223 224 211 212 212 1
1 224 223 225 212 212 213 1
1 226 227 228 214 215 215 1
1 228 227 229 215 215 216 1
1 230 231 232 217 218 219 1
1 232 231 233 219 218 220 1
1 234 235 236 221 222 223 1
1 236 235 237 223 222 224 1
1 236 237 231 223 224 218 1
1 231 237 233 218 224 220 1
1 158 159 156 225 22 19 2
1 238 239 240 226 226 227 1
1 156 159 157 19 22 20 2
1 241 242 243 228 228 229 1
1 164 165 158 230 231 225 2
1 244 245 246 232 232 233 1
1 158 165 159 225 231 22 2
1 247 248 249 234 234 235 1
1 166 167 164 32 236 230 2
1 250 251 252 237 237 238 1
1 240 253 254 227 239 240 1
1 255 253 240 241 239 227 1
1 254 255 240 242 243 244 2
1 253 255 254 245 243 242 2
1 164 167 165 230 236 231 2
1 170 171 166 98 99 32 2
1 243 256 257 229 246 247 1
1 258 256 243 248 246 229 1
1 257 258 243 249 250 251 2
1 256 258 257 252 250 249 2
1 166 171 167 32 99 236 2
1 172 173 170 104 105 98 2
1 246 259 260 233 253 254 1
1 261 259 246 255 253 233 1
1 260 261 246 256 257 258 2
1 259 261 260 259 257 256 2
1 170 173 171 98 105 99 2
1 172 175 173 104 110 105 2
1 249 262 263 235 260 261 1
1 264 262 249 262 260 235 1
1 263 264 249 263 264 265 2
1 262 264 263 266 264 263 2
1 265 147 266 267 1 267 1
1 267 175 268 119 15 119 1
1 252 269 270 238 268 269 1
1 271 269 252 270 268 238 1
1 270 271 252 271 272 273 2
1 269 271 270 274 272 271 2
1 272 147 273 275 1 275 1
1 274 175 275 133 15 133 1
1 276 277 278 169 165 165 1
1 278 277 279 165 165 166 1
1 280 281 282 164 143 143 1
1 282 281 283 143 143 144 1
1 284 285 286 138 134 134 1
1 286 285 287 134 134 135 1
1 288 289 290 130 127 127 1
1 290 289 291 127 127 128 1
1 292 293 294 126 122 122 1
1 294 293 295 122 122 123 1
1 296 297 298 121 121 121 1
1 299 300 301 120 120 120 1
1 302 303 304 116 116 116 1
1 305 306 307 276 277 278 1
1 306 305 308 277 276 279 1
1 306 308 309 277 279 280 1
1 307 310 305 278 281 276 1
1 309 307 306 280 278 277 1
1 309 310 307 280 281 278 1
1 311 312 313 282 283 284 1
1 312 311 314 283 282 285 1
1 312 314 315 283 285 286 1
1 313 316 311 284 287 282 1
1 315 313 312 286 284 283 1
1 315 316 313 286 287 284 1
1 317 270 318 288 269 288 1
1 270 252 319 271 273 289 2
1 319 252 320 289 273 290 2
1 252 270 321 238 269 291 1
1 321 270 322 291 269 292 1
1 323 263 324 293 261 293 1
1 263 249 325 263 265 294 2
1 325 249 326 294 265 295 2
1 249 263 327 235 261 296 1
1 327 263 328 296 261 297 1
1 329 260 330 298 254 298 1
1 260 246 331 256 258 299 2
1 331 246 332 299 258 300 2
1 246 260 333 233 254 301 1
1 333 260 334 301 254 302 1
1 335 257 336 303 247 303 1
1 257 243 337 249 251 304 2
1 337 243 338 304 251 305 2
1 243 257 339 229 247 306 1
1 339 257 340 306 247 307 1
1 341 254 342 308 240 308 1
1 254 240 343 242 244 309 2
1 343 240 344 309 244 310 2
1 240 254 345 227 240 311 1
1 345 254 346 311 240 312 1
1 347 348 349 313 314 315 1
1 350 347 351 316 313 317 1
1 351 347 349 317 313 315 1
1 352 350 353 318 316 319 1
1 353 350 351 319 316 317 1
1 354 352 355 320 318 321 1
1 355 352 353 321 318 319 1
1 356 354 357 322 320 323 1
1 357 354 355 323 320 321 1
1 358 356 359 324 322 325 1
1 359 356 357 325 322 323 1
1 360 358 361 326 324 327 1
1 361 358 359 327 324 325 1
1 362 360 361 328 326 327 1
1 347 349 348 329 330 331 2
1 350 351 347 332 333 329 2
1 347 351 349 329 333 330 2
1 352 353 350 334 335 332 2
1 350 353 351 332 335 333 2
1 354 355 352 336 337 334 2
1 352 355 353 334 337 335 2
1 356 357 354 338 339 336 2
1 354 357 355 336 339 337 2
1 358 359 356 340 341 338 2
1 356 359 357 338 341 339 2
1 360 361 358 342 343 340 2
1 358 361 359 340 343 341 2
1 360 362 361 342 344 343 2
1 363 364 365 345 346 345 1
1 366 348 367 347 314 347 1
1 365 368 363 345 348 345 1
1 369 362 370 349 328 349 1
1 371 372 373 350 351 350 1
1 373 374 371 350 352 350 1
1 375 376 377 353 354 354 1
1 377 376 378 354 354 355 1
1 379 380 381 356 357 357 1
1 382 348 383 358 314 358 1
1 381 380 384 357 357 359 1
1 385 362 386 360 328 360 1
1 387 388 389 361 362 362 1
1 389 388 390 362 362 363 1
1 391 392 393 364 365 365 1
1 393 392 394 365 365 366 1
1 395 396 397 367 368 368 1
1 397 396 398 368 368 369 1
1 399 400 401 370 371 371 1
1 401 400 402 371 371 372 1
1 403 404 405 373 374 374 1
1 405 404 406 374 374 375 1
1 407 408 409 376 377 377 1
1 409 408 410 377 377 378 1
1 411 412 413 379 380 380 1
1 413 412 414 380 380 381 1
1 415 416 417 382 383 383 1
1 417 416 418 383 383 384 1
1 419 420 421 385 386 386 1
1 421 420 422 386 386 387 1
1 423 424 425 388 389 389 1
1 425 424 426 389 389 390 1
1 427 428 429 391 392 392 1
1 429 428 430 392 392 393 1
1 431 432 433 394 395 396 1
1 434 435 436 397 398 398 1
1 437 431 438 399 394 400 1
1 438 431 433 400 394 396 1
1 439 437 440 401 399 402 1
1 440 437 438 402 399 400 1
1 441 439 442 403 401 404 1
1 442 439 440 404 401 402 1
1 443 441 444 405 403 406 1
1 444 441 442 406 403 404 1
1 445 443 446 407 405 408 1
1 446 443 444 408 405 406 1
1 447 445 448 409 407 410 1
1 448 445 446 410 407 408 1
1 436 435 449 398 398 411 1
1 450 447 448 412 409 410 1
1 451 452 453 413 414 414 1
1 453 452 454 414 414 415 1
1 431 433 432 416 417 418 2
1 455 456 457 419 420 420 1
1 437 438 431 421 422 416 2
1 431 438 433 416 422 417 2
1 439 440 437 423 424 421 2
1 437 440 438 421 424 422 2
1 441 442 439 425 426 423 2
1 439 442 440 423 426 424 2
1 443 444 441 427 428 425 2
1 441 444 442 425 428 426 2
1 445 446 443 429 430 427 2
1 443 446 444 427 430 428 2
1 447 448 445 431 432 429 2
1 445 448 446 429 432 430 2
1 457 456 458 420 420 433 1
1 447 450 448 431 434 432 2
1 459 460 461 435 436 436 1
1 461 460 462 436 436 437 1
1 463 464 465 438 439 439 1
1 465 464 466 439 439 440 1
1 467 468 469 441 442 442 1
1 470 432 471 443 395 443 1
1 469 468 472 442 442 444 1
1 473 450 474 445 412 445 1
1 475 476 477 446 447 447 1
1 477 476 478 447 447 448 1
1 479 480 481 353 449 449 1
1 481 480 482 449 449 450 1
1 483 484 485 451 452 452 1
1 486 432 487 453 395 453 1
1 485 484 488 452 452 454 1
1 489 450 490 455 412 455 1
1 491 492 493 456 457 457 1
1 493 492 494 457 457 458 1
1 495 496 497 459 460 460 1
1 497 496 498 460 460 461 1
1 499 500 501 462 463 463 1
1 501 500 502 463 463 464 1
1 503 504 505 465 466 466 1
1 505 504 506 466 466 467 1
1 507 508 509 468 469 469 1
1 509 508 510 469 469 470 1
1 511 512 513 471 472 472 1
1 513 512 514 472 472 473 1
1 515 516 517 474 475 475 1
1 517 516 518 475 475 476 1
1 519 520 521 477 478 478 1
1 521 520 522 478 478 479 1
1 24 21 22 31 26 27 1
1 523 23 524 9 30 159 1
1 524 23 24 159 30 31 1
1 525 523 526 480 9 12 1
1 527 528 529 481 482 482 1
1 529 528 530 482 482 483 1
1 531 532 533 484 485 485 1
1 533 532 534 485 485 486 1
1 535 536 537 487 488 488 1
1 526 523 524 12 9 159 1
1 537 536 538 488 488 489 1
1 539 540 541 490 491 491 1
1 541 540 542 491 491 492 1
1 543 544 545 493 494 494 1
1 545 544 546 494 494 495 1
1 547 548 549 496 497 497 1
1 550 525 551 13 480 14 1
1 551 525 526 14 480 12 1
1 549 548 552 497 497 498 1
1 553 554 555 499 500 500 1
1 555 554 556 500 500 501 1
1 557 550 551 502 13 14 1
1 558 559 560 503 504 504 1
1 560 559 561 504 504 505 1
1 562 563 564 506 507 507 1
1 564 563 565 507 507 508 1
1 566 567 568 509 510 510 1
1 568 567 569 510 510 511 1
1 570 571 572 512 513 513 1
1 572 571 573 513 513 514 1
1 574 575 576 515 516 516 1
1 576 575 577 516 516 517 1
1 578 579 580 518 519 519 1
1 580 579 581 519 519 520 1
1 582 583 584 521 522 522 1
1 584 583 585 522 522 523 1
1 586 587 588 524 525 525 1
1 588 587 589 525 525 526 1
1 590 591 592 527 528 528 1
1 592 591 593 528 528 529 1
1 594 595 596 530 531 531 1
1 596 595 597 531 531 532 1
1 598 599 600 533 534 534 1
1 600 599 601 534 534 535 1
1 602 603 604 536 537 537 1
1 604 603 605 537 537 538 1
1 606 607 608 539 540 540 1
1 608 607 609 540 540 541 1
1 610 557 611 133 502 133 1
1 612 17 613 275 1 275 1
1 614 557 615 119 502 119 1
1 616 17 617 267 1 267 1
1 550 557 551 104 542 543 2
1 525 551 526 98 543 99 2
1 550 551 525 104 543 98 2
1 523 526 524 32 99 236 2
1 525 526 523 98 99 32 2
1 23 524 24 544 236 545 2
1 523 524 23 32 236 544 2
1 21 24 22 546 545 547 2
1 23 24 21 544 545 546 2
1 19 22 20 548 547 549 2
1 21 22 19 546 547 548 2
1 16 20 18 550 549 17 2
1 19 20 16 548 549 550 2
1 16 18 17 550 17 18 2

Materials: 1
"Object26Cls_9_-_"
0.584314 0.584314 0.584314 1.000000
0.584314 0.584314 0.584314 1.000000
0.894118 0.894118 0.894118 1.000000
0.000000 0.000000 0.000000 1.000000
125.440002
1.000000
"ROSTY_1.tga"
""

Bones: 0
GroupComments: 0
MaterialComments: 0
BoneComments: 0
ModelComment: 0
