// MilkShape 3D ASCII

Frames: 30
Frame: 1

Meshes: 4
"Box0111" 1 0
100
1 -2.634861 0.006356 0.430431 1.282943 0.584002 -1
1 -6.024935 0.006356 0.444393 0.163829 0.588610 -1
1 -6.024935 0.006356 0.008602 0.163829 0.444749 -1
1 -2.634861 0.006356 -0.005360 1.282943 0.440141 -1
1 -6.024935 4.512477 0.008602 0.836171 0.444749 -1
1 -6.024935 4.512477 0.444393 0.836171 0.588610 -1
1 -2.634861 4.531884 0.419495 -0.282943 0.580392 -1
1 -2.634861 4.531884 -0.016296 -0.282943 0.436531 -1
1 -6.024935 2.473391 0.444393 0.836171 0.108936 -1
1 -6.024935 0.006356 0.444393 0.836171 0.625878 -1
1 -2.634861 0.006356 0.430431 -0.282943 0.625878 -1
1 -2.634861 2.473391 0.347391 -0.282943 0.108936 -1
1 6.024935 2.473391 0.444393 0.588611 0.108936 -1
1 6.024935 0.006356 0.444393 0.588611 0.625878 -1
1 6.024935 0.006356 0.008602 0.444750 0.625878 -1
1 6.024935 2.473391 0.008602 0.444750 0.108936 -1
1 6.024935 2.473391 0.008602 4.141668 0.108936 -1
1 6.024935 0.006356 0.008602 4.141668 0.625878 -1
1 1.661472 0.006357 0.058707 2.701225 0.625878 -1
1 1.661472 2.473391 -0.024333 2.701225 0.108936 -1
1 -6.024935 2.473391 0.008602 0.555251 0.108936 -1
1 -6.024935 0.006356 0.008602 0.555251 0.625878 -1
1 -6.024935 0.006356 0.444393 0.411390 0.625878 -1
1 -6.024935 2.473391 0.444393 0.411390 0.108936 -1
1 1.661472 0.006357 0.058707 2.701225 0.461290 -1
1 1.661472 0.006357 0.494498 2.701225 0.605151 -1
1 1.661472 4.599858 0.293231 -1.701225 0.538710 -1
1 1.661472 4.599858 -0.142560 -1.701225 0.394849 -1
1 -2.634861 2.473391 -0.088400 1.282943 0.108936 -1
1 -2.634861 0.006356 -0.005360 1.282943 0.625878 -1
1 -6.024935 0.006356 0.008602 0.163829 0.625878 -1
1 -6.024935 2.473391 0.008602 0.163829 0.108936 -1
1 6.024935 0.006356 0.008602 4.141668 0.444750 -1
1 6.024935 0.006356 0.444393 4.141668 0.588611 -1
1 6.024935 4.402046 0.444393 -3.141668 0.588611 -1
1 6.024935 4.402046 0.008602 -3.141668 0.444750 -1
1 1.661472 2.473391 0.411458 -1.701225 0.108936 -1
1 1.661472 0.006357 0.494498 -1.701225 0.625878 -1
1 6.024935 0.006356 0.444393 -3.141668 0.625878 -1
1 6.024935 2.473391 0.444393 -3.141668 0.108936 -1
1 -2.634861 4.531884 0.419495 -0.282943 -0.322400 -1
1 -6.024935 4.512477 0.444393 0.836171 -0.318334 -1
1 6.024935 4.402046 0.008602 0.444750 -0.295194 -1
1 6.024935 4.402046 0.444393 0.588611 -0.295194 -1
1 1.661472 4.599858 -0.142560 2.701225 -0.336644 -1
1 6.024935 4.402046 0.008602 4.141668 -0.295194 -1
1 -6.024935 4.512477 0.444393 0.411390 -0.318334 -1
1 -6.024935 4.512477 0.008602 0.555251 -0.318334 -1
1 -6.024935 4.512477 0.008602 0.163829 -0.318334 -1
1 -2.634861 4.531884 -0.016296 1.282943 -0.322400 -1
1 6.024935 4.402046 0.444393 -3.141668 -0.295194 -1
1 1.661472 4.599858 0.293231 -1.701225 -0.336644 -1
1 0.668322 2.157116 0.407294 -1.373372 0.175208 -1
1 0.313511 2.510090 0.377828 -1.256243 0.101246 -1
1 -1.859088 2.664284 0.387135 -0.539036 0.068936 -1
1 -1.695668 2.981362 0.382472 -0.592984 0.002496 -1
1 -0.363206 2.546337 0.106903 0.547903 0.485897 -1
1 0.581867 2.152580 0.066413 0.742892 0.567138 -1
1 0.581868 2.152580 0.066413 0.742892 0.567138 -1
1 0.300435 2.546337 0.280928 0.684827 0.485897 -1
1 -1.026848 2.546337 0.103217 0.410979 0.485897 -1
1 -0.943714 2.095247 -0.009186 0.428132 0.578967 -1
1 -1.859088 2.664284 0.387135 0.239270 0.461562 -1
1 -0.943715 2.095247 -0.009186 0.428132 0.578967 -1
1 0.143633 3.054684 0.129863 0.652475 0.381014 -1
1 0.140650 3.056463 0.130279 0.651860 0.380647 -1
1 0.143633 3.054684 0.129863 0.652475 0.512648 -1
1 0.143644 3.052723 0.155943 0.652477 0.507267 -1
1 0.140650 3.056463 0.130279 0.651860 0.512562 -1
1 0.333401 1.559951 0.422400 0.689410 0.452291 -1
1 0.668322 2.157116 0.407294 0.566202 0.455408 -1
1 0.581868 2.152580 0.066413 0.567138 0.525739 -1
1 -0.422973 1.506424 0.412922 0.535572 0.700454 -1
1 0.333401 1.559951 0.422400 0.691628 0.689410 -1
1 -1.019308 1.573795 0.401762 0.412535 0.686554 -1
1 -1.525666 2.035218 0.378680 0.308062 0.591352 -1
1 -1.066291 3.013999 0.377611 0.402841 0.389408 -1
1 -0.381766 3.367954 0.203038 0.544074 0.316380 -1
1 -0.784489 3.252971 0.372962 0.460983 0.340103 -1
1 -0.367494 3.449543 0.367577 0.547018 0.463603 -1
1 -0.784489 3.252971 0.372962 0.460983 0.462492 -1
1 -0.381766 3.367954 0.203038 0.544074 0.497551 -1
1 0.300435 2.546337 0.280928 0.485897 0.481480 -1
1 0.313511 2.510090 0.377828 0.493376 0.461488 -1
1 0.143734 3.036690 0.369084 0.384727 0.463292 -1
1 0.143644 3.052723 0.155943 0.381419 0.507267 -1
1 0.143633 3.054684 0.129863 0.381014 0.512648 -1
1 0.333401 1.559951 0.422400 -1.262809 0.300338 -1
1 -0.422973 1.506424 0.412922 -1.013119 0.311554 -1
1 -1.019308 1.573795 0.401762 -0.816260 0.297437 -1
1 -1.525666 2.035218 0.378680 -0.649104 0.200751 -1
1 -1.592765 2.297268 0.368859 -0.626953 0.145841 -1
1 -1.066291 3.013999 0.377611 -0.800750 -0.004343 -1
1 -0.784489 3.252971 0.372962 -0.893777 -0.054417 -1
1 -0.367494 3.449543 0.367577 -1.031434 -0.095607 -1
1 0.143734 3.036690 0.369084 -1.200197 -0.009098 -1
1 -1.695668 2.981362 0.382472 0.272987 0.396142 -1
1 -1.592765 2.297268 0.368859 0.294218 0.537286 -1
1 -0.280073 2.095247 -0.040067 0.565055 0.578967 -1
1 0.143734 3.036690 0.369084 0.652496 0.463292 -1
85
0.000000 -1.000000 0.000000
0.000000 -1.000000 0.000000
-0.005725 0.999984 0.000000
-0.009090 0.999959 0.000000
-0.012455 0.999922 0.000000
0.017164 -0.000341 0.999853
0.004119 0.000000 0.999992
-0.002401 0.026914 0.999635
-0.009018 -0.001285 0.999959
1.000000 0.000000 0.000000
0.009559 -0.022297 -0.999706
-0.011482 -0.000000 -0.999934
0.003655 -0.022430 -0.999742
0.005225 -0.029502 -0.999551
-1.000000 0.000000 0.000000
0.000000 -1.000000 0.000000
-0.000000 -1.000000 0.000000
0.004551 0.999990 0.000000
0.024929 0.999689 0.000000
-0.006513 0.000455 -0.999979
0.008563 -0.033640 -0.999397
-0.016363 -0.016824 -0.999725
-0.028602 -0.000000 -0.999591
-0.000000 -1.000000 0.000000
0.045287 0.998974 0.000000
-0.014022 0.033987 0.999324
-0.008308 0.033640 0.999399
0.001964 0.016822 0.999857
-0.007548 0.000000 0.999972
0.013100 -0.011829 0.999844
0.007344 0.000000 0.999973
0.004571 -0.037025 -0.999304
0.034622 -0.000000 -0.999400
-0.018075 0.017506 -0.999683
-0.007038 0.004845 -0.999964
-0.019811 0.027755 0.999418
0.003739 0.035510 0.999362
-0.019086 0.046783 0.998723
-0.007333 0.046672 0.998883
-0.013719 -0.037224 0.999213
0.021544 -0.010822 0.999709
0.018347 -0.239538 0.970714
-0.063258 0.183501 0.980982
-0.072119 0.090878 0.993247
-0.045394 -0.005297 0.998955
0.129246 -0.359478 0.924160
0.135266 0.223614 0.965246
0.235001 -0.187534 0.953732
0.370203 0.322946 0.871008
0.337005 0.362204 0.869043
0.055627 0.157954 0.985878
-0.517623 -0.853216 -0.063945
-0.517570 -0.853248 -0.063955
-0.517591 -0.853234 -0.063956
-0.850600 0.482356 0.209312
-0.931149 -0.351773 0.096010
-0.964653 -0.094710 0.245917
-0.018694 0.571454 0.820421
-0.048056 0.529065 0.847219
0.250928 0.576468 0.777637
0.375722 0.646670 0.663815
0.112362 -0.310928 0.943768
0.243831 -0.107271 0.963867
0.313354 -0.165280 0.935143
-0.101759 -0.887711 0.449014
0.398510 -0.834978 0.379475
-0.267325 -0.923140 0.276313
-0.885380 -0.464868 -0.000973
-0.848070 -0.523591 -0.081418
-0.952756 -0.303709 -0.004241
-0.953460 -0.300701 -0.022214
-0.953460 -0.300700 -0.022210
-0.014902 0.033637 0.999323
-0.014902 0.033637 0.999323
-0.014902 0.033637 0.999323
-0.014902 0.033637 0.999323
-0.023969 -0.019989 0.999513
0.014973 -0.012116 0.999815
0.019565 -0.008070 0.999776
0.022449 0.010474 0.999693
0.022484 0.026666 0.999391
0.007151 0.011020 0.999914
0.545701 0.266533 0.794462
-0.042654 0.171343 0.984288
-0.551983 -0.828521 0.094171
94
1 0 1 2 0 1 1 1
1 2 3 0 1 0 0 1
1 4 5 6 2 2 3 1
1 6 7 4 3 4 2 1
1 8 9 10 5 6 7 1
1 10 11 8 7 8 5 1
1 12 13 14 9 9 9 1
1 14 15 12 9 9 9 1
1 16 17 18 10 11 12 1
1 18 19 16 12 13 10 1
1 20 21 22 14 14 14 1
1 22 23 20 14 14 14 1
1 0 3 24 0 0 15 1
1 24 25 0 15 16 0 1
1 7 6 26 4 3 17 1
1 26 27 7 17 18 4 1
1 28 29 30 19 20 21 1
1 30 31 28 21 22 19 1
1 19 18 29 13 12 20 1
1 29 28 19 20 19 13 1
1 25 24 32 16 15 23 1
1 32 33 25 23 23 16 1
1 27 26 34 18 17 24 1
1 34 35 27 24 24 18 1
1 36 37 38 25 26 27 1
1 38 39 36 27 28 25 1
1 8 11 40 5 8 29 1
1 40 41 8 29 30 5 1
1 12 15 42 9 9 9 1
1 42 43 12 9 9 9 1
1 16 19 44 10 13 31 1
1 44 45 16 31 32 10 1
1 20 23 46 14 14 14 1
1 46 47 20 14 14 14 1
1 28 31 48 19 22 33 1
1 48 49 28 33 34 19 1
1 19 28 49 13 19 34 1
1 49 44 19 34 31 13 1
1 36 39 50 25 28 35 1
1 50 51 36 35 36 25 1
1 52 36 53 37 25 38 1
1 40 54 55 29 39 40 1
1 56 57 58 41 42 43 1
1 58 59 56 43 44 41 1
1 56 60 61 41 45 46 1
1 62 63 61 47 48 46 1
1 61 60 62 46 45 47 1
1 59 64 65 44 49 50 1
1 65 56 59 50 41 44 1
1 66 67 68 51 52 53 1
1 69 70 71 54 55 56 1
1 58 57 72 43 42 57 1
1 72 73 58 57 58 43 1
1 61 74 72 46 59 57 1
1 75 74 61 60 59 46 1
1 61 63 75 46 48 60 1
1 60 76 62 45 61 47 1
1 56 77 78 41 62 63 1
1 79 80 81 64 65 66 1
1 82 83 84 67 68 69 1
1 82 84 85 67 69 70 1
1 82 85 86 67 70 71 1
1 70 83 82 55 68 67 1
1 82 71 70 67 56 55 1
1 87 37 36 72 26 25 1
1 36 52 87 25 37 72 1
1 88 10 37 73 7 26 1
1 37 87 88 26 72 73 1
1 89 11 10 74 8 7 1
1 10 88 89 7 73 74 1
1 90 91 11 75 76 8 1
1 11 89 90 8 74 75 1
1 91 54 11 76 39 8 1
1 55 92 40 40 77 29 1
1 40 11 54 29 8 39 1
1 93 94 40 78 79 29 1
1 40 92 93 29 77 78 1
1 94 95 51 79 80 36 1
1 51 40 94 36 29 79 1
1 53 36 51 38 25 36 1
1 51 95 53 36 80 38 1
1 76 60 56 61 45 41 1
1 56 78 76 41 63 61 1
1 76 96 62 61 81 47 1
1 62 97 63 47 82 48 1
1 63 97 75 48 82 60 1
1 72 98 61 57 83 46 1
1 61 98 56 46 83 41 1
1 56 98 57 41 83 42 1
1 57 98 72 42 83 57 1
1 99 79 81 84 64 66 1
1 99 81 68 84 66 53 1
1 67 99 68 52 84 53 1
1 65 77 56 50 62 41 1
"Box0112" 1 1
200
1 5.678091 4.465170 0.116851 0.880438 0.987288 -1
1 5.678091 4.378419 0.072308 0.953958 1.130478 -1
1 5.678091 4.378419 0.047650 0.994659 1.130478 -1
1 5.678091 4.405766 0.047650 0.994659 1.085341 -1
1 5.689975 4.396302 0.419520 0.380860 1.100961 -1
1 5.689974 4.378419 0.419520 0.380860 1.130478 -1
1 5.575275 4.465170 0.116851 0.119562 0.987288 -1
1 5.575276 4.405766 0.047650 0.005341 1.085341 -1
1 5.575275 4.378419 0.047650 0.005341 1.130478 -1
1 5.575275 4.378419 0.072308 0.046042 1.130478 -1
1 5.563392 4.396302 0.419520 0.619140 1.100961 -1
1 5.563392 4.378419 0.419520 0.619140 1.130478 -1
1 5.575275 4.378419 0.072308 -8.831947 0.046042 -1
1 5.575275 4.378419 0.047650 -8.831947 0.005341 -1
1 5.678091 4.378419 0.047650 -9.001652 0.005341 -1
1 5.678091 4.378419 0.072308 -9.001652 0.046042 -1
1 5.563392 4.378419 0.419520 -8.812332 0.619140 -1
1 5.689974 4.378419 0.419520 -9.021266 0.619140 -1
1 5.563392 4.396302 0.419520 9.812332 1.100961 -1
1 5.563392 4.378419 0.419520 9.812332 1.130478 -1
1 5.689974 4.378419 0.419520 10.021266 1.130478 -1
1 5.689975 4.396302 0.419520 10.021266 1.100961 -1
1 5.575275 4.465170 0.116851 9.831947 0.119562 -1
1 5.563392 4.396302 0.419520 9.812332 0.619140 -1
1 5.689975 4.396302 0.419520 10.021266 0.619140 -1
1 5.678091 4.465170 0.116851 10.001652 0.119562 -1
1 5.591692 5.204499 0.523986 9.859044 -0.233028 -1
1 5.591692 5.183623 0.540791 9.859044 -0.198570 -1
1 5.661674 5.183623 0.540791 9.974554 -0.198570 -1
1 5.661674 5.204499 0.523986 9.974554 -0.233028 -1
1 5.575275 4.378419 0.047650 -8.831947 1.130478 -1
1 5.575276 4.405766 0.047650 -8.831947 1.085341 -1
1 5.678091 4.405766 0.047650 -9.001652 1.085341 -1
1 5.678091 4.378419 0.047650 -9.001652 1.130478 -1
1 5.669407 4.897547 0.254796 0.652748 0.273619 -1
1 5.669407 4.913296 0.234760 0.685820 0.247626 -1
1 5.669407 4.913296 0.234760 -8.987319 0.247626 -1
1 5.583959 4.913296 0.234760 -8.846279 0.247626 -1
1 5.583959 4.913296 0.234760 0.314180 0.247626 -1
1 5.583959 4.897547 0.254796 0.347252 0.273619 -1
1 5.583959 4.897547 0.254796 9.846279 0.273619 -1
1 5.575275 4.465170 0.116851 9.831947 0.987288 -1
1 5.678091 4.465170 0.116851 10.001652 0.987288 -1
1 5.669407 4.897547 0.254796 9.987319 0.273619 -1
1 5.661674 5.204499 0.523986 0.208431 -0.233028 -1
1 5.661674 5.183623 0.540791 0.180693 -0.198570 -1
1 5.591692 5.204499 0.523986 -8.859044 -0.233028 -1
1 5.661674 5.204499 0.523986 -8.974554 -0.233028 -1
1 5.591692 5.183623 0.540791 0.819307 -0.198570 -1
1 5.591692 5.204499 0.523986 0.791569 -0.233028 -1
1 1.912584 4.683844 -0.032638 0.955604 1.127176 -1
1 1.912584 4.597093 -0.077180 1.029124 1.270366 -1
1 1.912584 4.597093 -0.101839 1.069825 1.270366 -1
1 1.912584 4.624438 -0.101839 1.069825 1.225229 -1
1 1.924468 4.614975 0.270032 0.456026 1.240849 -1
1 1.924468 4.597093 0.270032 0.456026 1.270366 -1
1 1.809769 4.683844 -0.032638 0.044396 1.127176 -1
1 1.809769 4.624438 -0.101839 -0.069825 1.225229 -1
1 1.809769 4.597093 -0.101839 -0.069825 1.270366 -1
1 1.809769 4.597093 -0.077180 -0.029124 1.270366 -1
1 1.797885 4.614975 0.270032 0.543974 1.240849 -1
1 1.797885 4.597093 0.270032 0.543974 1.270366 -1
1 1.809769 4.597093 -0.077180 -2.616701 -0.029124 -1
1 1.809769 4.597093 -0.101839 -2.616701 -0.069825 -1
1 1.912584 4.597093 -0.101839 -2.786405 -0.069825 -1
1 1.912584 4.597093 -0.077180 -2.786405 -0.029124 -1
1 1.797885 4.597093 0.270032 -2.597086 0.543974 -1
1 1.924468 4.597093 0.270032 -2.806020 0.543974 -1
1 1.797885 4.614975 0.270032 3.597086 1.240849 -1
1 1.797885 4.597093 0.270032 3.597086 1.270366 -1
1 1.924468 4.597093 0.270032 3.806020 1.270366 -1
1 1.924468 4.614975 0.270032 3.806020 1.240849 -1
1 1.809769 4.683844 -0.032638 3.616701 0.044396 -1
1 1.797885 4.614975 0.270032 3.597086 0.543974 -1
1 1.924468 4.614975 0.270032 3.806020 0.543974 -1
1 1.912584 4.683844 -0.032638 3.786405 0.044396 -1
1 1.826186 5.423173 0.374498 3.643798 -0.093140 -1
1 1.826186 5.402297 0.391302 3.643798 -0.058682 -1
1 1.896168 5.402297 0.391302 3.759308 -0.058682 -1
1 1.896168 5.423173 0.374498 3.759308 -0.093140 -1
1 1.809769 4.597093 -0.101839 -2.616701 1.270366 -1
1 1.809769 4.624438 -0.101839 -2.616701 1.225229 -1
1 1.912584 4.624438 -0.101839 -2.786405 1.225229 -1
1 1.912584 4.597093 -0.101839 -2.786405 1.270366 -1
1 1.903901 5.116220 0.105308 0.727914 0.413507 -1
1 1.903901 5.131968 0.085271 0.760986 0.387514 -1
1 1.903901 5.131968 0.085271 -2.772073 0.387514 -1
1 1.818452 5.131968 0.085271 -2.631033 0.387514 -1
1 1.818452 5.131968 0.085271 0.239014 0.387514 -1
1 1.818452 5.116220 0.105308 0.272086 0.413507 -1
1 1.818452 5.116220 0.105308 3.631033 0.413507 -1
1 1.809769 4.683844 -0.032638 3.616701 1.127176 -1
1 1.912584 4.683844 -0.032638 3.786405 1.127176 -1
1 1.903901 5.116220 0.105308 3.772073 0.413507 -1
1 1.896168 5.423173 0.374498 0.283597 -0.093140 -1
1 1.896168 5.402297 0.391302 0.255859 -0.058682 -1
1 1.826186 5.423173 0.374498 -2.643798 -0.093140 -1
1 1.896168 5.423173 0.374498 -2.759308 -0.093140 -1
1 1.826186 5.402297 0.391302 0.744141 -0.058682 -1
1 1.826186 5.423173 0.374498 0.716403 -0.093140 -1
1 -1.786631 4.588983 0.029409 0.629920 0.949949 -1
1 -1.786631 4.502232 -0.015133 0.703440 1.093139 -1
1 -1.786631 4.502232 -0.039791 0.744140 1.093139 -1
1 -1.786631 4.529577 -0.039791 0.744140 1.048002 -1
1 -1.774747 4.520114 0.332079 0.130341 1.063622 -1
1 -1.774747 4.502232 0.332079 0.130341 1.093139 -1
1 -1.889446 4.588983 0.029409 0.370080 0.949949 -1
1 -1.889446 4.529577 -0.039791 0.255859 1.048002 -1
1 -1.889446 4.502232 -0.039791 0.255859 1.093139 -1
1 -1.889446 4.502232 -0.015133 0.296560 1.093139 -1
1 -1.901330 4.520114 0.332079 0.869659 1.063622 -1
1 -1.901330 4.502232 0.332079 0.869659 1.093139 -1
1 -1.889446 4.502232 -0.015133 3.489126 0.296560 -1
1 -1.889446 4.502232 -0.039791 3.489126 0.255859 -1
1 -1.786631 4.502232 -0.039791 3.319422 0.255860 -1
1 -1.786631 4.502232 -0.015133 3.319422 0.296560 -1
1 -1.901330 4.502232 0.332079 3.508741 0.869659 -1
1 -1.774747 4.502232 0.332079 3.299807 0.869659 -1
1 -1.901330 4.520114 0.332079 -2.508741 1.063622 -1
1 -1.901330 4.502232 0.332079 -2.508741 1.093139 -1
1 -1.774747 4.502232 0.332079 -2.299807 1.093139 -1
1 -1.774747 4.520114 0.332079 -2.299807 1.063622 -1
1 -1.889446 4.588983 0.029409 -2.489126 0.370080 -1
1 -1.901330 4.520114 0.332079 -2.508741 0.869659 -1
1 -1.774747 4.520114 0.332079 -2.299807 0.869659 -1
1 -1.786631 4.588983 0.029409 -2.319422 0.370080 -1
1 -1.873029 5.328311 0.436545 -2.462029 -0.270367 -1
1 -1.873029 5.307435 0.453350 -2.462029 -0.235909 -1
1 -1.803048 5.307435 0.453350 -2.346519 -0.235909 -1
1 -1.803048 5.328311 0.436545 -2.346519 -0.270367 -1
1 -1.889446 4.502232 -0.039791 3.489126 1.093139 -1
1 -1.889446 4.529577 -0.039791 3.489126 1.048002 -1
1 -1.786631 4.529577 -0.039791 3.319422 1.048002 -1
1 -1.786631 4.502232 -0.039791 3.319422 1.093139 -1
1 -1.795314 5.021359 0.167355 0.402230 0.236280 -1
1 -1.795314 5.037107 0.147319 0.435302 0.210287 -1
1 -1.795314 5.037107 0.147319 3.333754 0.210287 -1
1 -1.880763 5.037107 0.147319 3.474794 0.210287 -1
1 -1.880763 5.037107 0.147319 0.564698 0.210287 -1
1 -1.880763 5.021359 0.167355 0.597770 0.236280 -1
1 -1.880763 5.021359 0.167355 -2.474794 0.236280 -1
1 -1.889446 4.588983 0.029409 -2.489126 0.949949 -1
1 -1.786631 4.588983 0.029409 -2.319422 0.949949 -1
1 -1.795314 5.021359 0.167355 -2.333754 0.236280 -1
1 -1.803048 5.328311 0.436545 -0.042088 -0.270367 -1
1 -1.803048 5.307435 0.453350 -0.069825 -0.235909 -1
1 -1.873029 5.328311 0.436545 3.462029 -0.270367 -1
1 -1.803048 5.328311 0.436545 3.346519 -0.270367 -1
1 -1.873029 5.307435 0.453350 1.069825 -0.235909 -1
1 -1.873029 5.328311 0.436545 1.042088 -0.270367 -1
1 -5.732244 4.598597 0.117083 0.880059 1.045704 -1
1 -5.732244 4.511846 0.072541 0.953579 1.188893 -1
1 -5.732244 4.511846 0.047882 0.994280 1.188893 -1
1 -5.732244 4.539191 0.047882 0.994280 1.143756 -1
1 -5.720360 4.529728 0.419752 0.380481 1.159377 -1
1 -5.720360 4.511846 0.419752 0.380481 1.188893 -1
1 -5.835059 4.598597 0.117083 0.119941 1.045704 -1
1 -5.835059 4.539191 0.047882 0.005720 1.143756 -1
1 -5.835059 4.511846 0.047882 0.005720 1.188893 -1
1 -5.835059 4.511846 0.072541 0.046421 1.188893 -1
1 -5.846943 4.529728 0.419752 0.619519 1.159377 -1
1 -5.846943 4.511846 0.419752 0.619519 1.188893 -1
1 -5.835059 4.511846 0.072541 10.001651 0.046421 -1
1 -5.835059 4.511846 0.047882 10.001651 0.005720 -1
1 -5.732244 4.511846 0.047882 9.831946 0.005720 -1
1 -5.732244 4.511846 0.072541 9.831946 0.046421 -1
1 -5.846943 4.511846 0.419752 10.021266 0.619519 -1
1 -5.720360 4.511846 0.419752 9.812332 0.619519 -1
1 -5.846943 4.529728 0.419752 -9.021266 1.159377 -1
1 -5.846943 4.511846 0.419752 -9.021266 1.188893 -1
1 -5.720360 4.511846 0.419752 -8.812332 1.188893 -1
1 -5.720360 4.529728 0.419752 -8.812332 1.159377 -1
1 -5.835059 4.598597 0.117083 -9.001651 0.119941 -1
1 -5.846943 4.529728 0.419752 -9.021266 0.619519 -1
1 -5.720360 4.529728 0.419752 -8.812332 0.619519 -1
1 -5.732244 4.598597 0.117083 -8.831946 0.119941 -1
1 -5.818642 5.337925 0.524218 -8.974554 -0.174613 -1
1 -5.818642 5.317049 0.541023 -8.974554 -0.140155 -1
1 -5.748661 5.317049 0.541023 -8.859044 -0.140155 -1
1 -5.748661 5.337925 0.524218 -8.859044 -0.174613 -1
1 -5.835059 4.511846 0.047882 10.001651 1.188893 -1
1 -5.835059 4.539191 0.047882 10.001651 1.143756 -1
1 -5.732244 4.539191 0.047882 9.831946 1.143756 -1
1 -5.732244 4.511846 0.047882 9.831946 1.188893 -1
1 -5.740927 5.030973 0.255028 0.652370 0.332034 -1
1 -5.740927 5.046721 0.234992 0.685441 0.306041 -1
1 -5.740927 5.046721 0.234992 9.846279 0.306041 -1
1 -5.826375 5.046721 0.234992 9.987319 0.306041 -1
1 -5.826375 5.046721 0.234992 0.314558 0.306041 -1
1 -5.826375 5.030973 0.255028 0.347630 0.332034 -1
1 -5.826375 5.030973 0.255028 -8.987319 0.332034 -1
1 -5.835059 4.598597 0.117083 -9.001651 1.045704 -1
1 -5.732244 4.598597 0.117083 -8.831946 1.045704 -1
1 -5.740927 5.030973 0.255028 -8.846279 0.332034 -1
1 -5.748661 5.337925 0.524218 0.208052 -0.174613 -1
1 -5.748661 5.317049 0.541023 0.180315 -0.140155 -1
1 -5.818642 5.337925 0.524218 9.974554 -0.174613 -1
1 -5.748661 5.337925 0.524218 9.859044 -0.174613 -1
1 -5.818642 5.317049 0.541023 0.819685 -0.140155 -1
1 -5.818642 5.337925 0.524218 0.791948 -0.174613 -1
135
0.999826 0.011421 -0.014717
0.999715 0.006004 -0.023115
1.000000 0.000000 0.000000
0.999897 0.013637 -0.004435
0.999358 0.009005 -0.034668
0.999415 -0.000027 -0.034205
-0.999891 0.011828 -0.008805
-0.999864 0.012521 -0.010755
-1.000000 0.000009 -0.000011
-0.999715 0.006013 -0.023115
-0.999358 0.009019 -0.034669
-0.999415 0.000000 -0.034206
0.000000 -1.000000 0.000000
0.000000 0.000000 1.000000
0.000000 0.975078 0.221864
-0.000001 0.627053 0.778976
0.000000 0.627055 0.778975
-0.000001 0.627052 0.778977
0.000001 -0.000000 -1.000000
0.000001 0.233836 -0.972276
0.000001 0.116918 -0.993142
0.000001 0.000000 -1.000000
0.999850 0.016970 0.003349
0.999839 0.014087 0.011073
0.000001 0.537610 -0.843194
0.000001 0.537610 -0.843194
-0.999845 0.017026 0.004449
-0.999803 0.015594 0.012257
-0.000000 -0.303947 0.952689
0.000000 -0.303946 0.952689
-0.000001 -0.303947 0.952689
0.999820 0.013483 0.013348
0.999815 0.012055 0.014976
0.000001 0.704694 -0.709511
0.000001 0.704694 -0.709511
-0.999820 0.013510 0.013331
-0.999820 0.011886 0.014766
-0.000000 -0.707005 0.707208
-0.000000 -0.707005 0.707208
0.000000 -0.707005 0.707208
0.999826 0.011421 -0.014717
0.999715 0.006013 -0.023115
0.999897 0.013636 -0.004435
0.999358 0.009019 -0.034669
0.999415 0.000000 -0.034206
-0.999891 0.011824 -0.008799
-0.999864 0.012510 -0.010739
-1.000000 0.000000 0.000000
-0.999715 0.006013 -0.023115
-0.999358 0.009019 -0.034669
0.000000 0.975077 0.221866
0.000000 0.975077 0.221866
0.000001 0.000000 -1.000000
0.000001 0.233836 -0.972276
0.000001 0.116918 -0.993142
0.999850 0.016970 0.003349
0.999839 0.014088 0.011072
0.000000 0.537609 -0.843194
0.000001 0.537609 -0.843194
-0.999845 0.017025 0.004451
-0.999803 0.015594 0.012257
-0.000000 -0.303946 0.952689
0.000000 -0.303946 0.952689
-0.000001 -0.303947 0.952689
0.999820 0.013484 0.013348
0.999815 0.012056 0.014977
0.000000 0.704693 -0.709512
0.000000 0.704693 -0.709512
-0.999820 0.013511 0.013331
-0.999820 0.011886 0.014766
-0.000000 -0.707005 0.707208
-0.000000 -0.707005 0.707208
0.000000 -0.707005 0.707208
0.999826 0.011421 -0.014717
0.999715 0.006013 -0.023115
0.999897 0.013636 -0.004435
0.999358 0.009019 -0.034669
0.999415 0.000000 -0.034206
-0.999891 0.011824 -0.008799
-0.999864 0.012510 -0.010739
-0.999715 0.006013 -0.023115
-0.999358 0.009019 -0.034669
0.000000 0.975077 0.221867
0.000000 0.975077 0.221867
0.000000 0.627059 0.778972
0.000000 0.000000 -1.000000
0.000000 0.233836 -0.972276
0.000000 0.116918 -0.993142
0.999850 0.016970 0.003349
0.999839 0.014088 0.011072
0.000000 0.537610 -0.843194
-0.999845 0.017025 0.004451
-0.999803 0.015594 0.012257
0.000000 -0.303946 0.952689
0.999820 0.013484 0.013349
0.999815 0.012056 0.014977
0.000000 0.704694 -0.709511
0.000000 0.704694 -0.709511
-0.999820 0.013511 0.013331
-0.999820 0.011887 0.014766
0.000000 -0.707007 0.707207
0.000000 -0.707007 0.707207
0.999826 0.011421 -0.014717
0.999715 0.006004 -0.023115
0.999897 0.013637 -0.004435
0.999358 0.009005 -0.034668
0.999415 -0.000027 -0.034205
-0.999891 0.011828 -0.008805
-0.999864 0.012521 -0.010755
-1.000000 0.000009 -0.000011
-0.999715 0.006013 -0.023115
-0.999358 0.009019 -0.034669
0.000000 0.975077 0.221867
0.000000 0.627057 0.778973
0.000001 -0.000000 -1.000000
0.000001 0.233836 -0.972276
0.000001 0.116918 -0.993142
0.000001 0.000000 -1.000000
0.999850 0.016970 0.003349
0.999839 0.014088 0.011072
0.000001 0.537610 -0.843194
0.000001 0.537610 -0.843194
-0.999845 0.017026 0.004449
-0.999803 0.015595 0.012257
-0.000000 -0.303947 0.952689
0.000000 -0.303947 0.952689
-0.000001 -0.303947 0.952689
0.999820 0.013484 0.013348
0.999815 0.012056 0.014976
0.000000 0.704694 -0.709511
0.000000 0.704694 -0.709511
-0.999820 0.013511 0.013331
-0.999820 0.011886 0.014766
-0.000000 -0.707007 0.707207
-0.000000 -0.707007 0.707207
144
1 0 1 2 0 1 2 1
1 2 3 0 2 3 0 1
1 4 5 1 4 5 1 1
1 1 0 4 1 0 4 1
1 6 7 8 6 7 8 1
1 8 9 6 8 9 6 1
1 10 6 9 10 6 9 1
1 9 11 10 9 11 10 1
1 12 13 14 12 12 12 1
1 14 15 12 12 12 12 1
1 16 12 15 12 12 12 1
1 15 17 16 12 12 12 1
1 18 19 20 13 13 13 1
1 20 21 18 13 13 13 1
1 22 23 24 14 14 14 1
1 24 25 22 14 14 14 1
1 26 27 28 15 16 15 1
1 28 29 26 15 17 15 1
1 30 31 32 18 19 20 1
1 32 33 30 20 21 18 1
1 34 0 3 22 0 3 1
1 3 35 34 3 23 22 1
1 36 32 31 24 20 19 1
1 31 37 36 19 25 24 1
1 38 7 6 26 7 6 1
1 6 39 38 6 27 26 1
1 40 41 42 28 29 28 1
1 42 43 40 28 30 28 1
1 34 35 44 22 23 31 1
1 44 45 34 31 32 22 1
1 36 37 46 24 25 33 1
1 46 47 36 33 34 24 1
1 38 39 48 26 27 35 1
1 48 49 38 35 36 26 1
1 40 43 28 37 38 37 2
1 28 27 40 37 39 37 2
1 50 51 52 40 41 2 1
1 52 53 50 2 42 40 1
1 54 55 51 43 44 41 1
1 51 50 54 41 40 43 1
1 56 57 58 45 46 47 1
1 58 59 56 47 48 45 1
1 60 56 59 49 45 48 1
1 59 61 60 48 11 49 1
1 62 63 64 12 12 12 1
1 64 65 62 12 12 12 1
1 66 62 65 12 12 12 1
1 65 67 66 12 12 12 1
1 68 69 70 13 13 13 1
1 70 71 68 13 13 13 1
1 72 73 74 50 51 50 1
1 74 75 72 50 50 50 1
1 76 77 78 16 16 16 1
1 78 79 76 16 16 16 1
1 80 81 82 52 53 54 1
1 82 83 80 54 52 52 1
1 84 50 53 55 40 42 1
1 53 85 84 42 56 55 1
1 86 82 81 57 54 53 1
1 81 87 86 53 58 57 1
1 88 57 56 59 46 45 1
1 56 89 88 45 60 59 1
1 90 91 92 61 62 61 1
1 92 93 90 61 63 61 1
1 84 85 94 55 56 64 1
1 94 95 84 64 65 55 1
1 86 87 96 57 58 66 1
1 96 97 86 66 67 57 1
1 88 89 98 59 60 68 1
1 98 99 88 68 69 59 1
1 90 93 78 70 71 70 2
1 78 77 90 70 72 70 2
1 100 101 102 73 74 2 1
1 102 103 100 2 75 73 1
1 104 105 101 76 77 74 1
1 101 100 104 74 73 76 1
1 106 107 108 78 79 47 1
1 108 109 106 47 80 78 1
1 110 106 109 81 78 80 1
1 109 111 110 80 11 81 1
1 112 113 114 12 12 12 1
1 114 115 112 12 12 12 1
1 116 112 115 12 12 12 1
1 115 117 116 12 12 12 1
1 118 119 120 13 13 13 1
1 120 121 118 13 13 13 1
1 122 123 124 82 82 82 1
1 124 125 122 82 83 82 1
1 126 127 128 84 84 84 1
1 128 129 126 84 84 84 1
1 130 131 132 85 86 87 1
1 132 133 130 87 85 85 1
1 134 100 103 88 73 75 1
1 103 135 134 75 89 88 1
1 136 132 131 90 87 86 1
1 131 137 136 86 90 90 1
1 138 107 106 91 79 78 1
1 106 139 138 78 92 91 1
1 140 141 142 93 93 93 1
1 142 143 140 93 93 93 1
1 134 135 144 88 89 94 1
1 144 145 134 94 95 88 1
1 136 137 146 90 90 96 1
1 146 147 136 96 97 90 1
1 138 139 148 91 92 98 1
1 148 149 138 98 99 91 1
1 140 143 128 100 100 100 2
1 128 127 140 100 101 100 2
1 150 151 152 102 103 2 1
1 152 153 150 2 104 102 1
1 154 155 151 105 106 103 1
1 151 150 154 103 102 105 1
1 156 157 158 107 108 109 1
1 158 159 156 109 110 107 1
1 160 156 159 111 107 110 1
1 159 161 160 110 11 111 1
1 162 163 164 12 12 12 1
1 164 165 162 12 12 12 1
1 166 162 165 12 12 12 1
1 165 167 166 12 12 12 1
1 168 169 170 13 13 13 1
1 170 171 168 13 13 13 1
1 172 173 174 82 82 82 1
1 174 175 172 82 112 82 1
1 176 177 178 113 113 113 1
1 178 179 176 113 113 113 1
1 180 181 182 114 115 116 1
1 182 183 180 116 117 114 1
1 184 150 153 118 102 104 1
1 153 185 184 104 119 118 1
1 186 182 181 120 116 115 1
1 181 187 186 115 121 120 1
1 188 157 156 122 108 107 1
1 156 189 188 107 123 122 1
1 190 191 192 124 125 124 1
1 192 193 190 124 126 124 1
1 184 185 194 118 119 127 1
1 194 195 184 127 128 118 1
1 186 187 196 120 121 129 1
1 196 197 186 129 130 120 1
1 188 189 198 122 123 131 1
1 198 199 188 131 132 122 1
1 190 193 178 133 134 133 2
1 178 177 190 133 100 133 2
"Box0113" 1 2
24
1 -1.843816 4.777223 0.074025 -2.313145 0.181683 -1
1 -5.791159 4.847721 0.184555 -8.467322 0.182134 -1
1 -5.791159 4.730433 0.154248 -8.467322 0.379994 -1
1 -1.843816 4.659935 0.043718 -2.313145 0.381320 -1
1 1.856920 4.924627 0.021134 3.456555 0.180983 -1
1 1.856920 4.807340 -0.009173 3.456555 0.380620 -1
1 5.630067 4.723286 0.175924 9.339150 0.182438 -1
1 5.630067 4.605998 0.145617 9.339150 0.380299 -1
1 -1.843816 5.309261 0.383530 -2.313145 0.181683 -1
1 -5.791159 5.316222 0.462380 -8.467322 0.182134 -1
1 -5.791159 5.195090 0.460940 -8.467322 0.379994 -1
1 -1.843816 5.188129 0.382089 -2.313145 0.381320 -1
1 1.856920 5.395298 0.290538 3.456555 0.180983 -1
1 1.856920 5.274167 0.289098 3.456555 0.380620 -1
1 5.630067 5.190460 0.459950 9.339150 0.182438 -1
1 5.630067 5.069328 0.458509 9.339150 0.380299 -1
1 -1.843816 5.021935 0.130214 -2.313145 0.181683 -1
1 -5.791159 5.018947 0.203534 -8.467322 0.182134 -1
1 -5.791159 4.897816 0.202093 -8.467322 0.379994 -1
1 -1.843816 4.900804 0.128773 -2.313145 0.381320 -1
1 1.856920 5.098023 0.062535 3.456555 0.180983 -1
1 1.856920 4.976892 0.061094 3.456555 0.380620 -1
1 5.630067 4.893186 0.212510 9.339150 0.182438 -1
1 5.630067 4.772054 0.211070 9.339150 0.380299 -1
23
0.023023 -0.250116 0.967942
0.022637 -0.250119 0.967950
0.022637 -0.250119 0.967951
0.023409 -0.250114 0.967933
-0.001802 -0.250182 0.968197
-0.027416 -0.250089 0.967835
-0.052995 -0.249831 0.966838
-0.052995 -0.249831 0.966838
0.021764 -0.011890 0.999692
0.019949 -0.011890 0.999730
0.023579 -0.011889 0.999651
0.001766 -0.011892 0.999928
-0.021877 -0.011889 0.999690
-0.045494 -0.011879 0.998894
-0.045494 -0.011877 0.998894
0.018562 -0.011889 0.999757
0.018579 -0.011890 0.999757
0.018579 -0.011889 0.999757
0.018545 -0.011889 0.999757
-0.001101 -0.011892 0.999929
-0.020737 -0.011889 0.999714
-0.040358 -0.011881 0.999115
-0.040358 -0.011880 0.999115
18
1 0 1 2 0 1 2 1
1 2 3 0 2 3 0 1
1 4 0 3 4 0 3 1
1 3 5 4 3 5 4 1
1 6 4 5 6 4 5 1
1 5 7 6 5 7 6 1
1 8 9 10 8 9 9 1
1 10 11 8 9 10 8 1
1 12 8 11 11 8 10 1
1 11 13 12 10 12 11 1
1 14 12 13 13 11 12 1
1 13 15 14 12 14 13 1
1 16 17 18 15 16 17 1
1 18 19 16 17 18 15 1
1 20 16 19 19 15 18 1
1 19 21 20 18 20 19 1
1 22 20 21 21 19 20 1
1 21 23 22 20 22 21 1
"Box0114" 1 3
144
1 -0.352726 1.486993 0.224072 0.359662 10.416622 -1
1 -0.319800 1.486993 0.213373 0.314677 10.416622 -1
1 -0.299451 1.486993 0.241381 0.502070 10.416622 -1
1 -0.319800 1.486993 0.269389 0.450283 10.416622 -1
1 -0.352726 1.486993 0.258691 0.405298 10.416622 -1
1 -0.319800 1.974820 0.213373 0.553858 6.109925 -1
1 -0.299451 1.974820 0.241381 0.502070 6.109925 -1
1 -0.319800 1.486993 0.213373 0.553858 10.416622 -1
1 -0.352726 1.974820 0.224071 0.359662 6.109925 -1
1 -0.319800 1.974820 0.213373 0.314677 6.109925 -1
1 -0.352726 1.974820 0.258691 0.405298 6.109925 -1
1 -0.319800 1.974820 0.269389 0.450283 6.109925 -1
1 -0.417861 2.529076 0.368049 0.553858 1.803228 -1
1 -0.393818 2.520814 0.391548 0.502070 1.803228 -1
1 -0.447413 2.513436 0.377025 0.359662 1.803228 -1
1 -0.417861 2.529076 0.368049 0.314677 1.803228 -1
1 -0.441635 2.495507 0.406072 0.405298 1.803228 -1
1 -0.408511 2.500067 0.415048 0.450283 1.803228 -1
1 -0.543417 2.918638 0.633480 0.553858 -2.503470 -1
1 -0.519374 2.910375 0.656979 0.502070 -2.503470 -1
1 -0.572969 2.902997 0.642455 0.359662 -2.503470 -1
1 -0.543417 2.918638 0.633480 0.314677 -2.503470 -1
1 -0.567190 2.885068 0.671502 0.405298 -2.503470 -1
1 -0.534067 2.889629 0.680478 0.450283 -2.503470 -1
1 -1.673249 3.163055 0.354424 0.359662 10.416622 -1
1 -1.677898 3.159023 0.320355 0.314677 10.416622 -1
1 -1.680451 3.125118 0.313845 0.502070 10.416622 -1
1 -1.677381 3.108194 0.343889 0.450283 10.416622 -1
1 -1.672930 3.131641 0.368969 0.405298 10.416622 -1
1 -1.194772 3.134744 0.257305 0.553858 6.109925 -1
1 -1.197325 3.100838 0.250794 0.502070 6.109925 -1
1 -1.677898 3.159023 0.320355 0.553858 10.416622 -1
1 -1.190123 3.138776 0.291374 0.359662 6.109925 -1
1 -1.194772 3.134744 0.257305 0.314677 6.109925 -1
1 -1.189804 3.107361 0.305919 0.405298 6.109925 -1
1 -1.194255 3.083915 0.280839 0.450283 6.109925 -1
1 -0.630879 3.007723 0.338733 0.553858 1.803228 -1
1 -0.642167 2.976778 0.328078 0.502070 1.803228 -1
1 -0.642202 3.012688 0.371070 0.359662 1.803228 -1
1 -0.630879 3.007723 0.338733 0.314677 1.803228 -1
1 -0.660488 2.984812 0.380400 0.405298 1.803228 -1
1 -0.660467 2.962618 0.353830 0.450283 1.803228 -1
1 -0.225272 2.799870 0.512675 0.553858 -2.503470 -1
1 -0.236560 2.768925 0.502021 0.502070 -2.503470 -1
1 -0.236595 2.804836 0.545012 0.359662 -2.503470 -1
1 -0.225272 2.799870 0.512675 0.314677 -2.503470 -1
1 -0.254881 2.776959 0.554342 0.405298 -2.503470 -1
1 -0.254860 2.754766 0.527772 0.450283 -2.503470 -1
1 -0.053938 1.461988 0.131872 0.359662 10.416622 -1
1 -0.083031 1.458192 0.150251 0.314677 10.416622 -1
1 -0.109761 1.466117 0.129727 0.502070 10.416622 -1
1 -0.097189 1.474810 0.098664 0.450283 10.416622 -1
1 -0.062688 1.472258 0.099990 0.405298 10.416622 -1
1 -0.054039 1.923967 0.292336 0.553858 6.109925 -1
1 -0.080769 1.931892 0.271812 0.502070 6.109925 -1
1 -0.083031 1.458192 0.150251 0.553858 10.416622 -1
1 -0.024947 1.927763 0.273958 0.359662 6.109925 -1
1 -0.054039 1.923967 0.292336 0.314677 6.109925 -1
1 -0.033697 1.938033 0.242075 0.405298 6.109925 -1
1 -0.068197 1.940585 0.240749 0.450283 6.109925 -1
1 0.034504 2.500907 0.285931 0.553858 1.803228 -1
1 0.004856 2.499535 0.268109 0.502070 1.803228 -1
1 0.059845 2.489195 0.265456 0.359662 1.803228 -1
1 0.034504 2.500907 0.285931 0.314677 1.803228 -1
1 0.045858 2.480584 0.234981 0.405298 1.803228 -1
1 0.011872 2.486975 0.236620 0.450283 1.803228 -1
1 0.111818 2.953973 0.122439 0.553858 -2.503470 -1
1 0.082169 2.952601 0.104618 0.502070 -2.503470 -1
1 0.137159 2.942260 0.101965 0.359662 -2.503470 -1
1 0.111818 2.953973 0.122439 0.314677 -2.503470 -1
1 0.123171 2.933650 0.071489 0.405298 -2.503470 -1
1 0.089186 2.940041 0.073129 0.450283 -2.503470 -1
1 -0.100100 2.684705 0.437678 0.359662 10.416622 -1
1 -0.115523 2.654822 0.445905 0.314677 10.416622 -1
1 -0.109035 2.648266 0.479274 0.502070 10.416622 -1
1 -0.089602 2.674097 0.491669 0.450283 10.416622 -1
1 -0.084080 2.696617 0.465962 0.405298 10.416622 -1
1 0.288133 2.411725 0.319651 0.553858 6.109925 -1
1 0.294622 2.405168 0.353020 0.502070 6.109925 -1
1 -0.115523 2.654822 0.445905 0.553858 10.416622 -1
1 0.303556 2.441607 0.311424 0.359662 6.109925 -1
1 0.288133 2.411725 0.319651 0.314677 6.109925 -1
1 0.319577 2.453519 0.339708 0.405298 6.109925 -1
1 0.314055 2.430999 0.365415 0.450283 6.109925 -1
1 0.849525 2.266780 0.252040 0.553858 1.803228 -1
1 0.845915 2.259851 0.285766 0.502070 1.803228 -1
1 0.850136 2.301180 0.248192 0.359662 1.803228 -1
1 0.849525 2.266780 0.252040 0.314677 1.803228 -1
1 0.846904 2.315511 0.279540 0.405298 1.803228 -1
1 0.844296 2.289968 0.302762 0.450283 1.803228 -1
1 1.334635 2.263897 0.303368 0.553858 -2.503470 -1
1 1.331026 2.256967 0.337095 0.502070 -2.503470 -1
1 1.335247 2.298297 0.299520 0.359662 -2.503470 -1
1 1.334635 2.263897 0.303368 0.314677 -2.503470 -1
1 1.332015 2.312628 0.330869 0.405298 -2.503470 -1
1 1.329406 2.287085 0.354091 0.450283 -2.503470 -1
1 -1.133774 1.384191 0.226018 0.359662 10.416622 -1
1 -1.125816 1.383507 0.192332 0.314677 10.416622 -1
1 -1.092729 1.393119 0.188959 0.502070 10.416622 -1
1 -1.080238 1.399745 0.220560 0.450283 10.416622 -1
1 -1.105606 1.394226 0.243464 0.405298 10.416622 -1
1 -1.265387 1.849012 0.149905 0.553858 6.109925 -1
1 -1.232301 1.858624 0.146532 0.502070 6.109925 -1
1 -1.125816 1.383507 0.192332 0.553858 10.416622 -1
1 -1.273346 1.849696 0.183591 0.359662 6.109925 -1
1 -1.265387 1.849012 0.149905 0.314677 6.109925 -1
1 -1.245178 1.859731 0.201036 0.405298 6.109925 -1
1 -1.219810 1.865250 0.178133 0.450283 6.109925 -1
1 -1.347740 2.415545 0.263914 0.553858 1.803228 -1
1 -1.314088 2.416238 0.255814 0.502070 1.803228 -1
1 -1.350918 2.401053 0.295194 0.359662 1.803228 -1
1 -1.347740 2.415545 0.263914 0.314677 1.803228 -1
1 -1.319230 2.392789 0.306425 0.405298 1.803228 -1
1 -1.296468 2.402173 0.282087 0.450283 1.803228 -1
1 -1.306771 2.855007 0.471688 0.553858 -2.503470 -1
1 -1.273120 2.855700 0.463587 0.502070 -2.503470 -1
1 -1.309949 2.840515 0.502968 0.359662 -2.503470 -1
1 -1.306771 2.855007 0.471688 0.314677 -2.503470 -1
1 -1.278262 2.832251 0.514199 0.405298 -2.503470 -1
1 -1.255500 2.841636 0.489860 0.450283 -2.503470 -1
1 -1.310812 1.101126 0.278301 0.359662 10.416622 -1
1 -1.317092 1.094837 0.244841 0.314677 10.416622 -1
1 -1.289370 1.078908 0.231563 0.502070 10.416622 -1
1 -1.265958 1.075352 0.256817 0.450283 10.416622 -1
1 -1.279210 1.089084 0.285702 0.405298 10.416622 -1
1 -1.124731 1.527487 0.127424 0.553858 6.109925 -1
1 -1.097009 1.511558 0.114146 0.502070 6.109925 -1
1 -1.317092 1.094837 0.244841 0.553858 10.416622 -1
1 -1.118451 1.533776 0.160884 0.359662 6.109925 -1
1 -1.124731 1.527487 0.127424 0.314677 6.109925 -1
1 -1.086849 1.521733 0.168285 0.405298 6.109925 -1
1 -1.073596 1.508002 0.139400 0.450283 6.109925 -1
1 -0.775363 1.995062 0.119926 0.553858 1.803228 -1
1 -0.754623 1.972250 0.104176 0.502070 1.803228 -1
1 -0.776465 1.987052 0.153589 0.359662 1.803228 -1
1 -0.775363 1.995062 0.119926 0.314677 1.803228 -1
1 -0.756408 1.959291 0.158643 0.405298 1.803228 -1
1 -0.742909 1.950143 0.128105 0.450283 1.803228 -1
1 -0.392746 2.286403 0.201779 0.553858 -2.503470 -1
1 -0.372007 2.263592 0.186029 0.502070 -2.503470 -1
1 -0.393849 2.278394 0.235442 0.359662 -2.503470 -1
1 -0.392746 2.286403 0.201779 0.314677 -2.503470 -1
1 -0.373792 2.250633 0.240496 0.405298 -2.503470 -1
1 -0.360293 2.241485 0.209958 0.450283 -2.503470 -1
291
0.000000 -1.000000 0.000000
0.805055 0.098849 -0.584907
0.775094 0.199119 -0.599651
0.809017 -0.000000 -0.587786
0.809016 -0.000000 -0.587786
-0.308245 0.070654 -0.948680
-0.330333 0.133350 -0.934397
-0.309018 -0.000000 -0.951056
-0.998415 -0.056285 0.000000
-0.992323 -0.121083 0.025198
-1.000000 0.000000 0.000000
-0.307421 -0.101471 0.946148
-0.274608 -0.202483 0.939995
-0.309016 0.000000 0.951057
0.808995 -0.007277 0.587770
0.822827 -0.008305 0.568232
0.809017 0.000000 0.587786
0.809017 0.000000 0.587785
0.728118 0.384925 -0.567165
0.693814 0.471994 -0.543916
-0.379625 0.267388 -0.885657
-0.429841 0.329821 -0.840509
-0.974407 -0.223378 0.025151
-0.962663 -0.269532 0.025141
-0.216476 -0.401216 0.890036
-0.162489 -0.497249 0.852256
0.843121 -0.027076 0.537041
0.862206 -0.038524 0.505091
0.671900 0.552575 -0.493165
0.671900 0.552575 -0.493165
-0.452858 0.397734 -0.797952
-0.452860 0.397733 -0.797951
-0.951787 -0.306760 -0.000001
-0.951787 -0.306761 -0.000000
-0.135373 -0.587321 0.797953
-0.135370 -0.587321 0.797953
0.868119 -0.056224 0.493161
0.868120 -0.056223 0.493160
-0.257384 0.798562 0.544107
-0.257386 0.798562 0.544105
-0.257385 0.798564 0.544103
-0.257389 0.798568 0.544095
-0.257385 0.798565 0.544102
-0.990362 0.049773 0.129247
-0.990363 0.049774 0.129246
-0.990362 0.049771 0.129248
-0.990362 0.049768 0.129249
-0.990362 0.049770 0.129249
-0.018752 0.189902 -0.981624
0.084555 0.210789 -0.973868
-0.117222 0.195782 -0.973616
-0.117222 0.195785 -0.973616
0.103814 0.985951 -0.130852
0.169091 0.979088 -0.113114
0.033925 0.991947 -0.122023
0.033925 0.991948 -0.122016
0.082229 0.419416 0.904062
0.017445 0.397231 0.917553
0.138191 0.417278 0.898211
0.138191 0.417283 0.898208
-0.049280 -0.725217 0.686755
-0.153909 -0.728301 0.667750
0.051480 -0.734055 0.677136
0.051481 -0.734051 0.677140
-0.113579 -0.870566 -0.478764
-0.116688 -0.858558 -0.499262
-0.106375 -0.870950 -0.479719
-0.106376 -0.870948 -0.479723
0.275361 0.191664 -0.942041
0.366545 0.180548 -0.912714
0.309099 0.948759 -0.065680
0.378287 0.925638 -0.009671
-0.086340 0.394890 0.914662
-0.133672 0.392298 0.910074
-0.359221 -0.697334 0.620231
-0.462138 -0.680798 0.568281
-0.138371 -0.837789 -0.528170
-0.152642 -0.816190 -0.557255
0.449846 0.139629 -0.882124
0.449847 0.139631 -0.882123
0.449119 0.893246 0.020106
0.449119 0.893246 0.020106
-0.172277 0.412427 0.894553
-0.172277 0.412427 0.894553
-0.555590 -0.638353 0.532752
-0.555590 -0.638353 0.532753
-0.171099 -0.806952 -0.565291
-0.171100 -0.806953 -0.565290
0.831457 -0.426075 0.356567
0.831457 -0.426073 0.356568
0.831457 -0.426075 0.356567
0.831457 -0.426076 0.356566
0.831456 -0.426077 0.356566
-0.059428 -0.954797 -0.291258
-0.059428 -0.954796 -0.291262
-0.059430 -0.954796 -0.291259
-0.059433 -0.954795 -0.291262
-0.059431 -0.954797 -0.291258
-0.623736 -0.094343 0.775921
-0.585119 -0.002413 0.810944
-0.632709 -0.189652 0.750807
-0.632708 -0.189653 0.750808
0.541653 -0.208156 0.814422
0.563100 -0.143640 0.813810
0.538800 -0.276307 0.795832
0.538800 -0.276307 0.795833
0.960829 -0.034885 -0.274939
0.944725 -0.089394 -0.315440
0.965705 0.018885 -0.258955
0.965705 0.018885 -0.258955
0.051710 0.189607 -0.980497
0.015574 0.090717 -0.995755
0.058040 0.287978 -0.955876
0.058040 0.287978 -0.955876
-0.930243 0.152143 -0.333918
-0.938723 0.145104 -0.312641
-0.929835 0.159095 -0.331807
-0.929835 0.159095 -0.331807
-0.536924 0.185518 0.822980
-0.504497 0.276195 0.818046
0.606348 -0.000272 0.795199
0.647141 0.073682 0.758801
0.921357 -0.187417 -0.340552
0.907275 -0.231709 -0.350945
-0.039751 -0.114951 -0.992575
-0.088043 -0.218871 -0.971774
-0.951553 0.117545 -0.284129
-0.962588 0.096775 -0.253099
-0.491374 0.368603 0.789102
-0.491372 0.368603 0.789104
0.662649 0.151584 0.733429
0.900914 -0.274919 -0.335818
0.900913 -0.274920 -0.335821
-0.105856 -0.321493 -0.940977
-0.105853 -0.321493 -0.940977
-0.966335 0.076225 -0.245737
-0.966335 0.076225 -0.245737
0.158488 0.928742 -0.335140
0.158487 0.928743 -0.335140
0.158487 0.928742 -0.335142
0.158485 0.928741 -0.335146
0.158488 0.928742 -0.335142
-0.827459 0.498327 0.258808
-0.827462 0.498324 0.258805
-0.827459 0.498328 0.258807
-0.827458 0.498329 0.258805
-0.827457 0.498330 0.258809
-0.444942 -0.891168 -0.088582
-0.359266 -0.922366 -0.142015
-0.529327 -0.846053 -0.063308
-0.529325 -0.846054 -0.063303
-0.282499 -0.116341 -0.952186
-0.216985 -0.125091 -0.968127
-0.341817 -0.081335 -0.936240
-0.341818 -0.081338 -0.936240
0.270996 0.822571 -0.499938
0.227099 0.858683 -0.459446
0.318074 0.795786 -0.515319
0.318077 0.795789 -0.515313
0.451655 0.620769 0.640823
0.354787 0.642876 0.678850
0.538397 0.573161 0.617750
0.538397 0.573161 0.617750
0.008654 -0.437914 0.898975
-0.005638 -0.455133 0.890406
0.014676 -0.441552 0.897116
0.014676 -0.441552 0.897116
-0.175544 -0.966400 -0.187765
-0.081829 -0.974490 -0.208980
-0.067842 -0.135889 -0.988399
0.020684 -0.111505 -0.993549
0.136735 0.895386 -0.423777
0.094805 0.909038 -0.405786
0.148734 0.678457 0.719427
0.034617 0.670353 0.741235
-0.042060 -0.472662 0.880240
-0.072389 -0.493136 0.866935
0.015303 -0.979744 -0.199666
0.015304 -0.979743 -0.199673
0.103894 -0.112388 -0.988218
0.103894 -0.112389 -0.988218
0.048906 0.910284 -0.411086
0.048905 0.910286 -0.411081
-0.073668 0.674976 0.734153
-0.073667 0.674980 0.734149
-0.094435 -0.493125 0.864818
-0.094435 -0.493122 0.864819
0.994431 -0.005914 0.105220
0.994431 -0.005915 0.105222
0.994431 -0.005913 0.105220
0.994431 -0.005912 0.105221
0.994431 -0.005912 0.105219
0.286103 -0.954243 0.086975
0.286105 -0.954243 0.086977
0.286103 -0.954243 0.086975
0.286103 -0.954243 0.086974
0.286102 -0.954244 0.086974
-0.096766 -0.016128 -0.995176
-0.152611 0.073081 -0.985581
-0.068821 -0.110997 -0.991435
-0.068821 -0.110997 -0.991435
-0.948104 -0.230216 -0.219318
-0.965599 -0.167870 -0.198593
-0.930214 -0.298382 -0.213707
-0.930214 -0.298382 -0.213706
-0.489177 -0.127006 0.862888
-0.447051 -0.181088 0.875987
-0.506082 -0.073413 0.859355
-0.506082 -0.073413 0.859356
0.643281 0.154876 0.749802
0.683781 0.059111 0.727289
0.617437 0.253010 0.744821
0.617438 0.253011 0.744819
0.889736 0.222832 -0.398391
0.881133 0.217203 -0.420033
0.887678 0.229782 -0.399035
0.887678 0.229782 -0.399035
-0.203110 0.256354 -0.945002
-0.226464 0.343659 -0.911379
-0.989236 -0.029456 -0.143330
-0.995778 0.039523 -0.082856
-0.408753 -0.277401 0.869465
-0.389614 -0.320583 0.863382
0.729411 -0.140743 0.669441
0.753469 -0.239370 0.612362
0.871396 0.191739 -0.451558
0.858334 0.172954 -0.483062
-0.219315 0.433656 -0.873982
-0.219318 0.433655 -0.873981
-0.992230 0.114975 -0.047536
-0.992230 0.114975 -0.047536
-0.393916 -0.362598 0.844602
-0.393919 -0.362597 0.844602
0.748777 -0.339072 0.569529
0.748779 -0.339071 0.569527
0.856684 0.153040 -0.492616
0.083982 0.900855 0.425920
0.083982 0.900855 0.425920
0.083982 0.900855 0.425920
0.083981 0.900855 0.425920
0.083982 0.900855 0.425920
-0.394322 -0.886891 0.240696
-0.394327 -0.886890 0.240693
-0.394323 -0.886890 0.240697
-0.394325 -0.886889 0.240700
-0.394321 -0.886891 0.240699
-0.409711 0.046371 -0.911036
-0.386802 0.149535 -0.909958
-0.450898 -0.041501 -0.891610
-0.450899 -0.041500 -0.891610
-0.870783 0.486366 0.072004
-0.835361 0.543719 0.080882
-0.900895 0.424765 0.089233
-0.900895 0.424765 0.089232
-0.127914 0.253621 0.958809
-0.129816 0.185534 0.974025
-0.105888 0.304022 0.946762
-0.105890 0.304023 0.946762
0.791128 -0.325642 0.517758
0.749154 -0.423064 0.509691
0.835453 -0.236871 0.495894
0.835453 -0.236872 0.495893
0.619341 -0.456858 -0.638512
0.602563 -0.455177 -0.655539
0.622226 -0.450416 -0.640281
0.622226 -0.450416 -0.640281
-0.288853 0.317305 -0.903262
-0.236927 0.396867 -0.886771
-0.743234 0.660627 0.105712
-0.682719 0.715560 0.147881
-0.168299 0.089378 0.981676
-0.185264 0.044878 0.981663
0.631340 -0.599614 0.491805
0.564700 -0.688056 0.455734
0.568836 -0.467145 -0.676905
0.537177 -0.471987 -0.699049
-0.161144 0.457341 -0.874569
-0.161145 0.457342 -0.874569
-0.619528 0.767987 0.162423
-0.619528 0.767988 0.162418
-0.221744 0.017299 0.974952
-0.221743 0.017299 0.974952
0.482482 -0.757294 0.440133
0.482481 -0.757292 0.440137
0.519935 -0.485333 -0.702936
0.519936 -0.485335 -0.702934
0.784327 0.597226 0.167790
0.784325 0.597227 0.167792
0.784327 0.597225 0.167789
0.784329 0.597223 0.167787
0.784329 0.597223 0.167787
216
1 0 1 2 0 0 0 1
1 2 3 4 0 0 0 1
1 0 2 4 0 0 0 1
1 5 6 2 1 2 3 2
1 2 7 5 3 4 1 2
1 8 9 1 5 6 7 2
1 1 0 8 7 7 5 2
1 10 8 0 8 9 10 3
1 0 4 10 10 10 8 3
1 11 10 4 11 12 13 2
1 4 3 11 13 13 11 2
1 6 11 3 14 15 16 3
1 3 2 6 16 17 14 3
1 12 13 6 18 19 2 2
1 6 5 12 2 1 18 2
1 14 15 9 20 21 6 2
1 9 8 14 6 5 20 2
1 16 14 8 22 23 9 3
1 8 10 16 9 8 22 3
1 17 16 10 24 25 12 2
1 10 11 17 12 11 24 2
1 13 17 11 26 27 15 3
1 11 6 13 15 14 26 3
1 18 19 13 28 29 19 2
1 13 12 18 19 18 28 2
1 20 21 15 30 31 21 2
1 15 14 20 21 20 30 2
1 22 20 14 32 33 23 3
1 14 16 22 23 22 32 3
1 23 22 16 34 35 25 2
1 16 17 23 25 24 34 2
1 19 23 17 36 37 27 3
1 17 13 19 27 26 36 3
1 21 20 22 38 39 40 1
1 22 23 19 40 41 42 1
1 21 22 19 38 40 42 1
1 24 25 26 43 44 45 1
1 26 27 28 45 46 47 1
1 24 26 28 43 45 47 1
1 29 30 26 48 49 50 2
1 26 31 29 50 51 48 2
1 32 33 25 52 53 54 2
1 25 24 32 54 55 52 2
1 34 32 24 56 57 58 3
1 24 28 34 58 59 56 3
1 35 34 28 60 61 62 2
1 28 27 35 62 63 60 2
1 30 35 27 64 65 66 3
1 27 26 30 66 67 64 3
1 36 37 30 68 69 49 2
1 30 29 36 49 48 68 2
1 38 39 33 70 71 53 2
1 33 32 38 53 52 70 2
1 40 38 32 72 73 57 3
1 32 34 40 57 56 72 3
1 41 40 34 74 75 61 2
1 34 35 41 61 60 74 2
1 37 41 35 76 77 65 3
1 35 30 37 65 64 76 3
1 42 43 37 78 79 69 2
1 37 36 42 69 68 78 2
1 44 45 39 80 81 71 2
1 39 38 44 71 70 80 2
1 46 44 38 82 83 73 3
1 38 40 46 73 72 82 3
1 47 46 40 84 85 75 2
1 40 41 47 75 74 84 2
1 43 47 41 86 87 77 3
1 41 37 43 77 76 86 3
1 45 44 46 88 89 90 1
1 46 47 43 90 91 92 1
1 45 46 43 88 90 92 1
1 48 49 50 93 94 95 1
1 50 51 52 95 96 97 1
1 48 50 52 93 95 97 1
1 53 54 50 98 99 100 2
1 50 55 53 100 101 98 2
1 56 57 49 102 103 104 2
1 49 48 56 104 105 102 2
1 58 56 48 106 107 108 3
1 48 52 58 108 109 106 3
1 59 58 52 110 111 112 2
1 52 51 59 112 113 110 2
1 54 59 51 114 115 116 3
1 51 50 54 116 117 114 3
1 60 61 54 118 119 99 2
1 54 53 60 99 98 118 2
1 62 63 57 120 121 103 2
1 57 56 62 103 102 120 2
1 64 62 56 122 123 107 3
1 56 58 64 107 106 122 3
1 65 64 58 124 125 111 2
1 58 59 65 111 110 124 2
1 61 65 59 126 127 115 3
1 59 54 61 115 114 126 3
1 66 67 61 128 129 119 2
1 61 60 66 119 118 128 2
1 68 69 63 130 130 121 2
1 63 62 68 121 120 130 2
1 70 68 62 131 132 123 3
1 62 64 70 123 122 131 3
1 71 70 64 133 134 125 2
1 64 65 71 125 124 133 2
1 67 71 65 135 136 127 3
1 65 61 67 127 126 135 3
1 69 68 70 137 138 139 1
1 70 71 67 139 140 141 1
1 69 70 67 137 139 141 1
1 72 73 74 142 143 144 1
1 74 75 76 144 145 146 1
1 72 74 76 142 144 146 1
1 77 78 74 147 148 149 2
1 74 79 77 149 150 147 2
1 80 81 73 151 152 153 2
1 73 72 80 153 154 151 2
1 82 80 72 155 156 157 3
1 72 76 82 157 158 155 3
1 83 82 76 159 160 161 2
1 76 75 83 161 162 159 2
1 78 83 75 163 164 165 3
1 75 74 78 165 166 163 3
1 84 85 78 167 168 148 2
1 78 77 84 148 147 167 2
1 86 87 81 169 170 152 2
1 81 80 86 152 151 169 2
1 88 86 80 171 172 156 3
1 80 82 88 156 155 171 3
1 89 88 82 173 174 160 2
1 82 83 89 160 159 173 2
1 85 89 83 175 176 164 3
1 83 78 85 164 163 175 3
1 90 91 85 177 178 168 2
1 85 84 90 168 167 177 2
1 92 93 87 179 180 170 2
1 87 86 92 170 169 179 2
1 94 92 86 181 182 172 3
1 86 88 94 172 171 181 3
1 95 94 88 183 184 174 2
1 88 89 95 174 173 183 2
1 91 95 89 185 186 176 3
1 89 85 91 176 175 185 3
1 93 92 94 187 188 189 1
1 94 95 91 189 190 191 1
1 93 94 91 187 189 191 1
1 96 97 98 192 193 194 1
1 98 99 100 194 195 196 1
1 96 98 100 192 194 196 1
1 101 102 98 197 198 199 2
1 98 103 101 199 200 197 2
1 104 105 97 201 202 203 2
1 97 96 104 203 204 201 2
1 106 104 96 205 206 207 3
1 96 100 106 207 208 205 3
1 107 106 100 209 210 211 2
1 100 99 107 211 212 209 2
1 102 107 99 213 214 215 3
1 99 98 102 215 216 213 3
1 108 109 102 217 218 198 2
1 102 101 108 198 197 217 2
1 110 111 105 219 220 202 2
1 105 104 110 202 201 219 2
1 112 110 104 221 222 206 3
1 104 106 112 206 205 221 3
1 113 112 106 223 224 210 2
1 106 107 113 210 209 223 2
1 109 113 107 225 226 214 3
1 107 102 109 214 213 225 3
1 114 115 109 227 228 218 2
1 109 108 114 218 217 227 2
1 116 117 111 229 230 220 2
1 111 110 116 220 219 229 2
1 118 116 110 231 232 222 3
1 110 112 118 222 221 231 3
1 119 118 112 233 234 224 2
1 112 113 119 224 223 233 2
1 115 119 113 235 235 226 3
1 113 109 115 226 225 235 3
1 117 116 118 236 237 238 1
1 118 119 115 238 239 240 1
1 117 118 115 236 238 240 1
1 120 121 122 241 242 243 1
1 122 123 124 243 244 245 1
1 120 122 124 241 243 245 1
1 125 126 122 246 247 248 2
1 122 127 125 248 249 246 2
1 128 129 121 250 251 252 2
1 121 120 128 252 253 250 2
1 130 128 120 254 255 256 3
1 120 124 130 256 257 254 3
1 131 130 124 258 259 260 2
1 124 123 131 260 261 258 2
1 126 131 123 262 263 264 3
1 123 122 126 264 265 262 3
1 132 133 126 266 267 247 2
1 126 125 132 247 246 266 2
1 134 135 129 268 269 251 2
1 129 128 134 251 250 268 2
1 136 134 128 270 271 255 3
1 128 130 136 255 254 270 3
1 137 136 130 272 273 259 2
1 130 131 137 259 258 272 2
1 133 137 131 274 275 263 3
1 131 126 133 263 262 274 3
1 138 139 133 276 277 267 2
1 133 132 138 267 266 276 2
1 140 141 135 278 279 269 2
1 135 134 140 269 268 278 2
1 142 140 134 280 281 271 3
1 134 136 142 271 270 280 3
1 143 142 136 282 283 273 2
1 136 137 143 273 272 282 2
1 139 143 137 284 285 275 3
1 137 133 139 275 274 284 3
1 141 140 142 286 287 288 1
1 142 143 139 288 289 290 1
1 141 142 139 286 288 290 1

Materials: 5
"_1_-_Default"
0.584314 0.584314 0.584314 1.000000
0.584314 0.584314 0.584314 1.000000
0.894118 0.894118 0.894118 1.000000
0.000000 0.000000 0.000000 1.000000
125.440002
1.000000
"CON_33.tga"
""
"_2_-_Default"
0.584314 0.584314 0.584314 1.000000
0.584314 0.584314 0.584314 1.000000
0.894118 0.894118 0.894118 1.000000
0.000000 0.000000 0.000000 1.000000
125.440002
1.000000
"ROSTY_9.tga"
""
"_3_-_Default"
0.584314 0.584314 0.584314 1.000000
0.584314 0.584314 0.584314 1.000000
0.894118 0.894118 0.894118 1.000000
0.000000 0.000000 0.000000 1.000000
125.440002
1.000000
"DRAHT.tga"
""
"_4_-_Default"
0.584314 0.584314 0.584314 1.000000
0.584314 0.584314 0.584314 1.000000
0.894118 0.894118 0.894118 1.000000
0.000000 0.000000 0.000000 1.000000
125.440002
1.000000
"STANGE.tga"
""
"Material"
0.117647 0.117647 0.117647 1.000000
0.752941 0.752941 0.752941 1.000000
0.752941 0.752941 0.752941 1.000000
0.000000 0.000000 0.000000 1.000000
125.440002
1.000000
""
""

Bones: 0
GroupComments: 0
MaterialComments: 0
BoneComments: 0
ModelComment: 0
