// MilkShape 3D ASCII

Frames: 30
Frame: 1

Meshes: 3
"Box0111" 1 0
52
1 -6.024935 0.018075 0.005786 2.350002 0.183204 -1
1 -2.634861 0.018075 0.148003 1.309054 0.230152 -1
1 -2.634861 0.018075 0.583795 1.309054 0.374013 -1
1 -6.024935 0.018075 0.441577 2.350002 0.327065 -1
1 -2.634861 4.745836 0.441457 -0.309054 0.397816 -1
1 -2.634861 4.745836 0.005666 -0.309054 0.253955 -1
1 -6.024935 4.658802 0.005786 -1.350002 0.183204 -1
1 -6.024935 4.658802 0.441577 -1.350002 0.327065 -1
1 -2.634861 0.018075 0.583795 -0.309054 0.687061 -1
1 -2.634861 2.485110 0.583794 -0.309054 0.155354 -1
1 -6.024935 2.485110 0.441577 -1.350002 0.155354 -1
1 -6.024935 0.018075 0.441577 -1.350002 0.687061 -1
1 6.024935 0.018075 0.005786 0.816795 0.687061 -1
1 6.024935 2.485110 0.005786 0.816795 0.155354 -1
1 6.024935 2.485110 0.441577 0.672934 0.155354 -1
1 6.024935 0.018075 0.441577 0.672934 0.687061 -1
1 1.661472 0.018075 0.076801 -0.010168 0.687061 -1
1 1.661472 2.485110 0.076801 -0.010168 0.155354 -1
1 6.024935 2.485110 0.005786 -1.350002 0.155354 -1
1 6.024935 0.018075 0.005786 -1.350002 0.687061 -1
1 -6.024935 0.018075 0.441577 0.327065 0.687061 -1
1 -6.024935 2.485110 0.441577 0.327065 0.155354 -1
1 -6.024935 2.485110 0.005786 0.183204 0.155354 -1
1 -6.024935 0.018075 0.005786 0.183204 0.687061 -1
1 1.661472 0.018075 0.076801 -0.010168 0.206648 -1
1 1.661472 0.018075 0.512592 -0.010168 0.350509 -1
1 1.661472 4.611576 0.521138 1.010168 0.311480 -1
1 1.661472 4.611576 0.085347 1.010168 0.167619 -1
1 1.661472 0.018075 0.512592 1.010168 0.687061 -1
1 1.661472 2.485110 0.512592 1.010168 0.155354 -1
1 -6.024935 0.018075 0.005786 2.350002 0.687061 -1
1 -6.024935 2.485110 0.005786 2.350002 0.155354 -1
1 -2.634861 2.485110 0.148003 1.309054 0.155354 -1
1 -2.634861 0.018075 0.148003 1.309054 0.687061 -1
1 6.024935 0.018075 0.005786 -1.350002 0.183205 -1
1 6.024935 0.018075 0.441577 -1.350002 0.327066 -1
1 6.024935 4.717189 0.441577 2.350002 0.327066 -1
1 6.024935 4.717189 0.005786 2.350002 0.183205 -1
1 6.024935 0.018075 0.441577 2.350002 0.687061 -1
1 6.024935 2.485110 0.441577 2.350002 0.155354 -1
1 -2.634861 4.745836 0.441457 -0.309054 -0.331888 -1
1 -6.024935 4.658802 0.441577 -1.350002 -0.325714 -1
1 6.024935 4.717189 0.005786 0.816795 -0.325714 -1
1 6.024935 4.717189 0.441577 0.672934 -0.325714 -1
1 1.661472 4.611576 0.085347 -0.010168 -0.302951 -1
1 6.024935 4.717189 0.005786 -1.350002 -0.325714 -1
1 -6.024935 4.658802 0.441577 0.327065 -0.325714 -1
1 -6.024935 4.658802 0.005786 0.183204 -0.325714 -1
1 1.661472 4.611576 0.521138 1.010168 -0.302951 -1
1 -6.024935 4.658802 0.005786 2.350002 -0.325714 -1
1 -2.634861 4.745836 0.005666 1.309054 -0.331888 -1
1 6.024935 4.717189 0.441577 2.350002 -0.325714 -1
34
0.000000 -1.000000 0.000000
-0.006701 0.999978 0.000000
0.012273 0.999925 0.000000
-0.025665 0.999671 0.000000
-0.022428 0.000000 0.999748
-0.008436 0.020281 0.999759
-0.031423 0.015704 0.999383
-0.041914 0.000000 0.999121
1.000000 0.000000 0.000000
-0.016372 -0.000000 -0.999866
-0.010597 -0.009135 -0.999902
-0.016762 0.001005 -0.999859
-0.016273 -0.000000 -0.999868
-1.000000 0.000000 0.000000
0.012762 0.999919 0.000000
-0.005722 0.999984 0.000000
0.016471 0.000000 0.999864
0.016715 -0.001339 0.999859
0.041914 -0.000000 -0.999121
0.041914 -0.000000 -0.999121
0.015715 -0.020961 -0.999657
0.002926 -0.000000 -0.999996
-0.024197 0.999707 0.000000
-0.024197 0.999707 0.000000
0.016273 0.000000 0.999868
0.016273 0.000000 0.999868
-0.019458 0.041894 0.998933
0.000035 0.000000 1.000000
-0.005279 0.002679 -0.999982
-0.018231 -0.000000 -0.999834
0.006122 0.018275 0.999814
0.021761 -0.031440 -0.999269
0.001237 -0.040573 -0.999176
0.017300 -0.002009 0.999848
44
1 0 1 2 0 0 0 1
1 2 3 0 0 0 0 1
1 4 5 6 1 2 3 1
1 6 7 4 3 3 1 1
1 8 9 10 4 5 6 1
1 10 11 8 6 7 4 1
1 12 13 14 8 8 8 1
1 14 15 12 8 8 8 1
1 16 17 18 9 10 11 1
1 18 19 16 11 12 9 1
1 20 21 22 13 13 13 1
1 22 23 20 13 13 13 1
1 24 25 2 0 0 0 1
1 2 1 24 0 0 0 1
1 26 27 5 14 15 2 1
1 5 4 26 2 1 14 1
1 28 29 9 16 17 5 1
1 9 8 28 5 4 16 1
1 30 31 32 18 19 20 1
1 32 33 30 20 21 18 1
1 33 32 17 21 20 10 1
1 17 16 33 10 9 21 1
1 34 35 25 0 0 0 1
1 25 24 34 0 0 0 1
1 36 37 27 22 23 15 1
1 27 26 36 15 14 22 1
1 38 39 29 24 25 17 1
1 29 28 38 17 16 24 1
1 40 41 10 26 27 6 1
1 10 9 40 6 5 26 1
1 42 43 14 8 8 8 1
1 14 13 42 8 8 8 1
1 44 45 18 28 29 11 1
1 18 17 44 11 10 28 1
1 46 47 22 13 13 13 1
1 22 21 46 13 13 13 1
1 48 40 9 30 26 5 1
1 9 29 48 5 17 30 1
1 49 50 32 31 32 20 1
1 32 31 49 20 19 31 1
1 50 44 17 32 28 10 1
1 17 32 50 10 20 32 1
1 51 48 29 33 30 17 1
1 29 39 51 17 25 33 1
"Box0112" 1 1
200
1 5.678091 4.693562 0.044834 0.994659 1.130478 -1
1 5.678091 4.720908 0.044834 0.994659 1.085341 -1
1 5.678091 4.780313 0.114035 0.880438 0.987288 -1
1 5.678091 4.693562 0.069493 0.953958 1.130478 -1
1 5.689975 4.711445 0.416704 0.380860 1.100961 -1
1 5.689974 4.693562 0.416704 0.380860 1.130478 -1
1 5.575275 4.693562 0.044834 0.005341 1.130478 -1
1 5.575275 4.693562 0.069493 0.046042 1.130478 -1
1 5.575275 4.780313 0.114035 0.119562 0.987288 -1
1 5.575276 4.720908 0.044834 0.005341 1.085341 -1
1 5.563392 4.693562 0.416704 0.619140 1.130478 -1
1 5.563392 4.711445 0.416704 0.619140 1.100961 -1
1 5.678091 4.693562 0.044834 -9.001652 0.005341 -1
1 5.678091 4.693562 0.069493 -9.001652 0.046042 -1
1 5.575275 4.693562 0.069493 -8.831947 0.046042 -1
1 5.575275 4.693562 0.044834 -8.831947 0.005341 -1
1 5.689974 4.693562 0.416704 -9.021266 0.619140 -1
1 5.563392 4.693562 0.416704 -8.812332 0.619140 -1
1 5.689974 4.693562 0.416704 10.021266 1.130478 -1
1 5.689975 4.711445 0.416704 10.021266 1.100961 -1
1 5.563392 4.711445 0.416704 9.812332 1.100961 -1
1 5.563392 4.693562 0.416704 9.812332 1.130478 -1
1 5.689975 4.711445 0.416704 10.021266 0.619140 -1
1 5.678091 4.780313 0.114035 10.001652 0.119562 -1
1 5.575275 4.780313 0.114035 9.831947 0.119562 -1
1 5.563392 4.711445 0.416704 9.812332 0.619140 -1
1 5.661674 5.498766 0.537975 9.974554 -0.198570 -1
1 5.661674 5.519642 0.521170 9.974554 -0.233028 -1
1 5.591692 5.519642 0.521170 9.859044 -0.233028 -1
1 5.591692 5.498766 0.537975 9.859044 -0.198570 -1
1 5.678091 4.720908 0.044834 -9.001652 1.085341 -1
1 5.678091 4.693562 0.044834 -9.001652 1.130478 -1
1 5.575275 4.693562 0.044834 -8.831947 1.130478 -1
1 5.575276 4.720908 0.044834 -8.831947 1.085341 -1
1 5.669407 5.228437 0.231944 0.685820 0.247626 -1
1 5.669407 5.212690 0.251981 0.652748 0.273619 -1
1 5.583959 5.228437 0.231944 -8.846279 0.247626 -1
1 5.669407 5.228437 0.231944 -8.987319 0.247626 -1
1 5.583959 5.212690 0.251981 0.347252 0.273619 -1
1 5.583959 5.228437 0.231944 0.314180 0.247626 -1
1 5.678091 4.780313 0.114035 10.001652 0.987288 -1
1 5.669407 5.212690 0.251981 9.987319 0.273619 -1
1 5.583959 5.212690 0.251981 9.846279 0.273619 -1
1 5.575275 4.780313 0.114035 9.831947 0.987288 -1
1 5.661674 5.519642 0.521170 0.208431 -0.233028 -1
1 5.661674 5.498766 0.537975 0.180693 -0.198570 -1
1 5.591692 5.519642 0.521170 -8.859044 -0.233028 -1
1 5.661674 5.519642 0.521170 -8.974554 -0.233028 -1
1 5.591692 5.498766 0.537975 0.819307 -0.198570 -1
1 5.591692 5.519642 0.521170 0.791569 -0.233028 -1
1 1.912584 4.608810 0.126069 1.069825 1.270366 -1
1 1.912584 4.636156 0.126069 1.069825 1.225229 -1
1 1.912584 4.695562 0.195270 0.955604 1.127176 -1
1 1.912584 4.608810 0.150728 1.029124 1.270366 -1
1 1.924468 4.626694 0.497939 0.456026 1.240849 -1
1 1.924468 4.608810 0.497939 0.456026 1.270366 -1
1 1.809769 4.608810 0.126069 -0.069825 1.270366 -1
1 1.809769 4.608810 0.150728 -0.029124 1.270366 -1
1 1.809769 4.695562 0.195270 0.044396 1.127176 -1
1 1.809769 4.636156 0.126069 -0.069825 1.225229 -1
1 1.797885 4.608810 0.497939 0.543974 1.270366 -1
1 1.797885 4.626694 0.497939 0.543974 1.240849 -1
1 1.912584 4.608810 0.126069 -2.786405 -0.069825 -1
1 1.912584 4.608810 0.150728 -2.786405 -0.029124 -1
1 1.809769 4.608810 0.150728 -2.616701 -0.029124 -1
1 1.809769 4.608810 0.126069 -2.616701 -0.069825 -1
1 1.924468 4.608810 0.497939 -2.806020 0.543974 -1
1 1.797885 4.608810 0.497939 -2.597086 0.543974 -1
1 1.924468 4.608810 0.497939 3.806020 1.270366 -1
1 1.924468 4.626694 0.497939 3.806020 1.240849 -1
1 1.797885 4.626694 0.497939 3.597086 1.240849 -1
1 1.797885 4.608810 0.497939 3.597086 1.270366 -1
1 1.924468 4.626694 0.497939 3.806020 0.543974 -1
1 1.912584 4.695562 0.195270 3.786405 0.044396 -1
1 1.809769 4.695562 0.195270 3.616701 0.044396 -1
1 1.797885 4.626694 0.497939 3.597086 0.543974 -1
1 1.896168 5.414015 0.619210 3.759308 -0.058682 -1
1 1.896168 5.434891 0.602405 3.759308 -0.093140 -1
1 1.826186 5.434891 0.602405 3.643798 -0.093140 -1
1 1.826186 5.414015 0.619210 3.643798 -0.058682 -1
1 1.912584 4.636156 0.126069 -2.786405 1.225229 -1
1 1.912584 4.608810 0.126069 -2.786405 1.270366 -1
1 1.809769 4.608810 0.126069 -2.616701 1.270366 -1
1 1.809769 4.636156 0.126069 -2.616701 1.225229 -1
1 1.903901 5.143686 0.313179 0.760986 0.387514 -1
1 1.903901 5.127938 0.333215 0.727914 0.413507 -1
1 1.818452 5.143686 0.313179 -2.631033 0.387514 -1
1 1.903901 5.143686 0.313179 -2.772073 0.387514 -1
1 1.818452 5.127938 0.333215 0.272086 0.413507 -1
1 1.818452 5.143686 0.313179 0.239014 0.387514 -1
1 1.912584 4.695562 0.195270 3.786405 1.127176 -1
1 1.903901 5.127938 0.333215 3.772073 0.413507 -1
1 1.818452 5.127938 0.333215 3.631033 0.413507 -1
1 1.809769 4.695562 0.195270 3.616701 1.127176 -1
1 1.896168 5.434891 0.602405 0.283597 -0.093140 -1
1 1.896168 5.414015 0.619210 0.255859 -0.058682 -1
1 1.826186 5.434891 0.602405 -2.643798 -0.093140 -1
1 1.896168 5.434891 0.602405 -2.759308 -0.093140 -1
1 1.826186 5.414015 0.619210 0.744141 -0.058682 -1
1 1.826186 5.434891 0.602405 0.716403 -0.093140 -1
1 -1.786631 4.716184 -0.017829 0.744140 1.093139 -1
1 -1.786631 4.743530 -0.017829 0.744140 1.048002 -1
1 -1.786631 4.802935 0.051371 0.629920 0.949949 -1
1 -1.786631 4.716184 0.006829 0.703440 1.093139 -1
1 -1.774747 4.734066 0.354041 0.130341 1.063622 -1
1 -1.774747 4.716184 0.354041 0.130341 1.093139 -1
1 -1.889446 4.716184 -0.017829 0.255859 1.093139 -1
1 -1.889446 4.716184 0.006829 0.296560 1.093139 -1
1 -1.889446 4.802935 0.051371 0.370080 0.949949 -1
1 -1.889446 4.743530 -0.017829 0.255859 1.048002 -1
1 -1.901330 4.716184 0.354041 0.869659 1.093139 -1
1 -1.901330 4.734066 0.354041 0.869659 1.063622 -1
1 -1.786631 4.716184 -0.017829 3.319422 0.255860 -1
1 -1.786631 4.716184 0.006829 3.319422 0.296560 -1
1 -1.889446 4.716184 0.006829 3.489126 0.296560 -1
1 -1.889446 4.716184 -0.017829 3.489126 0.255859 -1
1 -1.774747 4.716184 0.354041 3.299807 0.869659 -1
1 -1.901330 4.716184 0.354041 3.508741 0.869659 -1
1 -1.774747 4.716184 0.354041 -2.299807 1.093139 -1
1 -1.774747 4.734066 0.354041 -2.299807 1.063622 -1
1 -1.901330 4.734066 0.354041 -2.508741 1.063622 -1
1 -1.901330 4.716184 0.354041 -2.508741 1.093139 -1
1 -1.774747 4.734066 0.354041 -2.299807 0.869659 -1
1 -1.786631 4.802935 0.051371 -2.319422 0.370080 -1
1 -1.889446 4.802935 0.051371 -2.489126 0.370080 -1
1 -1.901330 4.734066 0.354041 -2.508741 0.869659 -1
1 -1.803048 5.521387 0.475312 -2.346519 -0.235909 -1
1 -1.803048 5.542263 0.458507 -2.346519 -0.270367 -1
1 -1.873029 5.542263 0.458507 -2.462029 -0.270367 -1
1 -1.873029 5.521387 0.475312 -2.462029 -0.235909 -1
1 -1.786631 4.743530 -0.017829 3.319422 1.048002 -1
1 -1.786631 4.716184 -0.017829 3.319422 1.093139 -1
1 -1.889446 4.716184 -0.017829 3.489126 1.093139 -1
1 -1.889446 4.743530 -0.017829 3.489126 1.048002 -1
1 -1.795314 5.251060 0.169281 0.435302 0.210287 -1
1 -1.795314 5.235312 0.189317 0.402230 0.236280 -1
1 -1.880763 5.251060 0.169281 3.474794 0.210287 -1
1 -1.795314 5.251060 0.169281 3.333754 0.210287 -1
1 -1.880763 5.235312 0.189317 0.597770 0.236280 -1
1 -1.880763 5.251060 0.169281 0.564698 0.210287 -1
1 -1.786631 4.802935 0.051371 -2.319422 0.949949 -1
1 -1.795314 5.235312 0.189317 -2.333754 0.236280 -1
1 -1.880763 5.235312 0.189317 -2.474794 0.236280 -1
1 -1.889446 4.802935 0.051371 -2.489126 0.949949 -1
1 -1.803048 5.542263 0.458507 -0.042088 -0.270367 -1
1 -1.803048 5.521387 0.475312 -0.069825 -0.235909 -1
1 -1.873029 5.542263 0.458507 3.462029 -0.270367 -1
1 -1.803048 5.542263 0.458507 3.346519 -0.270367 -1
1 -1.873029 5.521387 0.475312 1.069825 -0.235909 -1
1 -1.873029 5.542263 0.458507 1.042088 -0.270367 -1
1 -5.732244 4.658171 0.045066 0.994280 1.188893 -1
1 -5.732244 4.685517 0.045066 0.994280 1.143756 -1
1 -5.732244 4.744923 0.114267 0.880059 1.045704 -1
1 -5.732244 4.658171 0.069725 0.953579 1.188893 -1
1 -5.720360 4.676054 0.416937 0.380481 1.159377 -1
1 -5.720360 4.658171 0.416937 0.380481 1.188893 -1
1 -5.835059 4.658171 0.045066 0.005720 1.188893 -1
1 -5.835059 4.658171 0.069725 0.046421 1.188893 -1
1 -5.835059 4.744923 0.114267 0.119941 1.045704 -1
1 -5.835059 4.685517 0.045066 0.005720 1.143756 -1
1 -5.846943 4.658171 0.416937 0.619519 1.188893 -1
1 -5.846943 4.676054 0.416937 0.619519 1.159377 -1
1 -5.732244 4.658171 0.045066 9.831946 0.005720 -1
1 -5.732244 4.658171 0.069725 9.831946 0.046421 -1
1 -5.835059 4.658171 0.069725 10.001651 0.046421 -1
1 -5.835059 4.658171 0.045066 10.001651 0.005720 -1
1 -5.720360 4.658171 0.416937 9.812332 0.619519 -1
1 -5.846943 4.658171 0.416937 10.021266 0.619519 -1
1 -5.720360 4.658171 0.416937 -8.812332 1.188893 -1
1 -5.720360 4.676054 0.416937 -8.812332 1.159377 -1
1 -5.846943 4.676054 0.416937 -9.021266 1.159377 -1
1 -5.846943 4.658171 0.416937 -9.021266 1.188893 -1
1 -5.720360 4.676054 0.416937 -8.812332 0.619519 -1
1 -5.732244 4.744923 0.114267 -8.831946 0.119941 -1
1 -5.835059 4.744923 0.114267 -9.001651 0.119941 -1
1 -5.846943 4.676054 0.416937 -9.021266 0.619519 -1
1 -5.748661 5.463375 0.538207 -8.859044 -0.140155 -1
1 -5.748661 5.484251 0.521403 -8.859044 -0.174613 -1
1 -5.818642 5.484251 0.521403 -8.974554 -0.174613 -1
1 -5.818642 5.463375 0.538207 -8.974554 -0.140155 -1
1 -5.732244 4.685517 0.045066 9.831946 1.143756 -1
1 -5.732244 4.658171 0.045066 9.831946 1.188893 -1
1 -5.835059 4.658171 0.045066 10.001651 1.188893 -1
1 -5.835059 4.685517 0.045066 10.001651 1.143756 -1
1 -5.740927 5.193047 0.232176 0.685441 0.306041 -1
1 -5.740927 5.177299 0.252213 0.652370 0.332034 -1
1 -5.826375 5.193047 0.232176 9.987319 0.306041 -1
1 -5.740927 5.193047 0.232176 9.846279 0.306041 -1
1 -5.826375 5.177299 0.252213 0.347630 0.332034 -1
1 -5.826375 5.193047 0.232176 0.314558 0.306041 -1
1 -5.732244 4.744923 0.114267 -8.831946 1.045704 -1
1 -5.740927 5.177299 0.252213 -8.846279 0.332034 -1
1 -5.826375 5.177299 0.252213 -8.987319 0.332034 -1
1 -5.835059 4.744923 0.114267 -9.001651 1.045704 -1
1 -5.748661 5.484251 0.521403 0.208052 -0.174613 -1
1 -5.748661 5.463375 0.538207 0.180315 -0.140155 -1
1 -5.818642 5.484251 0.521403 9.974554 -0.174613 -1
1 -5.748661 5.484251 0.521403 9.859044 -0.174613 -1
1 -5.818642 5.463375 0.538207 0.819685 -0.140155 -1
1 -5.818642 5.484251 0.521403 0.791948 -0.174613 -1
127
1.000000 0.000000 0.000000
0.999897 0.013637 -0.004435
0.999826 0.011421 -0.014717
0.999715 0.006004 -0.023115
0.999358 0.009005 -0.034668
0.999415 -0.000027 -0.034205
-1.000000 0.000009 -0.000011
-0.999715 0.006013 -0.023115
-0.999891 0.011828 -0.008805
-0.999864 0.012521 -0.010755
-0.999415 0.000000 -0.034206
-0.999358 0.009019 -0.034669
0.000000 -1.000000 0.000000
0.000000 0.000000 1.000000
0.000000 0.975078 0.221864
0.000000 0.975078 0.221864
0.000000 0.627057 0.778973
0.000000 0.116918 -0.993142
0.000000 0.000000 -1.000000
0.000000 0.233836 -0.972276
0.999839 0.014088 0.011072
0.999850 0.016970 0.003349
0.000001 0.537609 -0.843194
0.000001 0.537609 -0.843194
-0.999803 0.015595 0.012256
-0.999845 0.017026 0.004449
-0.000001 -0.303946 0.952689
-0.000001 -0.303946 0.952689
0.000000 -0.303946 0.952689
0.999820 0.013484 0.013348
0.999815 0.012056 0.014976
0.000000 0.704693 -0.709512
0.000000 0.704693 -0.709513
-0.999820 0.013511 0.013331
-0.999820 0.011886 0.014766
-0.000000 -0.707007 0.707207
0.000000 -0.707007 0.707207
-0.000001 -0.707006 0.707207
0.999897 0.013636 -0.004435
0.999826 0.011421 -0.014717
0.999715 0.006013 -0.023115
0.999358 0.009019 -0.034669
0.999415 0.000000 -0.034206
-1.000000 0.000000 0.000000
-0.999715 0.006013 -0.023116
-0.999891 0.011824 -0.008799
-0.999864 0.012510 -0.010740
-0.999415 0.000000 -0.034207
-0.999358 0.009019 -0.034669
0.000000 0.975077 0.221867
0.000000 0.116919 -0.993141
0.000001 0.000000 -1.000000
0.000001 0.000002 -1.000000
0.000000 0.233837 -0.972276
0.999839 0.014088 0.011072
0.999850 0.016970 0.003349
0.000000 0.537609 -0.843194
0.000000 0.537609 -0.843194
-0.999803 0.015594 0.012257
-0.999845 0.017025 0.004451
-0.000001 -0.303947 0.952689
-0.000001 -0.303947 0.952689
0.000000 -0.303947 0.952689
0.999820 0.013484 0.013349
0.999815 0.012056 0.014977
0.000000 0.704693 -0.709513
-0.999820 0.013511 0.013331
-0.999820 0.011887 0.014766
-0.000000 -0.707005 0.707208
0.000000 -0.707005 0.707208
-0.000001 -0.707005 0.707208
0.999897 0.013636 -0.004435
0.999826 0.011421 -0.014716
0.999715 0.006013 -0.023115
0.999358 0.009019 -0.034669
-0.999715 0.006013 -0.023116
-0.999891 0.011824 -0.008799
-0.999864 0.012510 -0.010739
-0.999358 0.009019 -0.034669
-0.000000 0.975077 0.221867
-0.000000 0.975077 0.221867
0.000000 0.975077 0.221866
0.000000 0.627055 0.778975
0.000000 0.627055 0.778975
0.000000 0.116918 -0.993142
0.000000 0.233836 -0.972276
0.999839 0.014088 0.011072
0.999850 0.016970 0.003350
0.000001 0.537610 -0.843194
0.000001 0.537610 -0.843194
-0.999803 0.015594 0.012257
-0.999845 0.017024 0.004452
-0.000001 -0.303946 0.952689
0.000000 -0.303946 0.952689
-0.000001 -0.303946 0.952689
0.999820 0.013484 0.013349
0.999815 0.012056 0.014977
0.000000 0.704694 -0.709511
0.000000 0.704694 -0.709511
-0.999820 0.013510 0.013333
-0.999820 0.011883 0.014769
0.000000 -0.707006 0.707207
0.999897 0.013637 -0.004435
0.999826 0.011421 -0.014717
0.999715 0.006004 -0.023115
0.999358 0.009005 -0.034668
-1.000000 0.000009 -0.000011
-0.999715 0.006013 -0.023115
-0.999891 0.011828 -0.008805
-0.999864 0.012521 -0.010755
-0.999415 0.000000 -0.034206
-0.999358 0.009019 -0.034669
0.000000 0.975077 0.221867
0.000000 0.975077 0.221867
0.999839 0.014088 0.011072
0.999850 0.016970 0.003349
-0.999803 0.015595 0.012257
-0.999845 0.017026 0.004449
-0.000001 -0.303947 0.952689
-0.000001 -0.303947 0.952689
0.000000 -0.303947 0.952689
0.999820 0.013484 0.013348
0.999815 0.012056 0.014976
-0.999820 0.013511 0.013331
-0.000000 -0.707005 0.707208
0.000000 -0.707005 0.707208
-0.000001 -0.707005 0.707208
144
1 0 1 2 0 1 2 1
1 2 3 0 2 3 0 1
1 3 2 4 3 2 4 1
1 4 5 3 4 5 3 1
1 6 7 8 6 7 8 1
1 8 9 6 8 9 6 1
1 7 10 11 7 10 11 1
1 11 8 7 11 8 7 1
1 12 13 14 12 12 12 1
1 14 15 12 12 12 12 1
1 13 16 17 12 12 12 1
1 17 14 13 12 12 12 1
1 18 19 20 13 13 13 1
1 20 21 18 13 13 13 1
1 22 23 24 14 14 14 1
1 24 25 22 14 15 14 1
1 26 27 28 16 16 16 1
1 28 29 26 16 16 16 1
1 30 31 32 17 18 18 1
1 32 33 30 18 19 17 1
1 1 34 35 1 20 21 1
1 35 2 1 21 2 1 1
1 33 36 37 19 22 23 1
1 37 30 33 23 17 19 1
1 8 38 39 8 24 25 1
1 39 9 8 25 9 8 1
1 40 41 42 26 27 26 1
1 42 43 40 26 28 26 1
1 44 45 35 29 30 21 1
1 35 34 44 21 20 29 1
1 46 47 37 31 32 23 1
1 37 36 46 23 22 31 1
1 48 49 39 33 34 25 1
1 39 38 48 25 24 33 1
1 26 29 42 35 36 35 2
1 42 41 26 35 37 35 2
1 50 51 52 0 38 39 1
1 52 53 50 39 40 0 1
1 53 52 54 40 39 41 1
1 54 55 53 41 42 40 1
1 56 57 58 43 44 45 1
1 58 59 56 45 46 43 1
1 57 60 61 44 47 48 1
1 61 58 57 48 45 44 1
1 62 63 64 12 12 12 1
1 64 65 62 12 12 12 1
1 63 66 67 12 12 12 1
1 67 64 63 12 12 12 1
1 68 69 70 13 13 13 1
1 70 71 68 13 13 13 1
1 72 73 74 49 49 49 1
1 74 75 72 49 49 49 1
1 76 77 78 16 16 16 1
1 78 79 76 16 16 16 1
1 80 81 82 50 51 52 1
1 82 83 80 52 53 50 1
1 51 84 85 38 54 55 1
1 85 52 51 55 39 38 1
1 83 86 87 53 56 57 1
1 87 80 83 57 50 53 1
1 58 88 89 45 58 59 1
1 89 59 58 59 46 45 1
1 90 91 92 60 61 60 1
1 92 93 90 60 62 60 1
1 94 95 85 63 64 55 1
1 85 84 94 55 54 63 1
1 96 97 87 65 65 57 1
1 87 86 96 57 56 65 1
1 98 99 89 66 67 59 1
1 89 88 98 59 58 66 1
1 76 79 92 68 69 68 2
1 92 91 76 68 70 68 2
1 100 101 102 0 71 72 1
1 102 103 100 72 73 0 1
1 103 102 104 73 72 74 1
1 104 105 103 74 42 73 1
1 106 107 108 43 75 76 1
1 108 109 106 76 77 43 1
1 107 110 111 75 47 78 1
1 111 108 107 78 76 75 1
1 112 113 114 12 12 12 1
1 114 115 112 12 12 12 1
1 113 116 117 12 12 12 1
1 117 114 113 12 12 12 1
1 118 119 120 13 13 13 1
1 120 121 118 13 13 13 1
1 122 123 124 79 80 79 1
1 124 125 122 79 81 79 1
1 126 127 128 82 82 82 1
1 128 129 126 82 83 82 1
1 130 131 132 84 18 18 1
1 132 133 130 18 85 84 1
1 101 134 135 71 86 87 1
1 135 102 101 87 72 71 1
1 133 136 137 85 88 89 1
1 137 130 133 89 84 85 1
1 108 138 139 76 90 91 1
1 139 109 108 91 77 76 1
1 140 141 142 92 93 92 1
1 142 143 140 92 94 92 1
1 144 145 135 95 96 87 1
1 135 134 144 87 86 95 1
1 146 147 137 97 98 89 1
1 137 136 146 89 88 97 1
1 148 149 139 99 100 91 1
1 139 138 148 91 90 99 1
1 126 129 142 101 101 101 2
1 142 141 126 101 101 101 2
1 150 151 152 0 102 103 1
1 152 153 150 103 104 0 1
1 153 152 154 104 103 105 1
1 154 155 153 105 5 104 1
1 156 157 158 106 107 108 1
1 158 159 156 108 109 106 1
1 157 160 161 107 110 111 1
1 161 158 157 111 108 107 1
1 162 163 164 12 12 12 1
1 164 165 162 12 12 12 1
1 163 166 167 12 12 12 1
1 167 164 163 12 12 12 1
1 168 169 170 13 13 13 1
1 170 171 168 13 13 13 1
1 172 173 174 112 112 112 1
1 174 175 172 112 113 112 1
1 176 177 178 16 16 16 1
1 178 179 176 16 16 16 1
1 180 181 182 17 18 18 1
1 182 183 180 18 19 17 1
1 151 184 185 102 114 115 1
1 185 152 151 115 103 102 1
1 183 186 187 19 22 23 1
1 187 180 183 23 17 19 1
1 158 188 189 108 116 117 1
1 189 159 158 117 109 108 1
1 190 191 192 118 119 118 1
1 192 193 190 118 120 118 1
1 194 195 185 121 122 115 1
1 185 184 194 115 114 121 1
1 196 197 187 31 32 23 1
1 187 186 196 23 22 31 1
1 198 199 189 123 34 117 1
1 189 188 198 117 116 123 1
1 176 179 192 124 125 124 2
1 192 191 176 124 126 124 2
"Box0113" 1 2
24
1 -5.791159 4.876759 0.151432 -8.467322 0.379994 -1
1 -1.843816 4.873887 0.065680 -2.313145 0.381320 -1
1 -1.843816 4.991175 0.095987 -2.313145 0.181683 -1
1 -5.791159 4.994046 0.181739 -8.467322 0.182134 -1
1 1.856920 4.819057 0.218734 3.456555 0.380620 -1
1 1.856920 4.936345 0.249041 3.456555 0.180983 -1
1 5.630067 4.921140 0.142802 9.339150 0.380299 -1
1 5.630067 5.038428 0.173109 9.339150 0.182438 -1
1 -5.791159 5.341416 0.458124 -8.467322 0.379994 -1
1 -1.843816 5.402082 0.404051 -2.313145 0.381320 -1
1 -1.843816 5.523213 0.405491 -2.313145 0.181683 -1
1 -5.791159 5.462548 0.459565 -8.467322 0.182134 -1
1 1.856920 5.285885 0.517005 3.456555 0.380620 -1
1 1.856920 5.407017 0.518446 3.456555 0.180983 -1
1 5.630067 5.384471 0.455694 9.339150 0.380299 -1
1 5.630067 5.505603 0.457134 9.339150 0.182438 -1
1 -5.791159 5.044141 0.199278 -8.467322 0.379994 -1
1 -1.843816 5.114756 0.150735 -2.313145 0.381320 -1
1 -1.843816 5.235887 0.152176 -2.313145 0.181683 -1
1 -5.791159 5.165273 0.200718 -8.467322 0.182134 -1
1 1.856920 4.988610 0.289001 3.456555 0.380620 -1
1 1.856920 5.109741 0.290442 3.456555 0.180983 -1
1 5.630067 5.087197 0.208254 9.339150 0.380299 -1
1 5.630067 5.208328 0.209695 9.339150 0.182438 -1
23
0.020847 -0.250129 0.967988
-0.022200 -0.250121 0.967960
-0.000672 -0.250183 0.968198
0.002929 -0.250181 0.968195
-0.020401 -0.250131 0.967997
0.026244 -0.250095 0.967866
0.026244 -0.250096 0.967865
0.013879 -0.011892 0.999833
-0.015963 -0.011891 0.999802
-0.001040 -0.011893 0.999929
0.013879 -0.011892 0.999833
0.000745 -0.011891 0.999929
-0.015071 -0.011890 0.999816
0.016557 -0.011888 0.999792
0.016557 -0.011889 0.999792
0.012508 -0.011891 0.999851
-0.020995 -0.011889 0.999709
-0.004241 -0.011891 0.999920
0.012508 -0.011892 0.999851
0.001891 -0.011891 0.999928
-0.017931 -0.011890 0.999769
0.021705 -0.011887 0.999694
0.021705 -0.011888 0.999694
18
1 0 1 2 0 1 2 1
1 2 3 0 2 0 0 1
1 1 4 5 1 3 4 1
1 5 2 1 4 2 1 1
1 4 6 7 3 5 6 1
1 7 5 4 6 4 3 1
1 8 9 10 7 8 9 1
1 10 11 8 9 10 7 1
1 9 12 13 8 11 12 1
1 13 10 9 12 9 8 1
1 12 14 15 11 13 14 1
1 15 13 12 14 12 11 1
1 16 17 18 15 16 17 1
1 18 19 16 17 18 15 1
1 17 20 21 16 19 20 1
1 21 18 17 20 17 16 1
1 20 22 23 19 21 22 1
1 23 21 20 22 20 19 1

Materials: 4
"_1_-_Default"
0.584314 0.584314 0.584314 1.000000
0.584314 0.584314 0.584314 1.000000
0.894118 0.894118 0.894118 1.000000
0.000000 0.000000 0.000000 1.000000
125.440002
1.000000
"CON_33.tga"
""
"_2_-_Default"
0.584314 0.584314 0.584314 1.000000
0.584314 0.584314 0.584314 1.000000
0.894118 0.894118 0.894118 1.000000
0.000000 0.000000 0.000000 1.000000
125.440002
1.000000
"ROSTY_9.tga"
""
"_3_-_Default"
0.584314 0.584314 0.584314 1.000000
0.584314 0.584314 0.584314 1.000000
0.894118 0.894118 0.894118 1.000000
0.000000 0.000000 0.000000 1.000000
125.440002
1.000000
"DRAHT.tga"
""
"Material"
0.117647 0.117647 0.117647 1.000000
0.752941 0.752941 0.752941 1.000000
0.752941 0.752941 0.752941 1.000000
0.000000 0.000000 0.000000 1.000000
125.440002
1.000000
""
""

Bones: 0
GroupComments: 0
MaterialComments: 0
BoneComments: 0
ModelComment: 0
