// MilkShape 3D ASCII

Frames: 30
Frame: 1

Meshes: 3
"Box0111" 1 0
100
1 -6.051711 0.011477 0.091061 2.350002 0.183204 -1
1 -2.661636 0.011477 0.233278 1.309054 0.230152 -1
1 -2.661636 0.011477 0.669070 1.309054 0.374013 -1
1 -6.051711 0.011477 0.526852 2.350002 0.327065 -1
1 -2.661636 4.739239 0.741174 -0.309054 0.397816 -1
1 -2.661636 4.739239 0.305383 -0.309054 0.253955 -1
1 -6.051711 4.652204 0.091061 -1.350002 0.183204 -1
1 -6.051711 4.652204 0.526852 -1.350002 0.327065 -1
1 -2.661636 0.011477 0.669070 -0.309054 0.687061 -1
1 -2.661636 2.478512 0.669070 -0.309054 0.155354 -1
1 -6.051711 2.478512 0.526852 -1.350002 0.155354 -1
1 -6.051711 0.011477 0.526852 -1.350002 0.687061 -1
1 5.998159 0.011477 0.091061 0.816795 0.687061 -1
1 5.998159 2.478512 0.091061 0.816795 0.155354 -1
1 5.998159 2.478512 0.526852 0.672934 0.155354 -1
1 5.998159 0.011477 0.526852 0.672934 0.687061 -1
1 1.634696 0.011477 0.162076 -0.010168 0.687061 -1
1 1.634696 2.478512 0.162076 -0.010168 0.155354 -1
1 5.998159 2.478512 0.091061 -1.350002 0.155354 -1
1 5.998159 0.011477 0.091061 -1.350002 0.687061 -1
1 -6.051711 0.011477 0.526852 0.327065 0.687061 -1
1 -6.051711 2.478512 0.526852 0.327065 0.155354 -1
1 -6.051711 2.478512 0.091061 0.183204 0.155354 -1
1 -6.051711 0.011477 0.091061 0.183204 0.687061 -1
1 1.634696 0.011477 0.162076 -0.010168 0.206648 -1
1 1.634696 0.011477 0.597867 -0.010168 0.350509 -1
1 1.634696 4.604979 0.479640 1.010168 0.311480 -1
1 1.634696 4.604979 0.043849 1.010168 0.167619 -1
1 1.634696 0.011477 0.597867 1.010168 0.687061 -1
1 1.634696 2.478512 0.597867 1.010168 0.155354 -1
1 -6.051711 0.011477 0.091061 2.350002 0.687061 -1
1 -6.051711 2.478512 0.091061 2.350002 0.155354 -1
1 -2.661636 2.478512 0.233278 1.309054 0.155354 -1
1 -2.661636 0.011477 0.233278 1.309054 0.687061 -1
1 5.998159 0.011477 0.091061 -1.350002 0.183205 -1
1 5.998159 0.011477 0.526852 -1.350002 0.327066 -1
1 5.998159 4.710591 0.526852 2.350002 0.327066 -1
1 5.998159 4.710591 0.091061 2.350002 0.183205 -1
1 5.998159 0.011477 0.526852 2.350002 0.687061 -1
1 5.998159 2.478512 0.526852 2.350002 0.155354 -1
1 -2.661636 4.739239 0.741174 -0.309054 -0.331888 -1
1 -6.051711 4.652204 0.526852 -1.350002 -0.325714 -1
1 5.998159 4.710591 0.091061 0.816795 -0.325714 -1
1 5.998159 4.710591 0.526852 0.672934 -0.325714 -1
1 1.634696 4.604979 0.043849 -0.010168 -0.302951 -1
1 5.998159 4.710591 0.091061 -1.350002 -0.325714 -1
1 -6.051711 4.652204 0.526852 0.327065 -0.325714 -1
1 -6.051711 4.652204 0.091061 0.183204 -0.325714 -1
1 1.634696 4.604979 0.479640 1.010168 -0.302951 -1
1 -6.051711 4.652204 0.091061 2.350002 -0.325714 -1
1 -2.661636 4.739239 0.305383 1.309054 -0.331888 -1
1 5.998159 4.710591 0.526852 2.350002 -0.325714 -1
1 6.490595 0.011477 0.015551 0.434351 0.401611 -1
1 6.490595 0.011477 0.611638 0.434351 0.598389 -1
1 5.961148 0.011477 0.611638 0.565649 0.598389 -1
1 5.961148 0.011477 0.015551 0.565649 0.401611 -1
1 6.490595 4.899678 0.015551 0.565649 0.401611 -1
1 5.961148 4.899678 0.015551 0.434351 0.401611 -1
1 5.961148 4.901643 0.611638 0.434351 0.598389 -1
1 6.490595 4.901643 0.611638 0.565649 0.598389 -1
1 6.490595 4.901643 0.611638 0.565649 -0.009490 -1
1 5.961148 4.901643 0.611638 0.434351 -0.009490 -1
1 5.961148 0.011477 0.611638 0.434351 0.999500 -1
1 6.490595 0.011477 0.611638 0.565649 0.999500 -1
1 6.490595 4.899678 0.015551 0.598389 -0.009490 -1
1 6.490595 4.901643 0.611638 0.401611 -0.009490 -1
1 6.490595 0.011477 0.611638 0.401611 0.999500 -1
1 6.490595 0.011477 0.015551 0.598389 0.999500 -1
1 5.961148 4.899678 0.015551 0.565649 -0.009490 -1
1 6.490595 4.899678 0.015551 0.434351 -0.009490 -1
1 6.490595 0.011477 0.015551 0.434351 0.999500 -1
1 5.961148 0.011477 0.015551 0.565649 0.999500 -1
1 5.961148 4.901643 0.611638 0.598389 -0.009490 -1
1 5.961148 4.899678 0.015551 0.401611 -0.009490 -1
1 5.961148 0.011477 0.015551 0.401611 0.999500 -1
1 5.961148 0.011477 0.611638 0.598389 0.999500 -1
1 -5.961147 0.011477 0.015551 0.434351 0.401611 -1
1 -5.961147 0.011477 0.611638 0.434351 0.598389 -1
1 -6.490594 0.011477 0.611638 0.565649 0.598389 -1
1 -6.490594 0.011477 0.015551 0.565649 0.401611 -1
1 -5.961147 4.899678 0.015551 0.565649 0.401611 -1
1 -6.490594 4.899678 0.015551 0.434351 0.401611 -1
1 -6.490594 4.901643 0.611638 0.434351 0.598389 -1
1 -5.961147 4.901643 0.611638 0.565649 0.598389 -1
1 -5.961147 4.901643 0.611638 0.565649 -0.009490 -1
1 -6.490594 4.901643 0.611638 0.434351 -0.009490 -1
1 -6.490594 0.011477 0.611638 0.434351 0.999500 -1
1 -5.961147 0.011477 0.611638 0.565649 0.999500 -1
1 -5.961147 4.899678 0.015551 0.598389 -0.009490 -1
1 -5.961147 4.901643 0.611638 0.401611 -0.009490 -1
1 -5.961147 0.011477 0.611638 0.401611 0.999500 -1
1 -5.961147 0.011477 0.015551 0.598389 0.999500 -1
1 -6.490594 4.899678 0.015551 0.565649 -0.009490 -1
1 -5.961147 4.899678 0.015551 0.434351 -0.009490 -1
1 -5.961147 0.011477 0.015551 0.434351 0.999500 -1
1 -6.490594 0.011477 0.015551 0.565649 0.999500 -1
1 -6.490594 4.901643 0.611638 0.598389 -0.009490 -1
1 -6.490594 4.899678 0.015551 0.401611 -0.009490 -1
1 -6.490594 0.011477 0.015551 0.401611 0.999500 -1
1 -6.490594 0.011477 0.611638 0.598389 0.999500 -1
36
0.000000 -1.000000 0.000000
-0.006701 0.999978 0.000000
0.012273 0.999925 0.000000
-0.025665 0.999671 0.000000
-0.022428 0.000000 0.999748
0.004274 -0.001363 0.999990
-0.047210 -0.007964 0.998853
-0.041914 0.000000 0.999121
1.000000 0.000000 0.000000
-0.016372 -0.000000 -0.999866
-0.024119 -0.013181 -0.999622
-0.009497 -0.013881 -0.999859
-0.016273 -0.000000 -0.999868
-1.000000 0.000000 0.000000
0.012762 0.999919 0.000000
-0.005722 0.999984 0.000000
0.016471 0.000000 0.999864
0.011636 0.018509 0.999761
0.041914 -0.000000 -0.999121
0.041914 -0.000000 -0.999121
0.025825 0.010621 -0.999610
0.002925 -0.000000 -0.999996
-0.024197 0.999707 0.000000
0.016273 0.000000 0.999868
0.016273 0.000000 0.999868
-0.015106 -0.021257 0.999660
-0.063095 0.000000 0.998008
-0.022625 -0.036999 -0.999059
0.010819 -0.000000 -0.999941
0.021407 0.026431 0.999421
0.052091 0.015911 -0.998516
-0.005581 0.002768 -0.999981
0.002064 0.027768 0.999612
0.000000 0.999995 -0.003296
0.000000 0.000000 1.000000
0.000000 -0.000000 -1.000000
68
1 0 1 2 0 0 0 1
1 2 3 0 0 0 0 1
1 4 5 6 1 2 3 1
1 6 7 4 3 3 1 1
1 8 9 10 4 5 6 1
1 10 11 8 6 7 4 1
1 12 13 14 8 8 8 1
1 14 15 12 8 8 8 1
1 16 17 18 9 10 11 1
1 18 19 16 11 12 9 1
1 20 21 22 13 13 13 1
1 22 23 20 13 13 13 1
1 24 25 2 0 0 0 1
1 2 1 24 0 0 0 1
1 26 27 5 14 15 2 1
1 5 4 26 2 1 14 1
1 28 29 9 16 17 5 1
1 9 8 28 5 4 16 1
1 30 31 32 18 19 20 1
1 32 33 30 20 21 18 1
1 33 32 17 21 20 10 1
1 17 16 33 10 9 21 1
1 34 35 25 0 0 0 1
1 25 24 34 0 0 0 1
1 36 37 27 22 22 15 1
1 27 26 36 15 14 22 1
1 38 39 29 23 24 17 1
1 29 28 38 17 16 23 1
1 40 41 10 25 26 6 1
1 10 9 40 6 5 25 1
1 42 43 14 8 8 8 1
1 14 13 42 8 8 8 1
1 44 45 18 27 28 11 1
1 18 17 44 11 10 27 1
1 46 47 22 13 13 13 1
1 22 21 46 13 13 13 1
1 48 40 9 29 25 5 1
1 9 29 48 5 17 29 1
1 49 50 32 30 31 20 1
1 32 31 49 20 19 30 1
1 50 44 17 31 27 10 1
1 17 32 50 10 20 31 1
1 51 48 29 32 29 17 1
1 29 39 51 17 24 32 1
1 52 53 54 0 0 0 1
1 54 55 52 0 0 0 1
1 56 57 58 33 33 33 1
1 58 59 56 33 33 33 1
1 60 61 62 34 34 34 1
1 62 63 60 34 34 34 1
1 64 65 66 8 8 8 1
1 66 67 64 8 8 8 1
1 68 69 70 35 35 35 1
1 70 71 68 35 35 35 1
1 72 73 74 13 13 13 1
1 74 75 72 13 13 13 1
1 76 77 78 0 0 0 1
1 78 79 76 0 0 0 1
1 80 81 82 33 33 33 1
1 82 83 80 33 33 33 1
1 84 85 86 34 34 34 1
1 86 87 84 34 34 34 1
1 88 89 90 8 8 8 1
1 90 91 88 8 8 8 1
1 92 93 94 35 35 35 1
1 94 95 92 35 35 35 1
1 96 97 98 13 13 13 1
1 98 99 96 13 13 13 1
"Box0112" 1 1
200
1 5.651315 4.686964 0.130109 0.994659 1.130478 -1
1 5.651315 4.714310 0.130109 0.994659 1.085341 -1
1 5.651315 4.773715 0.199310 0.880438 0.987288 -1
1 5.651315 4.686964 0.154768 0.953958 1.130478 -1
1 5.663199 4.704846 0.501980 0.380860 1.100961 -1
1 5.663198 4.686964 0.501980 0.380860 1.130478 -1
1 5.548500 4.686964 0.130109 0.005341 1.130478 -1
1 5.548500 4.686964 0.154768 0.046042 1.130478 -1
1 5.548500 4.773715 0.199310 0.119562 0.987288 -1
1 5.548500 4.714310 0.130109 0.005341 1.085341 -1
1 5.536616 4.686964 0.501980 0.619140 1.130478 -1
1 5.536616 4.704846 0.501980 0.619140 1.100961 -1
1 5.651315 4.686964 0.130109 -9.001652 0.005341 -1
1 5.651315 4.686964 0.154768 -9.001652 0.046042 -1
1 5.548500 4.686964 0.154768 -8.831947 0.046042 -1
1 5.548500 4.686964 0.130109 -8.831947 0.005341 -1
1 5.663198 4.686964 0.501980 -9.021266 0.619140 -1
1 5.536616 4.686964 0.501980 -8.812332 0.619140 -1
1 5.663198 4.686964 0.501980 10.021266 1.130478 -1
1 5.663199 4.704846 0.501980 10.021266 1.100961 -1
1 5.536616 4.704846 0.501980 9.812332 1.100961 -1
1 5.536616 4.686964 0.501980 9.812332 1.130478 -1
1 5.663199 4.704846 0.501980 10.021266 0.619140 -1
1 5.651315 4.773715 0.199310 10.001652 0.119562 -1
1 5.548500 4.773715 0.199310 9.831947 0.119562 -1
1 5.536616 4.704846 0.501980 9.812332 0.619140 -1
1 5.634898 5.492167 0.623250 9.974554 -0.198570 -1
1 5.634898 5.513043 0.606446 9.974554 -0.233028 -1
1 5.564917 5.513043 0.606446 9.859044 -0.233028 -1
1 5.564917 5.492167 0.623250 9.859044 -0.198570 -1
1 5.651315 4.714310 0.130109 -9.001652 1.085341 -1
1 5.651315 4.686964 0.130109 -9.001652 1.130478 -1
1 5.548500 4.686964 0.130109 -8.831947 1.130478 -1
1 5.548500 4.714310 0.130109 -8.831947 1.085341 -1
1 5.642632 5.221839 0.317219 0.685820 0.247626 -1
1 5.642632 5.206092 0.337256 0.652748 0.273619 -1
1 5.557183 5.221839 0.317219 -8.846279 0.247626 -1
1 5.642632 5.221839 0.317219 -8.987319 0.247626 -1
1 5.557183 5.206092 0.337256 0.347252 0.273619 -1
1 5.557183 5.221839 0.317219 0.314180 0.247626 -1
1 5.651315 4.773715 0.199310 10.001652 0.987288 -1
1 5.642632 5.206092 0.337256 9.987319 0.273619 -1
1 5.557183 5.206092 0.337256 9.846279 0.273619 -1
1 5.548500 4.773715 0.199310 9.831947 0.987288 -1
1 5.634898 5.513043 0.606446 0.208431 -0.233028 -1
1 5.634898 5.492167 0.623250 0.180693 -0.198570 -1
1 5.564917 5.513043 0.606446 -8.859044 -0.233028 -1
1 5.634898 5.513043 0.606446 -8.974554 -0.233028 -1
1 5.564917 5.492167 0.623250 0.819307 -0.198570 -1
1 5.564917 5.513043 0.606446 0.791569 -0.233028 -1
1 1.885809 4.602213 0.084571 1.069825 1.270366 -1
1 1.885809 4.629559 0.084571 1.069825 1.225229 -1
1 1.885809 4.688964 0.153772 0.955604 1.127176 -1
1 1.885809 4.602213 0.109229 1.029124 1.270366 -1
1 1.897692 4.620095 0.456441 0.456026 1.240849 -1
1 1.897692 4.602213 0.456441 0.456026 1.270366 -1
1 1.782994 4.602213 0.084571 -0.069825 1.270366 -1
1 1.782994 4.602213 0.109229 -0.029124 1.270366 -1
1 1.782994 4.688964 0.153772 0.044396 1.127176 -1
1 1.782994 4.629559 0.084571 -0.069825 1.225229 -1
1 1.771110 4.602213 0.456441 0.543974 1.270366 -1
1 1.771110 4.620095 0.456441 0.543974 1.240849 -1
1 1.885809 4.602213 0.084571 -2.786405 -0.069825 -1
1 1.885809 4.602213 0.109229 -2.786405 -0.029124 -1
1 1.782994 4.602213 0.109229 -2.616701 -0.029124 -1
1 1.782994 4.602213 0.084571 -2.616701 -0.069825 -1
1 1.897692 4.602213 0.456441 -2.806020 0.543974 -1
1 1.771110 4.602213 0.456441 -2.597086 0.543974 -1
1 1.897692 4.602213 0.456441 3.806020 1.270366 -1
1 1.897692 4.620095 0.456441 3.806020 1.240849 -1
1 1.771110 4.620095 0.456441 3.597086 1.240849 -1
1 1.771110 4.602213 0.456441 3.597086 1.270366 -1
1 1.897692 4.620095 0.456441 3.806020 0.543974 -1
1 1.885809 4.688964 0.153772 3.786405 0.044396 -1
1 1.782994 4.688964 0.153772 3.616701 0.044396 -1
1 1.771110 4.620095 0.456441 3.597086 0.543974 -1
1 1.869392 5.407416 0.577712 3.759308 -0.058682 -1
1 1.869392 5.428292 0.560907 3.759308 -0.093140 -1
1 1.799410 5.428292 0.560907 3.643798 -0.093140 -1
1 1.799410 5.407416 0.577712 3.643798 -0.058682 -1
1 1.885809 4.629559 0.084571 -2.786405 1.225229 -1
1 1.885809 4.602213 0.084571 -2.786405 1.270366 -1
1 1.782994 4.602213 0.084571 -2.616701 1.270366 -1
1 1.782994 4.629559 0.084571 -2.616701 1.225229 -1
1 1.877126 5.137088 0.271681 0.760986 0.387514 -1
1 1.877126 5.121340 0.291717 0.727914 0.413507 -1
1 1.791677 5.137088 0.271681 -2.631033 0.387514 -1
1 1.877126 5.137088 0.271681 -2.772073 0.387514 -1
1 1.791677 5.121340 0.291717 0.272086 0.413507 -1
1 1.791677 5.137088 0.271681 0.239014 0.387514 -1
1 1.885809 4.688964 0.153772 3.786405 1.127176 -1
1 1.877126 5.121340 0.291717 3.772073 0.413507 -1
1 1.791677 5.121340 0.291717 3.631033 0.413507 -1
1 1.782994 4.688964 0.153772 3.616701 1.127176 -1
1 1.869392 5.428292 0.560907 0.283597 -0.093140 -1
1 1.869392 5.407416 0.577712 0.255859 -0.058682 -1
1 1.799410 5.428292 0.560907 -2.643798 -0.093140 -1
1 1.869392 5.428292 0.560907 -2.759308 -0.093140 -1
1 1.799410 5.407416 0.577712 0.744141 -0.058682 -1
1 1.799410 5.428292 0.560907 0.716403 -0.093140 -1
1 -1.813407 4.709586 0.281888 0.744140 1.093139 -1
1 -1.813407 4.736932 0.281888 0.744140 1.048002 -1
1 -1.813407 4.796337 0.351088 0.629920 0.949949 -1
1 -1.813407 4.709586 0.306546 0.703440 1.093139 -1
1 -1.801523 4.727468 0.653758 0.130341 1.063622 -1
1 -1.801523 4.709586 0.653758 0.130341 1.093139 -1
1 -1.916222 4.709586 0.281888 0.255859 1.093139 -1
1 -1.916222 4.709586 0.306546 0.296560 1.093139 -1
1 -1.916222 4.796337 0.351088 0.370080 0.949949 -1
1 -1.916222 4.736932 0.281888 0.255859 1.048002 -1
1 -1.928105 4.709586 0.653758 0.869659 1.093139 -1
1 -1.928105 4.727468 0.653758 0.869659 1.063622 -1
1 -1.813407 4.709586 0.281888 3.319422 0.255860 -1
1 -1.813407 4.709586 0.306546 3.319422 0.296560 -1
1 -1.916222 4.709586 0.306546 3.489126 0.296560 -1
1 -1.916222 4.709586 0.281888 3.489126 0.255859 -1
1 -1.801523 4.709586 0.653758 3.299807 0.869659 -1
1 -1.928105 4.709586 0.653758 3.508741 0.869659 -1
1 -1.801523 4.709586 0.653758 -2.299807 1.093139 -1
1 -1.801523 4.727468 0.653758 -2.299807 1.063622 -1
1 -1.928105 4.727468 0.653758 -2.508741 1.063622 -1
1 -1.928105 4.709586 0.653758 -2.508741 1.093139 -1
1 -1.801523 4.727468 0.653758 -2.299807 0.869659 -1
1 -1.813407 4.796337 0.351088 -2.319422 0.370080 -1
1 -1.916222 4.796337 0.351088 -2.489126 0.370080 -1
1 -1.928105 4.727468 0.653758 -2.508741 0.869659 -1
1 -1.829823 5.514789 0.775028 -2.346519 -0.235909 -1
1 -1.829823 5.535665 0.758224 -2.346519 -0.270367 -1
1 -1.899805 5.535665 0.758224 -2.462029 -0.270367 -1
1 -1.899805 5.514789 0.775028 -2.462029 -0.235909 -1
1 -1.813407 4.736932 0.281888 3.319422 1.048002 -1
1 -1.813407 4.709586 0.281888 3.319422 1.093139 -1
1 -1.916222 4.709586 0.281888 3.489126 1.093139 -1
1 -1.916222 4.736932 0.281888 3.489126 1.048002 -1
1 -1.822090 5.244462 0.468998 0.435302 0.210287 -1
1 -1.822090 5.228714 0.489034 0.402230 0.236280 -1
1 -1.907539 5.244462 0.468997 3.474794 0.210287 -1
1 -1.822090 5.244462 0.468998 3.333754 0.210287 -1
1 -1.907539 5.228714 0.489034 0.597770 0.236280 -1
1 -1.907539 5.244462 0.468997 0.564698 0.210287 -1
1 -1.813407 4.796337 0.351088 -2.319422 0.949949 -1
1 -1.822090 5.228714 0.489034 -2.333754 0.236280 -1
1 -1.907539 5.228714 0.489034 -2.474794 0.236280 -1
1 -1.916222 4.796337 0.351088 -2.489126 0.949949 -1
1 -1.829823 5.535665 0.758224 -0.042088 -0.270367 -1
1 -1.829823 5.514789 0.775028 -0.069825 -0.235909 -1
1 -1.899805 5.535665 0.758224 3.462029 -0.270367 -1
1 -1.829823 5.535665 0.758224 3.346519 -0.270367 -1
1 -1.899805 5.514789 0.775028 1.069825 -0.235909 -1
1 -1.899805 5.535665 0.758224 1.042088 -0.270367 -1
1 -5.759019 4.651573 0.130341 0.994280 1.188893 -1
1 -5.759019 4.678919 0.130341 0.994280 1.143756 -1
1 -5.759019 4.738324 0.199542 0.880059 1.045704 -1
1 -5.759019 4.651573 0.155000 0.953579 1.188893 -1
1 -5.747136 4.669456 0.502212 0.380481 1.159377 -1
1 -5.747136 4.651573 0.502212 0.380481 1.188893 -1
1 -5.861835 4.651573 0.130341 0.005720 1.188893 -1
1 -5.861835 4.651573 0.155000 0.046421 1.188893 -1
1 -5.861835 4.738324 0.199542 0.119941 1.045704 -1
1 -5.861835 4.678919 0.130341 0.005720 1.143756 -1
1 -5.873719 4.651573 0.502212 0.619519 1.188893 -1
1 -5.873719 4.669456 0.502212 0.619519 1.159377 -1
1 -5.759019 4.651573 0.130341 9.831946 0.005720 -1
1 -5.759019 4.651573 0.155000 9.831946 0.046421 -1
1 -5.861835 4.651573 0.155000 10.001651 0.046421 -1
1 -5.861835 4.651573 0.130341 10.001651 0.005720 -1
1 -5.747136 4.651573 0.502212 9.812332 0.619519 -1
1 -5.873719 4.651573 0.502212 10.021266 0.619519 -1
1 -5.747136 4.651573 0.502212 -8.812332 1.188893 -1
1 -5.747136 4.669456 0.502212 -8.812332 1.159377 -1
1 -5.873719 4.669456 0.502212 -9.021266 1.159377 -1
1 -5.873719 4.651573 0.502212 -9.021266 1.188893 -1
1 -5.747136 4.669456 0.502212 -8.812332 0.619519 -1
1 -5.759019 4.738324 0.199542 -8.831946 0.119941 -1
1 -5.861835 4.738324 0.199542 -9.001651 0.119941 -1
1 -5.873719 4.669456 0.502212 -9.021266 0.619519 -1
1 -5.775436 5.456777 0.623482 -8.859044 -0.140155 -1
1 -5.775436 5.477653 0.606678 -8.859044 -0.174613 -1
1 -5.845418 5.477653 0.606678 -8.974554 -0.174613 -1
1 -5.845418 5.456777 0.623482 -8.974554 -0.140155 -1
1 -5.759019 4.678919 0.130341 9.831946 1.143756 -1
1 -5.759019 4.651573 0.130341 9.831946 1.188893 -1
1 -5.861835 4.651573 0.130341 10.001651 1.188893 -1
1 -5.861835 4.678919 0.130341 10.001651 1.143756 -1
1 -5.767703 5.186448 0.317451 0.685441 0.306041 -1
1 -5.767703 5.170701 0.337488 0.652370 0.332034 -1
1 -5.853151 5.186448 0.317451 9.987319 0.306041 -1
1 -5.767703 5.186448 0.317451 9.846279 0.306041 -1
1 -5.853151 5.170701 0.337488 0.347630 0.332034 -1
1 -5.853151 5.186448 0.317451 0.314558 0.306041 -1
1 -5.759019 4.738324 0.199542 -8.831946 1.045704 -1
1 -5.767703 5.170701 0.337488 -8.846279 0.332034 -1
1 -5.853151 5.170701 0.337488 -8.987319 0.332034 -1
1 -5.861835 4.738324 0.199542 -9.001651 1.045704 -1
1 -5.775436 5.477653 0.606678 0.208052 -0.174613 -1
1 -5.775436 5.456777 0.623482 0.180315 -0.140155 -1
1 -5.845418 5.477653 0.606678 9.974554 -0.174613 -1
1 -5.775436 5.477653 0.606678 9.859044 -0.174613 -1
1 -5.845418 5.456777 0.623482 0.819685 -0.140155 -1
1 -5.845418 5.477653 0.606678 0.791948 -0.174613 -1
138
1.000000 0.000000 0.000000
0.999897 0.013636 -0.004435
0.999826 0.011421 -0.014716
0.999715 0.006004 -0.023115
0.999358 0.009005 -0.034668
0.999415 -0.000027 -0.034205
-1.000000 0.000009 -0.000011
-0.999715 0.006013 -0.023115
-0.999891 0.011828 -0.008805
-0.999864 0.012521 -0.010755
-0.999415 0.000000 -0.034206
-0.999358 0.009019 -0.034669
0.000000 -1.000000 0.000000
0.000000 0.000000 1.000000
0.000000 0.975077 0.221866
0.000000 0.975077 0.221866
0.000000 0.975077 0.221866
0.000000 0.627055 0.778975
0.000000 0.116918 -0.993142
0.000000 0.000000 -1.000000
0.000000 0.233837 -0.972276
0.999839 0.014088 0.011072
0.999850 0.016970 0.003349
0.000000 0.537610 -0.843194
0.000000 0.537610 -0.843194
-0.999803 0.015595 0.012257
-0.999845 0.017026 0.004449
-0.000001 -0.303946 0.952689
-0.000001 -0.303947 0.952689
0.000000 -0.303946 0.952689
0.999820 0.013484 0.013349
0.999815 0.012056 0.014977
0.000000 0.704694 -0.709512
0.000000 0.704694 -0.709512
-0.999820 0.013511 0.013331
-0.999820 0.011886 0.014766
-0.000000 -0.707007 0.707207
0.000000 -0.707007 0.707207
-0.000001 -0.707007 0.707207
0.999897 0.013637 -0.004436
0.999826 0.011421 -0.014716
0.999715 0.006013 -0.023115
0.999358 0.009019 -0.034669
0.999415 0.000000 -0.034206
-1.000000 0.000000 0.000000
-0.999715 0.006013 -0.023116
-0.999891 0.011824 -0.008799
-0.999864 0.012510 -0.010739
-0.999415 0.000000 -0.034207
-0.999358 0.009019 -0.034669
-0.000001 0.000000 1.000000
-0.000000 0.975077 0.221867
0.000000 0.975077 0.221867
-0.000000 0.975077 0.221867
0.000000 0.627055 0.778975
0.000000 0.116920 -0.993141
0.000001 0.000000 -1.000000
0.000001 0.000002 -1.000000
0.000000 0.233838 -0.972276
0.999839 0.014090 0.011069
0.999850 0.016971 0.003347
0.000000 0.537609 -0.843194
0.000000 0.537609 -0.843194
-0.999803 0.015594 0.012257
-0.999845 0.017024 0.004452
0.000000 -0.303947 0.952689
0.999820 0.013486 0.013347
0.999815 0.012056 0.014977
-0.999820 0.013509 0.013332
-0.999820 0.011883 0.014769
0.000000 -0.707006 0.707208
0.000000 -0.707006 0.707208
0.999897 0.013636 -0.004435
0.999826 0.011421 -0.014716
0.999715 0.006013 -0.023115
0.999358 0.009019 -0.034669
0.999415 0.000000 -0.034206
-0.999715 0.006013 -0.023116
-0.999891 0.011823 -0.008799
-0.999864 0.012510 -0.010739
-0.999415 0.000000 -0.034206
-0.999358 0.009019 -0.034669
0.000000 0.975077 0.221866
0.000000 0.975077 0.221866
0.000000 0.627057 0.778973
0.999839 0.014088 0.011072
0.999850 0.016970 0.003349
0.000001 0.345910 -0.938268
0.000001 0.345910 -0.938268
0.000000 0.345910 -0.938268
-0.999803 0.015594 0.012257
-0.999845 0.017024 0.004453
0.000000 -0.303947 0.952689
0.000000 -0.303947 0.952689
0.999820 0.013484 0.013349
0.999815 0.012056 0.014977
0.000000 0.704694 -0.709511
0.000000 0.704694 -0.709512
0.000001 0.704694 -0.709511
-0.999820 0.013510 0.013333
-0.999820 0.011884 0.014770
0.000000 -0.707006 0.707207
0.000000 -0.707006 0.707207
0.999897 0.013636 -0.004435
0.999826 0.011421 -0.014716
-0.999715 0.006013 -0.023115
-0.999891 0.011828 -0.008805
-0.999864 0.012521 -0.010755
-0.999415 0.000000 -0.034206
-0.999358 0.009019 -0.034669
-0.000001 0.000000 1.000000
-0.000001 0.000000 1.000000
-0.000001 0.000000 1.000000
-0.000000 0.975077 0.221866
-0.000000 0.975077 0.221867
-0.000001 0.627065 0.778967
-0.000001 0.627063 0.778968
0.000000 0.627066 0.778966
0.000000 0.116918 -0.993142
0.000000 0.233837 -0.972276
0.999839 0.014088 0.011072
0.999850 0.016970 0.003349
0.000000 0.537609 -0.843194
0.000000 0.537609 -0.843194
-0.999803 0.015595 0.012257
-0.999845 0.017026 0.004449
-0.000001 -0.303947 0.952689
-0.000001 -0.303947 0.952689
0.000000 -0.303947 0.952689
0.999820 0.013484 0.013349
0.999815 0.012056 0.014977
0.000001 0.704693 -0.709512
0.000001 0.704693 -0.709512
-0.999820 0.013511 0.013331
-0.999820 0.011886 0.014766
-0.000000 -0.707005 0.707208
0.000000 -0.707006 0.707208
-0.000001 -0.707005 0.707208
144
1 0 1 2 0 1 2 1
1 2 3 0 2 3 0 1
1 3 2 4 3 2 4 1
1 4 5 3 4 5 3 1
1 6 7 8 6 7 8 1
1 8 9 6 8 9 6 1
1 7 10 11 7 10 11 1
1 11 8 7 11 8 7 1
1 12 13 14 12 12 12 1
1 14 15 12 12 12 12 1
1 13 16 17 12 12 12 1
1 17 14 13 12 12 12 1
1 18 19 20 13 13 13 1
1 20 21 18 13 13 13 1
1 22 23 24 14 15 14 1
1 24 25 22 14 16 14 1
1 26 27 28 17 17 17 1
1 28 29 26 17 17 17 1
1 30 31 32 18 19 19 1
1 32 33 30 19 20 18 1
1 1 34 35 1 21 22 1
1 35 2 1 22 2 1 1
1 33 36 37 20 23 24 1
1 37 30 33 24 18 20 1
1 8 38 39 8 25 26 1
1 39 9 8 26 9 8 1
1 40 41 42 27 28 27 1
1 42 43 40 27 29 27 1
1 44 45 35 30 31 22 1
1 35 34 44 22 21 30 1
1 46 47 37 32 33 24 1
1 37 36 46 24 23 32 1
1 48 49 39 34 35 26 1
1 39 38 48 26 25 34 1
1 26 29 42 36 37 36 2
1 42 41 26 36 38 36 2
1 50 51 52 0 39 40 1
1 52 53 50 40 41 0 1
1 53 52 54 41 40 42 1
1 54 55 53 42 43 41 1
1 56 57 58 44 45 46 1
1 58 59 56 46 47 44 1
1 57 60 61 45 48 49 1
1 61 58 57 49 46 45 1
1 62 63 64 12 12 12 1
1 64 65 62 12 12 12 1
1 63 66 67 12 12 12 1
1 67 64 63 12 12 12 1
1 68 69 70 50 50 50 1
1 70 71 68 50 50 50 1
1 72 73 74 51 52 51 1
1 74 75 72 51 53 51 1
1 76 77 78 54 54 54 1
1 78 79 76 54 17 54 1
1 80 81 82 55 56 57 1
1 82 83 80 57 58 55 1
1 51 84 85 39 59 60 1
1 85 52 51 60 40 39 1
1 83 86 87 58 61 62 1
1 87 80 83 62 55 58 1
1 58 88 89 46 63 64 1
1 89 59 58 64 47 46 1
1 90 91 92 65 65 65 1
1 92 93 90 65 65 65 1
1 94 95 85 66 67 60 1
1 85 84 94 60 59 66 1
1 96 97 87 32 33 62 1
1 87 86 96 62 61 32 1
1 98 99 89 68 69 64 1
1 89 88 98 64 63 68 1
1 76 79 92 70 71 70 2
1 92 91 76 70 70 70 2
1 100 101 102 0 72 73 1
1 102 103 100 73 74 0 1
1 103 102 104 74 73 75 1
1 104 105 103 75 76 74 1
1 106 107 108 44 77 78 1
1 108 109 106 78 79 44 1
1 107 110 111 77 80 81 1
1 111 108 107 81 78 77 1
1 112 113 114 12 12 12 1
1 114 115 112 12 12 12 1
1 113 116 117 12 12 12 1
1 117 114 113 12 12 12 1
1 118 119 120 13 13 13 1
1 120 121 118 13 13 13 1
1 122 123 124 82 83 82 1
1 124 125 122 82 82 82 1
1 126 127 128 84 84 84 1
1 128 129 126 84 84 84 1
1 130 131 132 19 19 19 1
1 132 133 130 19 19 19 1
1 101 134 135 72 85 86 1
1 135 102 101 86 73 72 1
1 133 136 137 87 88 87 2
1 137 130 133 87 89 87 2
1 108 138 139 78 90 91 1
1 139 109 108 91 79 78 1
1 140 141 142 92 92 92 1
1 142 143 140 92 93 92 1
1 144 145 135 94 95 86 1
1 135 134 144 86 85 94 1
1 146 147 137 96 97 96 1
1 137 136 146 96 98 96 1
1 148 149 139 99 100 91 1
1 139 138 148 91 90 99 1
1 126 129 142 101 102 101 2
1 142 141 126 101 101 101 2
1 150 151 152 0 103 104 1
1 152 153 150 104 3 0 1
1 153 152 154 3 104 4 1
1 154 155 153 4 5 3 1
1 156 157 158 6 105 106 1
1 158 159 156 106 107 6 1
1 157 160 161 105 108 109 1
1 161 158 157 109 106 105 1
1 162 163 164 12 12 12 1
1 164 165 162 12 12 12 1
1 163 166 167 12 12 12 1
1 167 164 163 12 12 12 1
1 168 169 170 110 111 110 1
1 170 171 168 110 112 110 1
1 172 173 174 113 15 113 1
1 174 175 172 113 114 113 1
1 176 177 178 115 116 115 1
1 178 179 176 115 117 115 1
1 180 181 182 118 19 19 1
1 182 183 180 19 119 118 1
1 151 184 185 103 120 121 1
1 185 152 151 121 104 103 1
1 183 186 187 119 122 123 1
1 187 180 183 123 118 119 1
1 158 188 189 106 124 125 1
1 189 159 158 125 107 106 1
1 190 191 192 126 127 126 1
1 192 193 190 126 128 126 1
1 194 195 185 129 130 121 1
1 185 184 194 121 120 129 1
1 196 197 187 131 132 123 1
1 187 186 196 123 122 131 1
1 198 199 189 133 134 125 1
1 189 188 198 125 124 133 1
1 176 179 192 135 136 135 2
1 192 191 176 135 137 135 2
"Box0113" 1 2
24
1 -5.817935 4.870161 0.236707 -8.467322 0.379994 -1
1 -1.870591 4.867290 0.365396 -2.313145 0.381320 -1
1 -1.870591 4.984577 0.395704 -2.313145 0.181683 -1
1 -5.817935 4.987448 0.267014 -8.467322 0.182134 -1
1 1.830145 4.812459 0.177236 3.456555 0.380620 -1
1 1.830145 4.929747 0.207543 3.456555 0.180983 -1
1 5.603292 4.914542 0.228077 9.339150 0.380299 -1
1 5.603292 5.031830 0.258384 9.339150 0.182438 -1
1 -5.817935 5.334818 0.543399 -8.467322 0.379994 -1
1 -1.870591 5.395484 0.703768 -2.313145 0.381320 -1
1 -1.870591 5.516615 0.705208 -2.313145 0.181683 -1
1 -5.817935 5.455950 0.544840 -8.467322 0.182134 -1
1 1.830144 5.279286 0.475507 3.456555 0.380620 -1
1 1.830144 5.400418 0.476948 3.456555 0.180983 -1
1 5.603292 5.377873 0.540969 9.339150 0.380299 -1
1 5.603292 5.499005 0.542409 9.339150 0.182438 -1
1 -5.817935 5.037543 0.284553 -8.467322 0.379994 -1
1 -1.870591 5.108157 0.450452 -2.313145 0.381320 -1
1 -1.870591 5.229289 0.451892 -2.313145 0.181683 -1
1 -5.817935 5.158674 0.285993 -8.467322 0.182134 -1
1 1.830145 4.982012 0.247503 3.456555 0.380620 -1
1 1.830145 5.103143 0.248944 3.456555 0.180983 -1
1 5.603292 5.080599 0.293529 9.339150 0.380299 -1
1 5.603292 5.201730 0.294969 9.339150 0.182438 -1
24
-0.031731 -0.250057 0.967711
0.019752 -0.250135 0.968009
-0.006000 -0.250179 0.968181
-0.031731 -0.250057 0.967711
0.010976 -0.250168 0.968140
0.028232 -0.250085 0.967812
-0.006277 -0.250176 0.968180
-0.006277 -0.250178 0.968180
-0.040408 -0.011882 0.999113
0.027353 -0.011887 0.999555
-0.006551 -0.011891 0.999908
-0.040408 -0.011883 0.999113
0.009045 -0.011891 0.999888
0.035137 -0.011885 0.999312
-0.017035 -0.011888 0.999784
-0.017035 -0.011889 0.999784
-0.041776 -0.011881 0.999056
0.022331 -0.011887 0.999680
-0.009744 -0.011890 0.999882
-0.041776 -0.011883 0.999056
0.010198 -0.011891 0.999877
0.032287 -0.011885 0.999408
-0.011886 -0.011889 0.999859
-0.011886 -0.011890 0.999859
18
1 0 1 2 0 1 2 1
1 2 3 0 2 3 0 1
1 1 4 5 1 4 5 1
1 5 2 1 5 2 1 1
1 4 6 7 4 6 7 1
1 7 5 4 7 5 4 1
1 8 9 10 8 9 10 1
1 10 11 8 10 11 8 1
1 9 12 13 9 12 13 1
1 13 10 9 13 10 9 1
1 12 14 15 12 14 15 1
1 15 13 12 15 13 12 1
1 16 17 18 16 17 18 1
1 18 19 16 18 19 16 1
1 17 20 21 17 20 21 1
1 21 18 17 21 18 17 1
1 20 22 23 20 22 23 1
1 23 21 20 23 21 20 1

Materials: 4
"_1_-_Default"
0.584314 0.584314 0.584314 1.000000
0.584314 0.584314 0.584314 1.000000
0.894118 0.894118 0.894118 1.000000
0.000000 0.000000 0.000000 1.000000
125.440002
1.000000
"CON_33.tga"
""
"_2_-_Default"
0.584314 0.584314 0.584314 1.000000
0.584314 0.584314 0.584314 1.000000
0.894118 0.894118 0.894118 1.000000
0.000000 0.000000 0.000000 1.000000
125.440002
1.000000
"ROSTY_9.tga"
""
"_3_-_Default"
0.584314 0.584314 0.584314 1.000000
0.584314 0.584314 0.584314 1.000000
0.894118 0.894118 0.894118 1.000000
0.000000 0.000000 0.000000 1.000000
125.440002
1.000000
"DRAHT.tga"
""
"Material"
0.117647 0.117647 0.117647 1.000000
0.752941 0.752941 0.752941 1.000000
0.752941 0.752941 0.752941 1.000000
0.000000 0.000000 0.000000 1.000000
125.440002
1.000000
""
""

Bones: 0
GroupComments: 0
MaterialComments: 0
BoneComments: 0
ModelComment: 0
