// MilkShape 3D ASCII

Frames: 30
Frame: 1

Meshes: 2
"MDL-Objec1" 1 0
206
1 0.546837 0.015507 7.746112 0.197999 2.584531 -1
1 -0.546830 0.015507 7.746112 0.802001 2.584531 -1
1 -0.546831 0.015507 6.194205 0.802001 1.840935 -1
1 0.546836 0.015507 6.194205 0.197999 1.840935 -1
1 -0.546830 0.015507 7.746112 2.641271 0.925558 -1
1 -0.546830 1.184351 7.730180 2.632472 0.280038 -1
1 -0.546831 1.184350 6.194205 1.784195 0.280038 -1
1 -0.546831 0.015507 6.194205 1.784195 0.925558 -1
1 -0.546830 1.184351 7.730180 0.197999 2.636872 -1
1 0.546837 1.184351 7.730179 0.802001 2.636871 -1
1 0.546836 1.184349 6.194205 0.802001 1.788595 -1
1 -0.546831 1.184350 6.194205 0.197999 1.788595 -1
1 0.546837 1.184351 7.730179 -1.632472 0.280038 -1
1 0.546837 0.015507 7.746112 -1.641271 0.925558 -1
1 0.546836 0.015507 6.194205 -0.784195 0.925558 -1
1 0.546836 1.184349 6.194205 -0.784195 0.280038 -1
1 2.959176 0.015507 4.170007 -1.134271 0.723028 -1
1 2.412343 0.015507 5.117151 -0.832270 1.246109 -1
1 3.149088 0.015507 3.092956 -1.239155 0.128202 -1
1 1.574546 0.015507 5.820148 -0.369577 1.634354 -1
1 0.483165 0.015507 5.833108 0.233163 1.641512 -1
1 -1.574542 0.015507 5.820150 1.369577 1.634354 -1
1 -2.412339 0.015507 5.117155 1.832270 1.246109 -1
1 -2.959175 0.015507 2.015908 2.134271 -0.466624 -1
1 -2.959174 0.015506 4.170012 2.134271 0.723028 -1
1 -3.149089 0.015507 3.092960 2.239155 0.128202 -1
1 -2.412343 0.015507 1.068765 1.832270 -0.989705 -1
1 -1.574546 0.015507 0.365769 1.369577 -1.377950 -1
1 -1.391212 0.015507 0.683312 1.268327 -1.202580 -1
1 -0.546836 0.015507 -0.008288 0.802001 -1.584531 -1
1 -0.483164 0.015507 0.352809 0.766837 -1.385108 -1
1 0.546831 0.015507 -0.008289 0.197999 -1.584531 -1
1 1.574542 0.015507 0.365767 -0.369578 -1.377950 -1
1 2.412340 0.015507 1.068762 -0.832270 -0.989705 -1
1 2.131457 0.015507 1.304451 -0.677146 -0.859540 -1
1 2.959174 0.015506 2.015904 -1.134271 -0.466624 -1
1 2.959174 1.184351 2.015904 2.134271 -0.518964 -1
1 2.412340 1.184350 1.068762 1.832270 -1.042045 -1
1 2.131457 1.184350 1.304451 1.677146 -0.911881 -1
1 2.614620 1.184350 2.141312 1.943983 -0.449705 -1
1 1.574542 1.184350 0.365766 1.369578 -1.430291 -1
1 1.391209 1.184350 0.683309 1.268328 -1.254920 -1
1 0.546831 1.184350 -0.008288 0.802001 -1.636872 -1
1 0.483160 1.184350 0.352808 0.766837 -1.437448 -1
1 -0.546836 1.184350 -0.008288 0.197999 -1.636872 -1
1 -0.483165 1.184350 0.352808 0.233163 -1.437448 -1
1 -1.574546 1.184350 0.365769 -0.369577 -1.430291 -1
1 -1.391212 1.184350 0.683312 -0.268327 -1.254920 -1
1 -2.412343 1.184350 1.068765 -0.832270 -1.042046 -1
1 -2.131459 1.184350 1.304453 -0.677146 -0.911881 -1
1 -2.959176 1.184351 2.015908 -1.134271 -0.518965 -1
1 -2.614622 1.184350 2.141316 -0.943983 -0.449705 -1
1 -3.149089 1.184351 3.092960 -1.239155 0.075861 -1
1 -2.782422 1.184350 3.092960 -1.036655 0.075861 -1
1 -2.959174 1.184351 4.170012 -1.134271 0.670687 -1
1 -2.614620 1.184350 4.044604 -0.943983 0.601428 -1
1 -2.412339 1.184350 5.117155 -0.832270 1.193769 -1
1 -2.131457 1.184350 4.881466 -0.677146 1.063604 -1
1 -1.574542 1.184351 5.820150 -0.369577 1.582014 -1
1 -1.391209 1.184350 5.502607 -0.268327 1.406644 -1
1 -0.483160 1.184350 5.833109 0.233163 1.589171 -1
1 0.483165 1.184350 5.833108 0.766837 1.589171 -1
1 1.574546 1.184351 5.820147 1.369577 1.582014 -1
1 1.391212 1.184350 5.502604 1.268327 1.406644 -1
1 2.412343 1.184350 5.117151 1.832270 1.193769 -1
1 2.131459 1.184350 4.881463 1.677146 1.063604 -1
1 2.959176 1.184350 4.170007 2.134271 0.670687 -1
1 2.614621 1.184350 4.044600 1.943983 0.601428 -1
1 3.149088 1.184351 3.092956 2.239155 0.075862 -1
1 2.782421 1.184350 3.092956 2.036655 0.075862 -1
1 2.959174 0.015506 2.015904 1.523363 0.925558 -1
1 2.412340 0.015507 1.068762 2.046445 0.925558 -1
1 2.412340 1.184350 1.068762 2.046445 0.280038 -1
1 2.959174 1.184351 2.015904 1.523363 0.280038 -1
1 1.574542 1.184350 0.365766 -0.369578 0.280038 -1
1 2.412340 1.184350 1.068762 -0.832270 0.280038 -1
1 2.412340 0.015507 1.068762 -0.832270 0.925558 -1
1 1.574542 0.015507 0.365767 -0.369578 0.925558 -1
1 0.546831 1.184350 -0.008288 0.197999 0.280038 -1
1 0.546831 0.015507 -0.008289 0.197999 0.925558 -1
1 -0.546836 1.184350 -0.008288 0.802001 0.280038 -1
1 -0.546836 0.015507 -0.008288 0.802001 0.925558 -1
1 -1.574546 1.184350 0.365769 1.369577 0.280038 -1
1 -1.574546 0.015507 0.365769 1.369577 0.925558 -1
1 -2.412343 0.015507 1.068765 1.832270 0.925558 -1
1 -2.412343 1.184350 1.068765 1.832270 0.280038 -1
1 -2.959176 1.184351 2.015908 -0.523364 0.280038 -1
1 -2.412343 1.184350 1.068765 -1.046445 0.280038 -1
1 -2.412343 0.015507 1.068765 -1.046445 0.925558 -1
1 -2.959175 0.015507 2.015908 -0.523364 0.925558 -1
1 -3.149089 1.184351 3.092960 0.071462 0.280038 -1
1 -3.149089 0.015507 3.092960 0.071462 0.925558 -1
1 -2.959174 1.184351 4.170012 0.666288 0.280038 -1
1 -2.959174 0.015506 4.170012 0.666288 0.925558 -1
1 -2.412339 0.015507 5.117155 1.189369 0.925558 -1
1 -2.412339 1.184350 5.117155 1.189369 0.280038 -1
1 -1.574542 1.184351 5.820150 -0.369577 0.280038 -1
1 -2.412339 1.184350 5.117155 -0.832270 0.280038 -1
1 -2.412339 0.015507 5.117155 -0.832270 0.925558 -1
1 -1.574542 0.015507 5.820150 -0.369577 0.925558 -1
1 -0.546831 1.184350 6.194205 0.197999 0.280038 -1
1 -0.546831 0.015507 6.194205 0.197999 0.925558 -1
1 0.546837 1.184351 7.730179 0.802001 0.280038 -1
1 -0.546830 1.184351 7.730180 0.197999 0.280038 -1
1 -0.546830 0.015507 7.746112 0.197999 0.925558 -1
1 0.546837 0.015507 7.746112 0.802001 0.925558 -1
1 1.574546 1.184351 5.820147 1.369577 0.280038 -1
1 0.546836 1.184349 6.194205 0.802001 0.280038 -1
1 0.546836 0.015507 6.194205 0.802001 0.925558 -1
1 1.574546 0.015507 5.820148 1.369577 0.925558 -1
1 2.412343 0.015507 5.117151 1.832270 0.925558 -1
1 2.412343 1.184350 5.117151 1.832270 0.280038 -1
1 2.959176 1.184350 4.170007 0.333712 0.280038 -1
1 2.412343 1.184350 5.117151 -0.189369 0.280038 -1
1 2.412343 0.015507 5.117151 -0.189369 0.925558 -1
1 2.959176 0.015507 4.170007 0.333712 0.925558 -1
1 3.149088 1.184351 3.092956 0.928537 0.280038 -1
1 3.149088 0.015507 3.092956 0.928537 0.925558 -1
1 2.614620 1.184350 2.141312 1.397365 0.222240 -1
1 2.131457 1.184350 1.304451 1.859540 0.222240 -1
1 2.159171 1.347313 1.281196 1.859540 0.132240 -1
1 2.648616 1.347314 2.128939 1.397365 0.132240 -1
1 2.131457 1.184350 1.304451 -0.677146 0.222240 -1
1 1.391209 1.184350 0.683309 -0.268328 0.222240 -1
1 1.409298 1.347314 0.651979 -0.268328 0.132240 -1
1 2.159171 1.347313 1.281196 -0.677146 0.132240 -1
1 0.483160 1.184350 0.352808 0.233163 0.222240 -1
1 0.489442 1.347314 0.317180 0.233163 0.132240 -1
1 -0.483165 1.184350 0.352808 0.766837 0.222240 -1
1 -0.489447 1.347313 0.317180 0.766837 0.132240 -1
1 -1.391212 1.184350 0.683312 1.268327 0.222240 -1
1 -1.409301 1.347313 0.651981 1.268327 0.132240 -1
1 -2.131459 1.184350 1.304453 1.677146 0.222240 -1
1 -2.159173 1.347312 1.281199 1.677146 0.132240 -1
1 -2.131459 1.184350 1.304453 -0.859541 0.222240 -1
1 -2.614622 1.184350 2.141316 -0.397365 0.222240 -1
1 -2.648618 1.347314 2.128942 -0.397365 0.132240 -1
1 -2.159173 1.347312 1.281199 -0.859541 0.132240 -1
1 -2.782422 1.184350 3.092960 0.128202 0.222240 -1
1 -2.818599 1.347314 3.092960 0.128202 0.132240 -1
1 -2.614620 1.184350 4.044604 0.653769 0.222240 -1
1 -2.648616 1.347314 4.056978 0.653769 0.132240 -1
1 -2.131457 1.184350 4.881466 1.115945 0.222240 -1
1 -2.159171 1.347313 4.904721 1.115945 0.132240 -1
1 -2.131457 1.184350 4.881466 -0.677146 0.222240 -1
1 -1.391209 1.184350 5.502607 -0.268327 0.222240 -1
1 -1.409298 1.347314 5.533938 -0.268327 0.132240 -1
1 -2.159171 1.347313 4.904721 -0.677146 0.132240 -1
1 -0.483160 1.184350 5.833109 0.233163 0.222240 -1
1 -0.489442 1.347314 5.868737 0.233163 0.132240 -1
1 0.483165 1.184350 5.833108 0.766837 0.222240 -1
1 0.489447 1.347314 5.868736 0.766837 0.132240 -1
1 1.391212 1.184350 5.502604 1.268327 0.222240 -1
1 1.409301 1.347314 5.533936 1.268327 0.132240 -1
1 2.131459 1.184350 4.881463 1.677146 0.222240 -1
1 2.159173 1.347313 4.904717 1.677146 0.132240 -1
1 2.131459 1.184350 4.881463 -0.115944 0.222240 -1
1 2.614621 1.184350 4.044600 0.346231 0.222240 -1
1 2.648617 1.347314 4.056973 0.346231 0.132240 -1
1 2.159173 1.347313 4.904717 -0.115944 0.132240 -1
1 2.782421 1.184350 3.092956 0.871798 0.222240 -1
1 2.818599 1.347314 3.092956 0.871798 0.132240 -1
1 2.648617 1.347314 4.056973 0.162979 2.062327 -1
1 2.818599 1.347314 3.092956 0.500000 2.062327 -1
1 2.782421 1.479187 3.092956 0.500000 1.989497 -1
1 2.614621 1.479187 4.044600 0.162979 1.989497 -1
1 2.131459 1.479187 4.881462 -0.133393 1.989497 -1
1 2.159173 1.347313 4.904717 -0.133393 2.062327 -1
1 1.409301 1.347314 5.533936 0.992692 2.062327 -1
1 2.159173 1.347313 4.904717 1.254848 2.062327 -1
1 2.131459 1.479187 4.881462 1.254848 1.989497 -1
1 1.391212 1.479187 5.502605 0.992692 1.989497 -1
1 0.489447 1.347314 5.868736 0.671110 2.062327 -1
1 0.483165 1.479187 5.833107 0.671110 1.989497 -1
1 -0.489442 1.347314 5.868737 0.328890 2.062327 -1
1 -0.483160 1.479187 5.833109 0.328890 1.989497 -1
1 -1.409298 1.347314 5.533938 0.007308 2.062327 -1
1 -1.391209 1.479187 5.502607 0.007308 1.989497 -1
1 -2.131457 1.479187 4.881466 -0.254848 1.989497 -1
1 -2.159171 1.347313 4.904721 -0.254848 2.062327 -1
1 -2.648616 1.347314 4.056978 0.837021 2.062327 -1
1 -2.159171 1.347313 4.904721 1.133393 2.062327 -1
1 -2.131457 1.479187 4.881466 1.133393 1.989497 -1
1 -2.614620 1.479187 4.044604 0.837021 1.989497 -1
1 2.614620 1.479187 2.141312 0.837021 1.989497 -1
1 2.648616 1.347314 2.128939 0.837021 2.062327 -1
1 2.131457 1.479187 1.304451 1.133393 1.989497 -1
1 2.159171 1.347313 1.281196 1.133393 2.062327 -1
1 2.159171 1.347313 1.281196 -0.254848 2.062327 -1
1 1.409298 1.347314 0.651979 0.007308 2.062327 -1
1 1.391209 1.479187 0.683309 0.007308 1.989497 -1
1 2.131457 1.479187 1.304451 -0.254848 1.989497 -1
1 0.483160 1.479187 0.352808 0.328890 1.989497 -1
1 0.489442 1.347314 0.317180 0.328890 2.062327 -1
1 -0.483165 1.479186 0.352809 0.671110 1.989497 -1
1 -0.489447 1.347313 0.317180 0.671110 2.062327 -1
1 -1.391213 1.479187 0.683311 0.992692 1.989497 -1
1 -1.409301 1.347313 0.651981 0.992692 2.062327 -1
1 -2.131459 1.479187 1.304454 1.254848 1.989497 -1
1 -2.159173 1.347312 1.281199 1.254848 2.062327 -1
1 -2.159173 1.347312 1.281199 -0.133393 2.062327 -1
1 -2.648618 1.347314 2.128942 0.162979 2.062327 -1
1 -2.614622 1.479187 2.141316 0.162979 1.989497 -1
1 -2.131459 1.479187 1.304454 -0.133393 1.989497 -1
1 -2.782422 1.479187 3.092960 0.500000 1.989497 -1
1 -2.818599 1.347314 3.092960 0.500000 2.062327 -1
189
0.000000 -1.000000 0.000000
0.000000 -1.000000 -0.000000
0.000000 -1.000000 0.000000
0.000000 -1.000000 0.000000
-1.000000 0.000000 0.000001
-1.000000 0.000000 0.000001
-1.000000 0.000000 0.000001
0.000000 1.000000 -0.000001
-0.000000 1.000000 -0.000001
0.000000 1.000000 0.000000
0.000000 1.000000 0.000001
1.000000 -0.000000 -0.000001
1.000000 -0.000000 -0.000001
1.000000 0.000000 -0.000001
0.000000 -1.000000 0.000000
-0.000000 -1.000000 0.000000
0.000001 -1.000000 -0.000000
0.000000 -1.000000 -0.000000
0.000000 -1.000000 -0.000000
-0.000001 -1.000000 -0.000000
-0.000001 -1.000000 0.000000
-0.000002 -1.000000 0.000001
-0.000001 1.000000 -0.000000
0.000001 1.000000 -0.000001
0.000000 1.000000 -0.000001
-0.000002 1.000000 0.000001
0.000000 1.000000 0.000001
0.000000 1.000000 -0.000000
-0.000000 1.000000 0.000001
-0.000000 1.000000 0.000001
0.000000 1.000000 0.000001
0.000000 1.000000 0.000001
0.000000 1.000000 0.000001
0.000001 1.000000 0.000001
0.000001 1.000000 0.000000
0.000000 1.000000 0.000001
0.000002 1.000000 0.000000
0.000002 1.000000 0.000000
0.000001 1.000000 -0.000000
0.000002 1.000000 -0.000000
0.000001 1.000000 -0.000000
0.000001 1.000000 -0.000000
0.000000 1.000000 -0.000000
0.000000 1.000000 -0.000000
0.000001 1.000000 -0.000001
0.000000 1.000000 -0.000001
0.000000 1.000000 -0.000000
0.000001 1.000000 0.000002
-0.000001 1.000000 -0.000001
-0.000001 1.000000 -0.000000
0.000001 1.000000 0.000000
0.000000 1.000000 -0.000000
-0.000001 1.000000 -0.000000
0.000000 1.000000 0.000000
-0.000002 1.000000 0.000000
-0.000002 1.000000 0.000000
0.918006 -0.000000 -0.396567
0.866025 -0.000000 -0.500001
0.866025 -0.000000 -0.500001
0.958141 -0.000000 -0.286296
0.549951 -0.000000 -0.835197
0.642787 -0.000000 -0.766045
0.642787 -0.000000 -0.766045
0.448325 -0.000000 -0.893871
0.231131 0.000000 -0.972923
0.115565 0.000000 -0.993300
-0.115567 0.000000 -0.993300
-0.231133 0.000000 -0.972922
-0.448326 -0.000000 -0.893870
-0.549953 0.000000 -0.835196
-0.642788 0.000000 -0.766044
-0.642788 0.000000 -0.766044
-0.918006 -0.000000 -0.396566
-0.866026 0.000000 -0.500000
-0.866026 0.000000 -0.499999
-0.958142 -0.000000 -0.286295
-0.998277 -0.000000 -0.058674
-0.998277 0.000000 0.058675
-0.958141 0.000000 0.286296
-0.918005 0.000000 0.396568
-0.866025 0.000000 0.500001
-0.549952 0.000000 0.835196
-0.642787 0.000000 0.766045
-0.448324 0.000000 0.893871
-0.342019 0.000000 0.939693
-0.342019 0.000000 0.939693
0.000001 0.013630 0.999907
0.000001 0.013629 0.999907
0.000000 0.013630 0.999907
0.448326 0.000000 0.893870
0.342022 0.000000 0.939692
0.342021 0.000000 0.939692
0.549953 0.000000 0.835196
0.642788 0.000000 0.766044
0.642788 0.000000 0.766044
0.918006 -0.000000 0.396566
0.866026 0.000000 0.499999
0.866026 0.000000 0.499999
0.958142 -0.000000 0.286294
0.998277 -0.000000 0.058674
0.998277 -0.000000 -0.058675
0.896260 -0.216367 -0.387174
0.846042 -0.213582 -0.488463
0.846042 -0.213581 -0.488463
0.935445 -0.216366 -0.279514
0.627955 -0.213581 -0.748369
0.437705 -0.216366 -0.872697
0.536925 -0.216366 -0.815413
0.627955 -0.213581 -0.748369
0.112828 -0.216367 -0.969771
0.225656 -0.216367 -0.949876
-0.225658 -0.216367 -0.949876
-0.112829 -0.216367 -0.969771
-0.536925 -0.216368 -0.815411
-0.437706 -0.216368 -0.872696
-0.627956 -0.213582 -0.748368
-0.627956 -0.213583 -0.748368
-0.846042 -0.213582 -0.488462
-0.935445 -0.216366 -0.279513
-0.896261 -0.216367 -0.387172
-0.846042 -0.213582 -0.488462
-0.974630 -0.216366 0.057286
-0.974630 -0.216366 -0.057284
-0.896260 -0.216366 0.387173
-0.935445 -0.216365 0.279514
-0.846042 -0.213583 0.488463
-0.846042 -0.213581 0.488463
-0.627954 -0.213583 0.748369
-0.437705 -0.216366 0.872697
-0.536924 -0.216368 0.815413
-0.627954 -0.213584 0.748369
-0.112828 -0.216362 0.969772
-0.225656 -0.216364 0.949877
0.225658 -0.216364 0.949876
0.112829 -0.216362 0.969772
0.536926 -0.216368 0.815412
0.437706 -0.216366 0.872697
0.627956 -0.213582 0.748368
0.627956 -0.213582 0.748368
0.846043 -0.213582 0.488461
0.935445 -0.216366 0.279513
0.896261 -0.216367 0.387172
0.846043 -0.213583 0.488461
0.974630 -0.216366 -0.057285
0.974630 -0.216366 0.057284
0.924113 0.264137 0.276127
0.962823 0.264138 -0.056591
0.962823 0.264138 0.056590
0.885403 0.264138 0.382482
0.836051 0.260819 0.482693
0.836051 0.260818 0.482693
0.530421 0.264137 0.805534
0.620540 0.260819 0.739529
0.620540 0.260818 0.739529
0.432403 0.264138 0.862124
0.222924 0.264139 0.938369
0.111462 0.264139 0.958022
-0.111461 0.264138 0.958023
-0.222922 0.264137 0.938369
-0.432402 0.264138 0.862125
-0.530420 0.264139 0.805534
-0.620539 0.260818 0.739531
-0.620539 0.260818 0.739531
-0.885403 0.264137 0.382483
-0.836051 0.260817 0.482694
-0.836051 0.260817 0.482694
-0.924113 0.264137 0.276128
0.924113 0.264138 -0.276128
0.885402 0.264138 -0.382484
0.836050 0.260817 -0.482695
0.836050 0.260817 -0.482695
0.620539 0.260816 -0.739531
0.432402 0.264137 -0.862125
0.530420 0.264136 -0.805535
0.620539 0.260816 -0.739531
0.222922 0.264138 -0.938369
0.111461 0.264140 -0.958022
-0.111462 0.264142 -0.958022
-0.222924 0.264140 -0.938368
-0.432403 0.264137 -0.862125
-0.530422 0.264135 -0.805534
-0.620540 0.260816 -0.739530
-0.620540 0.260817 -0.739530
-0.836051 0.260817 -0.482694
-0.924113 0.264138 -0.276127
-0.885403 0.264138 -0.382482
-0.836051 0.260816 -0.482694
-0.962823 0.264137 -0.056590
-0.962824 0.264137 0.056592
176
1 0 1 2 0 1 2 1
1 2 3 0 2 3 0 1
1 4 5 6 4 5 4 1
1 6 7 4 4 6 4 1
1 8 9 10 7 8 9 1
1 10 11 8 9 10 7 1
1 12 13 14 11 12 11 1
1 14 15 12 11 13 11 1
1 16 17 18 14 14 15 1
1 17 19 18 14 14 15 1
1 19 3 20 14 3 14 1
1 20 18 19 14 15 14 1
1 3 2 20 3 2 14 1
1 21 22 23 14 16 17 1
1 23 2 21 17 2 14 1
1 22 24 23 16 18 17 1
1 24 25 23 18 19 17 1
1 26 27 28 14 14 14 1
1 28 23 26 14 17 14 1
1 27 29 30 14 14 14 1
1 30 28 27 14 14 14 1
1 31 30 29 14 14 14 1
1 32 33 34 14 20 14 1
1 34 31 32 14 14 14 1
1 33 35 18 20 21 15 1
1 18 34 33 15 14 20 1
1 36 37 38 22 23 24 1
1 38 39 36 24 25 22 1
1 37 40 41 23 26 27 1
1 41 38 37 27 24 23 1
1 40 42 43 26 28 29 1
1 43 41 40 29 27 26 1
1 42 44 45 28 30 31 1
1 45 43 42 31 29 28 1
1 44 46 47 30 32 33 1
1 47 45 44 33 31 30 1
1 46 48 49 32 34 35 1
1 49 47 46 35 33 32 1
1 48 50 51 34 36 37 1
1 51 49 48 37 35 34 1
1 50 52 53 36 38 39 1
1 53 51 50 39 37 36 1
1 52 54 55 38 40 41 1
1 55 53 52 41 39 38 1
1 54 56 57 40 42 43 1
1 57 55 54 43 41 40 1
1 56 58 59 42 44 45 1
1 59 57 56 45 43 42 1
1 58 11 60 44 10 46 1
1 60 59 58 46 45 44 1
1 11 10 61 10 9 47 1
1 61 60 11 47 46 10 1
1 10 62 63 9 48 49 1
1 63 61 10 49 47 9 1
1 62 64 65 48 50 51 1
1 65 63 62 51 49 48 1
1 64 66 67 50 52 53 1
1 67 65 64 53 51 50 1
1 66 68 69 52 54 55 1
1 69 67 66 55 53 52 1
1 68 36 39 54 22 25 1
1 39 69 68 25 55 54 1
1 70 71 72 56 57 58 1
1 72 73 70 58 59 56 1
1 74 75 76 60 61 62 1
1 76 77 74 62 63 60 1
1 78 74 77 64 60 63 1
1 77 79 78 63 65 64 1
1 80 78 79 66 64 65 1
1 79 81 80 65 67 66 1
1 82 80 81 68 66 67 1
1 81 83 82 67 69 68 1
1 83 84 85 69 70 71 1
1 85 82 83 71 68 69 1
1 86 87 88 72 73 74 1
1 88 89 86 74 75 72 1
1 90 86 89 76 72 75 1
1 89 91 90 75 77 76 1
1 92 90 91 78 76 77 1
1 91 93 92 77 79 78 1
1 93 94 95 79 80 80 1
1 95 92 93 80 78 79 1
1 96 97 98 81 82 82 1
1 98 99 96 82 83 81 1
1 100 96 99 84 81 83 1
1 99 101 100 83 85 84 1
1 102 103 104 86 87 86 1
1 104 105 102 86 88 86 1
1 106 107 108 89 90 91 1
1 108 109 106 91 92 89 1
1 109 110 111 92 93 94 1
1 111 106 109 94 89 92 1
1 112 113 114 95 96 97 1
1 114 115 112 97 98 95 1
1 116 112 115 99 95 98 1
1 115 117 116 98 100 99 1
1 73 116 117 59 99 100 1
1 117 70 73 100 56 59 1
1 118 119 120 101 102 103 1
1 120 121 118 103 104 101 1
1 122 123 124 105 106 107 1
1 124 125 122 107 108 105 1
1 123 126 127 106 109 110 1
1 127 124 123 110 107 106 1
1 126 128 129 109 111 112 1
1 129 127 126 112 110 109 1
1 128 130 131 111 113 114 1
1 131 129 128 114 112 111 1
1 130 132 133 113 115 116 1
1 133 131 130 116 114 113 1
1 134 135 136 117 118 119 1
1 136 137 134 119 120 117 1
1 135 138 139 118 121 122 1
1 139 136 135 122 119 118 1
1 138 140 141 121 123 124 1
1 141 139 138 124 122 121 1
1 140 142 143 123 125 126 1
1 143 141 140 126 124 123 1
1 144 145 146 127 128 129 1
1 146 147 144 129 130 127 1
1 145 148 149 128 131 132 1
1 149 146 145 132 129 128 1
1 148 150 151 131 133 134 1
1 151 149 148 134 132 131 1
1 150 152 153 133 135 136 1
1 153 151 150 136 134 133 1
1 152 154 155 135 137 138 1
1 155 153 152 138 136 135 1
1 156 157 158 139 140 141 1
1 158 159 156 141 142 139 1
1 157 160 161 140 143 144 1
1 161 158 157 144 141 140 1
1 160 118 121 143 101 104 1
1 121 161 160 104 144 143 1
1 34 28 31 14 14 14 1
1 28 30 31 14 14 14 1
1 34 23 28 14 17 14 1
1 34 20 23 14 14 17 1
1 20 2 23 14 2 17 1
1 34 18 20 14 15 14 1
1 162 163 164 145 146 147 1
1 164 165 162 147 148 145 1
1 165 166 167 148 149 150 1
1 167 162 165 150 145 148 1
1 168 169 170 151 152 153 1
1 170 171 168 153 154 151 1
1 172 168 171 155 151 154 1
1 171 173 172 154 156 155 1
1 174 172 173 157 155 156 1
1 173 175 174 156 158 157 1
1 176 174 175 159 157 158 1
1 175 177 176 158 160 159 1
1 177 178 179 160 161 162 1
1 179 176 177 162 159 160 1
1 180 181 182 163 164 165 1
1 182 183 180 165 166 163 1
1 184 164 163 167 147 146 1
1 163 185 184 146 168 167 1
1 186 184 185 169 167 168 1
1 185 187 186 168 170 169 1
1 188 189 190 171 172 173 1
1 190 191 188 173 174 171 1
1 192 190 189 175 173 172 1
1 189 193 192 172 176 175 1
1 194 192 193 177 175 176 1
1 193 195 194 176 178 177 1
1 196 194 195 179 177 178 1
1 195 197 196 178 180 179 1
1 198 196 197 181 179 180 1
1 197 199 198 180 182 181 1
1 200 201 202 183 184 185 1
1 202 203 200 185 186 183 1
1 204 202 201 187 185 184 1
1 201 205 204 184 188 187 1
1 183 204 205 166 187 188 1
1 205 180 183 188 163 166 1
"MDL-Objec2" 1 1
86
1 2.571295 8.692912 2.157081 1.068830 0.003333 -1
1 2.736315 8.692912 3.092956 0.957927 0.003333 -1
1 2.782421 1.479187 3.092956 0.957927 0.996667 -1
1 2.614620 1.479187 2.141312 1.068830 0.996667 -1
1 2.159171 8.642098 1.281196 1.179734 0.003333 -1
1 2.131457 1.479187 1.304451 1.179734 0.996667 -1
1 1.368156 8.692911 0.723238 1.290638 0.003333 -1
1 1.391209 1.479187 0.683309 1.290638 0.996667 -1
1 0.475154 8.692911 0.398212 1.401541 0.003333 -1
1 0.483160 1.479187 0.352808 1.401541 0.996667 -1
1 -0.475158 8.692911 0.398213 1.512445 0.003333 -1
1 -0.483165 1.479186 0.352809 1.512445 0.996667 -1
1 -0.483165 1.479186 0.352809 -0.483818 0.996667 -1
1 -1.391213 1.479187 0.683311 -0.372915 0.996667 -1
1 -1.368160 8.692911 0.723239 -0.372915 0.003333 -1
1 -0.475158 8.692911 0.398213 -0.483818 0.003333 -1
1 -2.096141 8.692911 1.334090 -0.262011 0.003333 -1
1 -2.131459 1.479187 1.304454 -0.262011 0.996667 -1
1 -2.571296 8.692912 2.157085 -0.151108 0.003333 -1
1 -2.614622 1.479187 2.141316 -0.151108 0.996667 -1
1 -2.736316 8.692911 3.092960 -0.040204 0.003333 -1
1 -2.782422 1.479187 3.092960 -0.040204 0.996667 -1
1 -2.571295 8.692911 4.028835 0.070699 0.003333 -1
1 -2.614620 1.479187 4.044604 0.070699 0.996667 -1
1 -2.159171 8.642099 4.904721 0.181603 0.003333 -1
1 -2.131457 1.479187 4.881466 0.181603 0.996667 -1
1 -1.368156 8.692912 5.462678 0.292506 0.003333 -1
1 -1.391209 1.479187 5.502607 0.292506 0.996667 -1
1 -0.475154 8.692912 5.787703 0.403410 0.003333 -1
1 -0.483160 1.479187 5.833109 0.403410 0.996667 -1
1 0.475158 8.692912 5.787703 0.514313 0.003333 -1
1 0.483165 1.479187 5.833107 0.514313 0.996667 -1
1 1.368160 8.692912 5.462676 0.625217 0.003333 -1
1 1.391212 1.479187 5.502605 0.625217 0.996667 -1
1 2.159173 8.642099 4.904717 0.736120 0.003333 -1
1 2.131459 1.479187 4.881462 0.736120 0.996667 -1
1 2.571296 8.692911 4.028831 0.847024 0.003333 -1
1 2.614621 1.479187 4.044600 0.847024 0.996667 -1
1 0.433269 9.566565 3.343105 0.303885 0.697899 -1
1 0.492695 9.566565 3.006082 0.347571 0.450142 -1
1 0.321583 9.566565 2.709709 0.221781 0.232267 -1
1 0.171112 9.566565 3.563082 0.111164 0.859611 -1
1 -0.000000 9.566565 2.592662 -0.014625 0.146222 -1
1 -0.321584 9.566565 2.709709 -0.251033 0.232267 -1
1 -0.492695 9.566565 3.006083 -0.376823 0.450141 -1
1 -0.433269 9.566565 3.343106 -0.333137 0.697899 -1
1 -0.171111 9.566565 3.563082 -0.140415 0.859611 -1
1 2.571296 8.692911 4.028831 1.393402 0.825172 -1
1 2.033108 8.743724 4.798935 1.201768 1.088853 -1
1 2.159173 8.642099 4.904717 1.254848 1.133393 -1
1 1.368160 8.692912 5.462676 0.975369 1.323364 -1
1 -1.368156 8.692912 5.462678 0.024631 1.323364 -1
1 -2.033106 8.743724 4.798940 -0.201768 1.088853 -1
1 -2.159171 8.642099 4.904721 -0.254848 1.133393 -1
1 -2.571295 8.692911 4.028835 -0.393402 0.825172 -1
1 1.368156 8.692911 0.723238 0.975369 -0.323364 -1
1 2.033105 8.743724 1.386977 1.201768 -0.088853 -1
1 2.159171 8.642098 1.281196 1.254848 -0.133393 -1
1 2.571295 8.692912 2.157081 1.393402 0.174829 -1
1 2.736315 8.692912 3.092956 0.583246 0.044830 -1
1 2.571295 8.692912 2.157081 0.420252 0.044222 -1
1 0.492695 9.566565 3.006082 0.500593 0.345686 -1
1 2.033105 8.743724 1.386977 0.266877 0.098588 -1
1 0.321583 9.566565 2.709709 0.399799 0.381413 -1
1 1.368156 8.692911 0.723238 0.141620 0.201370 -1
1 0.475154 8.692911 0.398212 0.059589 0.340171 -1
1 -0.000000 9.566565 2.592662 0.345892 0.472628 -1
1 -0.475158 8.692911 0.398213 0.030678 0.498250 -1
1 -1.368160 8.692911 0.723239 0.058374 0.656540 -1
1 -0.321584 9.566565 2.709709 0.364092 0.576651 -1
1 -2.096141 8.692911 1.334090 0.139337 0.795949 -1
1 -2.571296 8.692912 2.157085 0.263801 0.899662 -1
1 -0.492695 9.566565 3.006083 0.445886 0.644808 -1
1 -2.736316 8.692911 3.092960 0.416754 0.955170 -1
1 -2.571295 8.692911 4.028835 0.579748 0.955778 -1
1 -0.433269 9.566565 3.343106 0.553001 0.645208 -1
1 -2.033106 8.743724 4.798940 0.733123 0.901412 -1
1 -1.368156 8.692912 5.462678 0.858380 0.798630 -1
1 -0.171111 9.566565 3.563082 0.635315 0.577663 -1
1 -0.475154 8.692912 5.787703 0.940411 0.659829 -1
1 0.475158 8.692912 5.787703 0.969322 0.501750 -1
1 0.171112 9.566565 3.563082 0.654314 0.473778 -1
1 1.368160 8.692912 5.462676 0.941626 0.343460 -1
1 2.033108 8.743724 4.798935 0.860663 0.204051 -1
1 0.433269 9.566565 3.343105 0.601108 0.382164 -1
1 2.571296 8.692911 4.028831 0.736199 0.100338 -1
75
0.965639 0.006368 -0.259810
0.998257 0.006380 0.058673
0.998257 0.006380 -0.058674
0.928765 0.002590 -0.370660
0.802753 -0.001194 -0.596311
0.707386 -0.001209 -0.706826
0.526137 0.002597 -0.850396
0.448315 0.006380 -0.893853
0.231127 0.006380 -0.972903
0.115563 0.006380 -0.993280
-0.000001 0.006294 -0.999980
-0.000001 0.006294 -0.999980
-0.342014 0.006294 -0.939674
-0.549942 0.006380 -0.835179
-0.448316 0.006380 -0.893852
-0.342014 0.006294 -0.939674
-0.726996 0.006380 -0.686613
-0.802424 0.006380 -0.596720
-0.917988 0.006380 -0.396558
-0.958122 0.006380 -0.286289
-0.998257 0.006380 -0.058673
-0.998257 0.006380 0.058674
-0.965639 0.006367 0.259810
-0.928765 0.002590 0.370660
-0.802753 -0.001194 0.596311
-0.707386 -0.001209 0.706827
-0.526136 0.002597 0.850396
-0.448315 0.006380 0.893853
-0.231127 0.006380 0.972903
-0.115563 0.006380 0.993280
0.115565 0.006380 0.993279
0.231128 0.006380 0.972902
0.423544 0.006368 0.905853
0.526307 0.002590 0.850291
0.726648 -0.001194 0.687009
0.818925 -0.001209 0.573900
0.928839 0.002597 0.370473
0.958122 0.006380 0.286288
0.000000 1.000000 0.000000
0.460077 0.847215 0.265624
0.402496 0.850843 0.337733
0.341482 0.847215 0.406960
-0.341481 0.847215 0.406962
-0.402495 0.850843 0.337734
-0.460077 0.847215 0.265625
0.341482 0.847213 -0.406963
0.402496 0.850842 -0.337735
0.460077 0.847214 -0.265627
0.362868 0.931841 -0.000378
0.334798 0.932271 -0.137045
0.352123 0.935467 -0.030177
0.272436 0.934561 -0.228855
0.247663 0.936802 -0.247112
0.157242 0.931855 -0.326989
0.062639 0.931840 -0.357421
0.031427 0.935467 -0.352013
-0.083500 0.931915 -0.352934
-0.181761 0.931840 -0.314064
-0.202196 0.935467 -0.289859
-0.290826 0.931915 -0.216690
-0.341114 0.931841 -0.123753
-0.341208 0.935467 -0.092076
-0.362071 0.931915 0.020946
-0.343814 0.931926 0.115348
-0.320920 0.936274 0.142837
-0.259293 0.934303 0.244632
-0.172917 0.931668 0.319523
-0.144642 0.935918 0.321147
-0.042246 0.931915 0.360208
0.063384 0.931841 0.357289
0.090864 0.935467 0.341533
0.193101 0.932271 0.305914
0.272687 0.934561 0.228557
0.286365 0.936802 0.200990
0.349326 0.931855 0.098072
76
1 0 1 2 0 1 2 1
1 2 3 0 2 3 0 1
1 4 0 3 4 0 3 1
1 3 5 4 3 5 4 1
1 6 4 5 6 4 5 1
1 5 7 6 5 7 6 1
1 8 6 7 8 6 7 1
1 7 9 8 7 9 8 1
1 10 8 9 10 8 9 1
1 9 11 10 9 11 10 1
1 12 13 14 12 13 14 1
1 14 15 12 14 15 12 1
1 16 14 13 16 14 13 1
1 13 17 16 13 17 16 1
1 18 16 17 18 16 17 1
1 17 19 18 17 19 18 1
1 20 18 19 20 18 19 1
1 19 21 20 19 21 20 1
1 22 20 21 22 20 21 1
1 21 23 22 21 23 22 1
1 24 22 23 24 22 23 1
1 23 25 24 23 25 24 1
1 26 24 25 26 24 25 1
1 25 27 26 25 27 26 1
1 28 26 27 28 26 27 1
1 27 29 28 27 29 28 1
1 30 28 29 30 28 29 1
1 29 31 30 29 31 30 1
1 32 30 31 32 30 31 1
1 31 33 32 31 33 32 1
1 34 32 33 34 32 33 1
1 33 35 34 33 35 34 1
1 36 34 35 36 34 35 1
1 35 37 36 35 37 36 1
1 1 36 37 1 36 37 1
1 37 2 1 37 2 1 1
1 38 39 40 38 38 38 1
1 41 38 40 38 38 38 1
1 40 42 43 38 38 38 1
1 41 40 43 38 38 38 1
1 43 44 45 38 38 38 1
1 41 43 45 38 38 38 1
1 41 45 46 38 38 38 1
1 47 48 49 39 40 40 1
1 50 49 48 41 40 40 1
1 51 52 53 42 43 43 1
1 54 53 52 44 43 43 1
1 55 56 57 45 46 46 1
1 58 57 56 47 46 46 1
1 59 60 61 48 49 50 1
1 60 62 63 49 51 52 1
1 63 61 60 52 50 49 1
1 62 64 63 51 53 52 1
1 64 65 66 53 54 55 1
1 66 63 64 55 52 53 1
1 65 67 66 54 56 55 1
1 67 68 69 56 57 58 1
1 69 66 67 58 55 56 1
1 68 70 69 57 59 58 1
1 70 71 72 59 60 61 1
1 72 69 70 61 58 59 1
1 71 73 72 60 62 61 1
1 73 74 75 62 63 64 1
1 75 72 73 64 61 62 1
1 74 76 75 63 65 64 1
1 76 77 78 65 66 67 1
1 78 75 76 67 64 65 1
1 77 79 78 66 68 67 1
1 79 80 81 68 69 70 1
1 81 78 79 70 67 68 1
1 80 82 81 69 71 70 1
1 82 83 84 71 72 73 1
1 84 81 82 73 70 71 1
1 83 85 84 72 74 73 1
1 85 59 61 74 48 50 1
1 61 84 85 50 73 74 1

Materials: 3
"Object01Cls_6_-_"
0.584314 0.584314 0.584314 1.000000
0.584314 0.584314 0.584314 1.000000
0.894118 0.894118 0.894118 1.000000
0.000000 0.000000 0.000000 1.000000
125.440002
1.000000
"CON_13.tga"
""
"Object01Cls_5_-_"
0.584314 0.584314 0.584314 1.000000
0.584314 0.584314 0.584314 1.000000
0.894118 0.894118 0.894118 1.000000
0.000000 0.000000 0.000000 1.000000
125.440002
1.000000
"METALL_3.tga"
""
"Material"
0.117647 0.117647 0.117647 1.000000
0.752941 0.752941 0.752941 1.000000
0.752941 0.752941 0.752941 1.000000
0.000000 0.000000 0.000000 1.000000
125.440002
1.000000
""
""

Bones: 0
GroupComments: 0
MaterialComments: 0
BoneComments: 0
ModelComment: 0
