// MilkShape 3D ASCII

Frames: 30
Frame: 1

Meshes: 4
"MDL-Objec1" 1 0
244
1 0.116691 7.747323 3.009961 0.554076 0.459610 -1
1 0.116691 7.747323 3.205792 0.445924 0.459610 -1
1 0.144860 7.656788 3.229429 0.432870 0.509610 -1
1 0.116691 7.747323 3.205792 0.564445 0.459610 -1
1 -0.116691 7.747323 3.205792 0.435555 0.459610 -1
1 -0.144861 7.656788 3.229429 0.419997 0.509610 -1
1 2.818599 1.331227 3.107877 0.500000 2.062327 -1
1 2.648616 1.331227 2.143859 0.837021 2.062327 -1
1 2.614620 1.463100 2.156232 0.837021 1.989497 -1
1 2.782421 1.463100 3.107876 0.500000 1.989497 -1
1 2.159172 1.331227 1.296116 1.133393 2.062327 -1
1 2.131458 1.463100 1.319371 1.133393 1.989497 -1
1 2.159172 1.331227 1.296116 -0.254848 2.062327 -1
1 1.409299 1.331227 0.666898 0.007308 2.062327 -1
1 1.391210 1.463100 0.698229 0.007308 1.989497 -1
1 2.131458 1.463100 1.319371 -0.254848 1.989497 -1
1 0.489444 1.331226 0.332098 0.328890 2.062327 -1
1 0.489444 1.463100 0.332098 0.328890 1.989497 -1
1 -0.489445 1.331226 0.332099 0.671110 2.062327 -1
1 -0.483163 1.463100 0.367727 0.671110 1.989497 -1
1 -1.409300 1.331227 0.666899 0.992692 2.062327 -1
1 -1.391211 1.463100 0.698230 0.992692 1.989497 -1
1 -2.159172 1.331227 1.296116 1.254848 2.062327 -1
1 -2.131459 1.463100 1.319371 1.254848 1.989497 -1
1 -2.159172 1.331227 1.296116 -0.133393 2.062327 -1
1 -2.648617 1.331227 2.143859 0.162979 2.062327 -1
1 -2.614621 1.463100 2.156233 0.162979 1.989497 -1
1 -2.131459 1.463100 1.319371 -0.133393 1.989497 -1
1 -2.818599 1.331227 3.107877 0.500000 2.062327 -1
1 -2.782421 1.463100 3.107877 0.500000 1.989497 -1
1 -2.648616 1.331227 4.071895 0.837021 2.062327 -1
1 -2.614620 1.463100 4.059521 0.837021 1.989497 -1
1 -2.159172 1.331227 4.919638 1.133393 2.062327 -1
1 -2.131458 1.463100 4.896383 1.133393 1.989497 -1
1 -2.159172 1.331227 4.919638 -0.254848 2.062327 -1
1 -1.409299 1.331227 5.548856 0.007308 2.062327 -1
1 -1.391210 1.463100 5.517525 0.007308 1.989497 -1
1 -2.131458 1.463100 4.896383 -0.254848 1.989497 -1
1 -0.489444 1.331227 5.883656 0.328890 2.062327 -1
1 -0.489444 1.463100 5.883656 0.328890 1.989497 -1
1 0.489445 1.331227 5.883655 0.671110 2.062327 -1
1 0.483163 1.463100 5.848026 0.671110 1.989497 -1
1 1.409300 1.331227 5.548855 0.992692 2.062327 -1
1 1.391211 1.463100 5.517524 0.992692 1.989497 -1
1 2.159173 1.331227 4.919637 1.254848 2.062327 -1
1 2.131459 1.463100 4.896381 1.254848 1.989497 -1
1 2.159173 1.331227 4.919637 -0.133393 2.062327 -1
1 2.648617 1.331227 4.071894 0.162979 2.062327 -1
1 2.614621 1.463100 4.059520 0.162979 1.989497 -1
1 2.131459 1.463100 4.896381 -0.133393 1.989497 -1
1 2.854777 6.858442 3.107876 0.500000 -0.990202 -1
1 2.682612 6.858442 2.131485 0.837021 -0.990202 -1
1 2.682612 6.989038 2.131485 0.837021 -1.062327 -1
1 2.854777 6.989038 3.107876 0.500000 -1.062327 -1
1 2.186886 6.858442 1.272861 1.133393 -0.990202 -1
1 2.186886 6.989038 1.272861 1.133393 -1.062327 -1
1 2.186886 6.858442 1.272861 -0.254848 -0.990202 -1
1 1.427388 6.858441 0.635567 0.007308 -0.990202 -1
1 1.427388 6.989038 0.635567 0.007308 -1.062327 -1
1 2.186886 6.989038 1.272861 -0.254848 -1.062327 -1
1 0.495727 6.858441 0.296470 0.328890 -0.990202 -1
1 0.495727 6.989038 0.296470 0.328890 -1.062327 -1
1 -0.495727 6.858441 0.296471 0.671110 -0.990202 -1
1 -0.495727 6.989038 0.296470 0.671110 -1.062327 -1
1 -1.427389 6.858441 0.635568 0.992692 -0.990202 -1
1 -1.427389 6.989038 0.635567 0.992692 -1.062327 -1
1 -2.186886 6.858442 1.272862 1.254848 -0.990202 -1
1 -2.186886 6.989038 1.272861 1.254848 -1.062327 -1
1 -2.186886 6.858442 1.272862 -0.133393 -0.990202 -1
1 -2.682613 6.858442 2.131485 0.162979 -0.990202 -1
1 -2.682613 6.989038 2.131485 0.162979 -1.062327 -1
1 -2.186886 6.989038 1.272861 -0.133393 -1.062327 -1
1 -2.854777 6.858441 3.107877 0.500000 -0.990202 -1
1 -2.854777 6.989038 3.107877 0.500000 -1.062327 -1
1 -2.682612 6.858441 4.084269 0.837021 -0.990202 -1
1 -2.682612 6.989038 4.084269 0.837021 -1.062327 -1
1 -2.186886 6.858442 4.942892 1.133393 -0.990202 -1
1 -2.186886 6.989038 4.942892 1.133393 -1.062327 -1
1 -2.186886 6.858442 4.942892 -0.254848 -0.990202 -1
1 -1.427388 6.858442 5.580186 0.007308 -0.990202 -1
1 -1.427388 6.989038 5.580186 0.007308 -1.062327 -1
1 -2.186886 6.989038 4.942892 -0.254848 -1.062327 -1
1 -0.495726 6.858442 5.919283 0.328890 -0.990202 -1
1 -0.495726 6.989038 5.919282 0.328890 -1.062327 -1
1 0.495728 6.858442 5.919283 0.671110 -0.990202 -1
1 0.495728 6.989038 5.919282 0.671110 -1.062327 -1
1 1.427389 6.858442 5.580185 0.992692 -0.990202 -1
1 1.427389 6.989038 5.580185 0.992692 -1.062327 -1
1 2.186887 6.858442 4.942891 1.254848 -0.990202 -1
1 2.186886 6.989038 4.942891 1.254848 -1.062327 -1
1 2.186887 6.858442 4.942891 -0.133393 -0.990202 -1
1 2.682613 6.858441 4.084267 0.162979 -0.990202 -1
1 2.682613 6.989038 4.084267 0.162979 -1.062327 -1
1 2.186886 6.989038 4.942891 -0.133393 -1.062327 -1
1 0.144860 7.656788 3.229429 0.580002 0.509610 -1
1 -0.116691 7.747323 3.205792 0.554076 0.459610 -1
1 -0.116691 7.747323 3.009961 0.445924 0.459610 -1
1 -0.144861 7.656788 3.229429 0.567130 0.509610 -1
1 -0.144861 7.656788 2.986324 0.432870 0.509610 -1
1 0.144860 7.656788 2.986324 0.419998 0.509610 -1
1 -0.144861 7.656788 2.986324 0.580003 0.509610 -1
1 -0.116691 7.747323 3.009961 0.564445 0.459610 -1
1 0.116691 7.747323 3.009961 0.435555 0.459610 -1
1 0.144860 7.656788 2.986324 0.567130 0.509610 -1
1 0.700081 7.628922 3.695314 0.741227 0.208082 -1
1 0.886334 7.628922 3.264161 0.564177 0.130419 -1
1 0.144860 7.656788 3.229429 0.549915 0.439597 -1
1 0.456946 7.628922 3.899329 0.825004 0.309464 -1
1 0.000000 7.628922 4.007884 0.869581 0.500000 -1
1 -0.144861 7.656788 3.229429 0.549914 0.560404 -1
1 -0.456946 7.628922 3.899329 0.825004 0.690536 -1
1 0.116691 7.747323 3.205792 0.741647 0.702766 -1
1 0.116691 7.747323 3.009961 0.741647 0.297234 -1
1 -0.116691 7.747323 3.009961 0.258353 0.297234 -1
1 -0.116691 7.747323 3.205792 0.258353 0.702766 -1
1 -0.700081 7.628922 3.695314 0.741227 0.791918 -1
1 -0.886334 7.628922 3.264161 0.564177 0.869581 -1
1 -0.144861 7.656788 2.986324 0.450085 0.560404 -1
1 -0.858777 7.628922 2.795307 0.371646 0.858090 -1
1 -0.700081 7.628922 2.520438 0.258773 0.791918 -1
1 -0.307821 7.628922 2.262146 0.152708 0.628354 -1
1 0.144860 7.656788 2.986324 0.450085 0.439597 -1
1 0.307820 7.628922 2.262146 0.152708 0.371646 -1
1 0.700081 7.628922 2.520438 0.258773 0.208082 -1
1 0.858777 7.628922 2.795308 0.371646 0.141910 -1
1 1.282477 7.601054 3.574659 0.942673 0.661120 -1
1 1.364783 7.601054 3.107876 0.971083 0.500000 -1
1 0.886334 7.628922 3.264161 0.805936 0.553944 -1
1 0.700081 7.628922 3.695314 0.741647 0.702766 -1
1 1.045485 7.601054 3.985142 0.860870 0.802806 -1
1 0.456946 7.628922 3.899329 0.657724 0.773186 -1
1 0.682392 7.601054 4.289813 0.735541 0.907969 -1
1 0.000000 7.628922 4.007884 0.500000 0.810656 -1
1 0.236992 7.601054 4.451925 0.581803 0.963926 -1
1 -0.236992 7.601054 4.451925 0.418197 0.963926 -1
1 -0.456946 7.628922 3.899329 0.342276 0.773186 -1
1 -0.682391 7.601054 4.289813 0.264459 0.907969 -1
1 -0.700081 7.628922 3.695314 0.258353 0.702766 -1
1 -1.045484 7.601054 3.985143 0.139130 0.802806 -1
1 -0.886334 7.628922 3.264161 0.194064 0.553945 -1
1 -1.282476 7.601054 3.574660 0.057327 0.661120 -1
1 -1.364783 7.601054 3.107877 0.028917 0.500000 -1
1 -0.858777 7.628922 2.795307 0.203576 0.392110 -1
1 -1.282476 7.601054 2.641093 0.057327 0.338880 -1
1 -0.700081 7.628922 2.520438 0.258353 0.297234 -1
1 -1.045484 7.601054 2.230611 0.139130 0.197194 -1
1 -0.307821 7.628922 2.262146 0.393750 0.208079 -1
1 -0.682392 7.601054 1.925940 0.264459 0.092031 -1
1 -0.236992 7.601054 1.763827 0.418197 0.036074 -1
1 0.307820 7.628922 2.262146 0.606251 0.208079 -1
1 0.236992 7.601054 1.763827 0.581803 0.036074 -1
1 0.682391 7.601054 1.925939 0.735541 0.092030 -1
1 0.700081 7.628922 2.520438 0.741647 0.297234 -1
1 1.045484 7.601054 2.230610 0.860870 0.197194 -1
1 2.648616 1.331227 2.143859 1.397365 0.132240 -1
1 2.818599 1.331227 3.107877 0.871798 0.132240 -1
1 2.782421 1.168264 3.107877 0.871798 0.222240 -1
1 2.614620 1.168263 2.156232 1.397365 0.222240 -1
1 2.648617 1.331227 4.071894 0.346231 0.132240 -1
1 2.614621 1.168264 4.059520 0.346231 0.222240 -1
1 2.159173 1.331227 4.919637 -0.115944 0.132240 -1
1 2.131459 1.168263 4.896381 -0.115944 0.222240 -1
1 2.159173 1.331227 4.919637 1.677146 0.132240 -1
1 1.409300 1.331227 5.548855 1.268327 0.132240 -1
1 1.391211 1.168264 5.517524 1.268327 0.222240 -1
1 2.131459 1.168263 4.896381 1.677146 0.222240 -1
1 0.489445 1.331227 5.883655 0.766837 0.132240 -1
1 0.483163 1.168264 5.848026 0.766837 0.222240 -1
1 -0.489444 1.331227 5.883656 0.233163 0.132240 -1
1 -0.483162 1.168264 5.848027 0.233163 0.222240 -1
1 -1.409299 1.331227 5.548856 -0.268327 0.132240 -1
1 -1.391210 1.168264 5.517525 -0.268327 0.222240 -1
1 -2.159172 1.331227 4.919638 -0.677146 0.132240 -1
1 -2.131458 1.168263 4.896383 -0.677146 0.222240 -1
1 -2.159172 1.331227 4.919638 1.115945 0.132240 -1
1 -2.648616 1.331227 4.071895 0.653769 0.132240 -1
1 -2.614620 1.168264 4.059521 0.653769 0.222240 -1
1 -2.131458 1.168263 4.896383 1.115945 0.222240 -1
1 -2.818599 1.331227 3.107877 0.128202 0.132240 -1
1 -2.782421 1.168264 3.107877 0.128202 0.222240 -1
1 -2.648617 1.331227 2.143859 -0.397365 0.132240 -1
1 -2.614621 1.168263 2.156233 -0.397365 0.222240 -1
1 -2.159172 1.331227 1.296116 -0.859541 0.132240 -1
1 -2.131459 1.168264 1.319371 -0.859541 0.222240 -1
1 -2.159172 1.331227 1.296116 1.677146 0.132240 -1
1 -1.409300 1.331227 0.666899 1.268327 0.132240 -1
1 -1.391211 1.168263 0.698230 1.268327 0.222240 -1
1 -2.131459 1.168264 1.319371 1.677146 0.222240 -1
1 -0.489445 1.331226 0.332099 0.766837 0.132240 -1
1 -0.483163 1.168263 0.367727 0.766837 0.222240 -1
1 0.489444 1.331226 0.332098 0.233163 0.132240 -1
1 0.483162 1.168263 0.367727 0.233163 0.222240 -1
1 1.409299 1.331227 0.666898 -0.268328 0.132240 -1
1 1.391210 1.168263 0.698229 -0.268328 0.222240 -1
1 2.159172 1.331227 1.296116 -0.677146 0.132240 -1
1 2.131458 1.168264 1.319371 -0.677146 0.222240 -1
1 2.159172 1.331227 1.296116 1.859540 0.132240 -1
1 2.131458 1.168264 1.319371 1.859540 0.222240 -1
1 1.401556 6.931095 3.107876 0.500000 0.707261 -1
1 1.317032 6.931095 2.628516 0.665461 0.707261 -1
1 1.282476 7.601054 2.641093 0.661120 0.476011 -1
1 1.364783 7.601054 3.107876 0.500000 0.476011 -1
1 1.073654 6.931095 2.206974 0.810965 0.707261 -1
1 1.045484 7.601054 2.230610 0.802806 0.476011 -1
1 1.073654 6.931095 2.206974 0.129406 0.707261 -1
1 0.700778 6.931095 1.894093 0.258112 0.707261 -1
1 0.682391 7.601054 1.925939 0.264459 0.476011 -1
1 1.045484 7.601054 2.230610 0.139130 0.476011 -1
1 0.243378 6.931095 1.727613 0.415993 0.707261 -1
1 0.236992 7.601054 1.763827 0.418197 0.476011 -1
1 -0.243378 6.931095 1.727613 0.584007 0.707261 -1
1 -0.236992 7.601054 1.763827 0.581803 0.476011 -1
1 -0.700778 6.931095 1.894094 0.741888 0.707261 -1
1 -0.682392 7.601054 1.925940 0.735541 0.476011 -1
1 -1.073654 6.931095 2.206974 0.870593 0.707261 -1
1 -1.045484 7.601054 2.230611 0.860870 0.476011 -1
1 -1.073654 6.931095 2.206974 0.189035 0.707261 -1
1 -1.317031 6.931095 2.628516 0.334539 0.707261 -1
1 -1.282476 7.601054 2.641093 0.338880 0.476011 -1
1 -1.045484 7.601054 2.230611 0.197194 0.476011 -1
1 -1.401555 6.931095 3.107877 0.500000 0.707261 -1
1 -1.364783 7.601054 3.107877 0.500000 0.476011 -1
1 -1.317031 6.931095 3.587237 0.665461 0.707261 -1
1 -1.282476 7.601054 3.574660 0.661120 0.476011 -1
1 -1.073654 6.931095 4.008780 0.810965 0.707261 -1
1 -1.045484 7.601054 3.985143 0.802806 0.476011 -1
1 -1.073654 6.931095 4.008780 0.129406 0.707261 -1
1 -0.700778 6.931095 4.321659 0.258112 0.707261 -1
1 -0.682391 7.601054 4.289813 0.264459 0.476011 -1
1 -1.045484 7.601054 3.985143 0.139130 0.476011 -1
1 -0.243377 6.931095 4.488139 0.415993 0.707261 -1
1 -0.236992 7.601054 4.451925 0.418197 0.476011 -1
1 0.243378 6.931095 4.488139 0.584007 0.707261 -1
1 0.236992 7.601054 4.451925 0.581803 0.476011 -1
1 0.700778 6.931095 4.321659 0.741888 0.707261 -1
1 0.682392 7.601054 4.289813 0.735541 0.476011 -1
1 1.073654 6.931095 4.008779 0.870593 0.707261 -1
1 1.045485 7.601054 3.985142 0.860870 0.476011 -1
1 1.073654 6.931095 4.008779 0.189035 0.707261 -1
1 1.317032 6.931095 3.587236 0.334539 0.707261 -1
1 1.282477 7.601054 3.574659 0.338880 0.476011 -1
1 1.045485 7.601054 3.985142 0.197194 0.476011 -1
1 0.858777 7.628922 2.795308 0.796424 0.392111 -1
1 1.282476 7.601054 2.641093 0.942673 0.338880 -1
232
0.954848 0.297095 -0.000000
0.954848 0.297095 -0.000000
0.000000 0.252612 0.967568
0.000000 0.252611 0.967568
0.962823 0.264138 -0.056591
0.885403 0.264137 -0.382483
0.924113 0.264137 -0.276127
0.962823 0.264138 0.056590
0.836051 0.260818 -0.482694
0.836051 0.260818 -0.482694
0.620539 0.260819 -0.739530
0.450639 0.177811 -0.874819
0.540143 0.263946 -0.799111
0.104163 0.088953 -0.990574
0.228705 0.089719 -0.969353
-0.222923 0.264136 -0.938369
-0.124681 0.177315 -0.976224
-0.530420 0.264138 -0.805534
-0.432403 0.264137 -0.862125
-0.620539 0.260819 -0.739530
-0.620539 0.260818 -0.739530
-0.836051 0.260818 -0.482694
-0.924114 0.264136 -0.276127
-0.885403 0.264137 -0.382483
-0.836051 0.260818 -0.482694
-0.962824 0.264137 0.056591
-0.962824 0.264137 -0.056590
-0.885403 0.264138 0.382483
-0.924113 0.264138 0.276127
-0.836050 0.260820 0.482694
-0.836050 0.260819 0.482694
-0.620539 0.260819 0.739530
-0.450639 0.177811 0.874819
-0.540143 0.263946 0.799111
-0.620539 0.260818 0.739530
-0.104163 0.088955 0.990574
-0.228704 0.089719 0.969353
0.222924 0.264139 0.938369
0.124681 0.177317 0.976224
0.530420 0.264140 0.805533
0.432403 0.264139 0.862124
0.620539 0.260822 0.739529
0.620539 0.260821 0.739529
0.836050 0.260821 0.482693
0.924113 0.264139 0.276127
0.885402 0.264140 0.382482
0.836050 0.260821 0.482693
0.998277 0.000000 -0.058675
0.918006 0.000000 -0.396567
0.958141 0.000000 -0.286295
0.998277 0.000000 0.058674
0.866025 0.000000 -0.500000
0.642788 -0.000001 -0.766044
0.448325 -0.000002 -0.893871
0.549952 -0.000001 -0.835196
0.642788 0.000000 -0.766044
0.115566 -0.000002 -0.993300
0.231132 -0.000002 -0.972922
-0.231132 -0.000002 -0.972922
-0.115566 -0.000002 -0.993300
-0.549952 -0.000002 -0.835196
-0.448325 -0.000002 -0.893871
-0.642788 -0.000001 -0.766044
-0.642788 -0.000001 -0.766044
-0.866025 -0.000000 -0.500000
-0.958142 0.000000 -0.286295
-0.918006 -0.000000 -0.396567
-0.866025 -0.000001 -0.500000
-0.998277 0.000000 0.058675
-0.998277 0.000000 -0.058674
-0.918006 0.000000 0.396567
-0.958141 0.000000 0.286295
-0.866025 0.000000 0.500000
-0.642787 0.000000 0.766045
-0.448325 0.000002 0.893871
-0.549952 0.000000 0.835197
-0.115566 0.000007 0.993300
-0.231132 0.000005 0.972923
0.231132 0.000005 0.972922
0.115566 0.000007 0.993300
0.549952 0.000000 0.835196
0.448325 0.000002 0.893870
0.642787 0.000001 0.766045
0.642788 0.000001 0.766045
0.866026 0.000001 0.500000
0.958142 0.000000 0.286295
0.918006 0.000001 0.396566
0.866026 0.000002 0.500000
-0.954848 0.297096 0.000001
-0.954848 0.297095 0.000000
-0.954848 0.297095 0.000000
-0.000001 0.252614 -0.967567
0.000000 0.252616 -0.967567
-0.000002 0.252611 -0.967568
0.954848 0.297095 -0.000000
0.030943 0.999259 0.022893
0.037589 0.999283 0.004548
0.021671 0.999482 0.023802
0.016984 0.999289 0.033656
0.000000 0.999320 0.036876
-0.024579 0.999508 0.019466
-0.016984 0.999289 0.033656
0.000000 1.000000 0.000000
-0.030943 0.999259 0.022893
-0.037235 0.999283 0.006844
-0.018972 0.999482 -0.025985
-0.036817 0.999296 -0.007240
-0.027919 0.999259 -0.026497
-0.011026 0.999292 -0.035972
0.026364 0.999477 -0.018744
0.007351 0.999296 -0.036799
0.027919 0.999259 -0.026497
0.036094 0.999289 -0.010882
0.055022 0.998297 0.019398
0.060143 0.998189 -0.001118
0.056552 0.998283 0.015243
0.046543 0.998095 0.040501
0.049240 0.998214 0.033812
0.024966 0.998221 0.054152
0.033983 0.998089 0.051609
-0.005192 0.998283 0.058340
0.011545 0.998189 0.059035
-0.009549 0.998297 0.057555
-0.031803 0.998095 0.052869
-0.024747 0.998214 0.054364
-0.048994 0.998221 0.033990
-0.044924 0.998089 0.042429
-0.058355 0.998283 0.005018
-0.056134 0.998189 0.021621
-0.058339 0.998297 0.000590
-0.057588 0.998095 -0.022139
-0.057835 0.998214 -0.014931
-0.041982 0.998221 -0.042347
-0.049585 0.998089 -0.036874
-0.013215 0.998422 -0.054571
-0.031040 0.998189 -0.051527
-0.010712 0.998297 -0.057350
0.023181 0.998335 -0.052814
0.007141 0.998357 -0.056846
0.028658 0.998297 -0.050818
0.047967 0.998095 -0.038803
0.041848 0.998214 -0.042621
0.935445 -0.216367 -0.279513
0.974630 -0.216369 0.057284
0.974630 -0.216368 -0.057285
0.896260 -0.216367 -0.387173
0.896260 -0.216370 0.387172
0.935445 -0.216369 0.279513
0.846042 -0.213585 0.488462
0.846042 -0.213585 0.488462
0.627955 -0.213585 0.748367
0.437705 -0.216369 0.872696
0.536925 -0.216370 0.815411
0.627955 -0.213586 0.748367
0.112829 -0.216369 0.969770
0.225657 -0.216369 0.949875
-0.225657 -0.216369 0.949876
-0.112828 -0.216369 0.969770
-0.536925 -0.216369 0.815412
-0.437705 -0.216369 0.872696
-0.627955 -0.213583 0.748368
-0.627955 -0.213583 0.748368
-0.846042 -0.213583 0.488462
-0.935445 -0.216368 0.279513
-0.896260 -0.216368 0.387173
-0.846042 -0.213584 0.488462
-0.974630 -0.216367 -0.057284
-0.974630 -0.216367 0.057285
-0.896260 -0.216367 -0.387173
-0.935445 -0.216367 -0.279513
-0.846042 -0.213583 -0.488462
-0.846042 -0.213582 -0.488462
-0.627955 -0.213583 -0.748368
-0.437705 -0.216367 -0.872697
-0.536925 -0.216368 -0.815412
-0.627955 -0.213584 -0.748368
-0.112829 -0.216367 -0.969771
-0.225657 -0.216367 -0.949876
0.225657 -0.216368 -0.949876
0.112828 -0.216368 -0.969770
0.536925 -0.216367 -0.815412
0.437705 -0.216367 -0.872697
0.627955 -0.213583 -0.748368
0.627955 -0.213582 -0.748368
0.846042 -0.213582 -0.488462
0.846042 -0.213583 -0.488462
0.996782 0.054712 -0.058587
0.916631 0.054711 -0.395973
0.956706 0.054711 -0.285866
0.996782 0.054712 0.058586
0.864763 0.053975 -0.499271
0.864763 0.053975 -0.499271
0.641851 0.053975 -0.764927
0.447653 0.054711 -0.892532
0.549129 0.054711 -0.833945
0.641851 0.053975 -0.764928
0.115393 0.054711 -0.991812
0.230785 0.054711 -0.971465
-0.230786 0.054711 -0.971465
-0.115393 0.054711 -0.991812
-0.549128 0.054711 -0.833945
-0.447654 0.054711 -0.892532
-0.641850 0.053976 -0.764928
-0.641850 0.053975 -0.764928
-0.864763 0.053975 -0.499271
-0.956707 0.054711 -0.285866
-0.916631 0.054711 -0.395972
-0.864763 0.053975 -0.499271
-0.996782 0.054711 0.058587
-0.996782 0.054711 -0.058586
-0.916631 0.054711 0.395973
-0.956706 0.054711 0.285866
-0.864763 0.053975 0.499271
-0.864763 0.053975 0.499271
-0.641850 0.053975 0.764928
-0.447653 0.054711 0.892532
-0.549128 0.054711 0.833946
-0.641850 0.053975 0.764929
-0.115393 0.054711 0.991812
-0.230786 0.054711 0.971465
0.230786 0.054711 0.971465
0.115393 0.054711 0.991812
0.549129 0.054711 0.833945
0.447654 0.054711 0.892532
0.641851 0.053975 0.764927
0.641851 0.053975 0.764927
0.864763 0.053975 0.499271
0.956706 0.054711 0.285866
0.916631 0.054711 0.395972
0.864763 0.053975 0.499271
0.057665 0.998221 -0.015184
0.056727 0.998089 -0.024505
202
1 0 1 2 0 1 0 1
1 3 4 5 2 3 2 1
1 6 7 8 4 5 6 1
1 8 9 6 6 7 4 1
1 7 10 11 5 8 9 1
1 11 8 7 9 6 5 1
1 12 13 14 10 11 12 1
1 14 15 12 12 10 10 1
1 13 16 17 11 13 14 1
1 17 14 13 14 12 11 1
1 16 18 19 13 15 16 1
1 19 17 16 16 14 13 1
1 18 20 21 15 17 18 1
1 21 19 18 18 16 15 1
1 20 22 23 17 19 20 1
1 23 21 20 20 18 17 1
1 24 25 26 21 22 23 1
1 26 27 24 23 24 21 1
1 25 28 29 22 25 26 1
1 29 26 25 26 23 22 1
1 28 30 31 25 27 28 1
1 31 29 28 28 26 25 1
1 30 32 33 27 29 30 1
1 33 31 30 30 28 27 1
1 34 35 36 31 32 33 1
1 36 37 34 33 34 31 1
1 35 38 39 32 35 36 1
1 39 36 35 36 33 32 1
1 38 40 41 35 37 38 1
1 41 39 38 38 36 35 1
1 40 42 43 37 39 40 1
1 43 41 40 40 38 37 1
1 42 44 45 39 41 42 1
1 45 43 42 42 40 39 1
1 46 47 48 43 44 45 1
1 48 49 46 45 46 43 1
1 47 6 9 44 4 7 1
1 9 48 47 7 45 44 1
1 50 51 52 47 48 49 1
1 52 53 50 49 50 47 1
1 51 54 55 48 51 51 1
1 55 52 51 51 49 48 1
1 56 57 58 52 53 54 1
1 58 59 56 54 55 52 1
1 57 60 61 53 56 57 1
1 61 58 57 57 54 53 1
1 60 62 63 56 58 59 1
1 63 61 60 59 57 56 1
1 62 64 65 58 60 61 1
1 65 63 62 61 59 58 1
1 64 66 67 60 62 63 1
1 67 65 64 63 61 60 1
1 68 69 70 64 65 66 1
1 70 71 68 66 67 64 1
1 69 72 73 65 68 69 1
1 73 70 69 69 66 65 1
1 72 74 75 68 70 71 1
1 75 73 72 71 69 68 1
1 74 76 77 70 72 72 1
1 77 75 74 72 71 70 1
1 78 79 80 73 74 75 1
1 80 81 78 75 73 73 1
1 79 82 83 74 76 77 1
1 83 80 79 77 75 74 1
1 82 84 85 76 78 79 1
1 85 83 82 79 77 76 1
1 84 86 87 78 80 81 1
1 87 85 84 81 79 78 1
1 86 88 89 80 82 83 1
1 89 87 86 83 81 80 1
1 90 91 92 84 85 86 1
1 92 93 90 86 87 84 1
1 91 50 53 85 47 50 1
1 53 92 91 50 86 85 1
1 5 94 3 2 2 2 1
1 95 96 97 88 89 89 1
1 98 97 96 90 89 89 1
1 99 100 101 91 92 91 1
1 101 102 99 91 93 91 1
1 2 103 0 0 94 0 1
1 104 105 106 95 96 97 1
1 107 104 106 98 95 97 1
1 108 107 106 99 98 97 1
1 106 109 108 97 100 99 1
1 110 108 109 101 99 100 1
1 111 112 113 102 102 102 1
1 114 111 113 102 102 102 1
1 115 110 109 103 101 100 1
1 116 115 109 104 103 100 1
1 109 117 118 100 105 106 1
1 118 116 109 106 104 100 1
1 119 118 117 107 106 105 1
1 120 119 117 108 107 105 1
1 117 121 122 105 109 110 1
1 122 120 117 110 108 105 1
1 123 122 121 111 110 109 1
1 124 123 121 112 111 109 1
1 121 106 105 109 97 96 1
1 105 124 121 96 112 109 1
1 125 126 127 113 114 115 1
1 127 128 129 115 116 117 1
1 129 125 127 117 113 115 1
1 128 130 131 116 118 119 1
1 131 129 128 119 117 116 1
1 130 132 133 118 120 121 1
1 133 131 130 121 119 118 1
1 134 133 132 122 121 120 1
1 132 135 136 120 123 124 1
1 136 134 132 124 122 120 1
1 135 137 138 123 125 126 1
1 138 136 135 126 124 123 1
1 137 139 140 125 127 128 1
1 140 138 137 128 126 125 1
1 141 140 139 129 128 127 1
1 139 142 143 127 130 131 1
1 143 141 139 131 129 127 1
1 142 144 145 130 132 133 1
1 145 143 142 133 131 130 1
1 144 146 147 132 134 135 1
1 147 145 144 135 133 132 1
1 148 147 146 136 135 134 1
1 146 149 150 134 137 138 1
1 150 148 146 138 136 134 1
1 151 150 149 139 138 137 1
1 149 152 153 137 140 141 1
1 153 151 149 141 139 137 1
1 154 155 156 142 143 144 1
1 156 157 154 144 145 142 1
1 155 158 159 143 146 147 1
1 159 156 155 147 144 143 1
1 158 160 161 146 148 149 1
1 161 159 158 149 147 146 1
1 162 163 164 150 151 152 1
1 164 165 162 152 153 150 1
1 163 166 167 151 154 155 1
1 167 164 163 155 152 151 1
1 166 168 169 154 156 157 1
1 169 167 166 157 155 154 1
1 168 170 171 156 158 159 1
1 171 169 168 159 157 156 1
1 170 172 173 158 160 161 1
1 173 171 170 161 159 158 1
1 174 175 176 162 163 164 1
1 176 177 174 164 165 162 1
1 175 178 179 163 166 167 1
1 179 176 175 167 164 163 1
1 178 180 181 166 168 169 1
1 181 179 178 169 167 166 1
1 180 182 183 168 170 171 1
1 183 181 180 171 169 168 1
1 184 185 186 172 173 174 1
1 186 187 184 174 175 172 1
1 185 188 189 173 176 177 1
1 189 186 185 177 174 173 1
1 188 190 191 176 178 179 1
1 191 189 188 179 177 176 1
1 190 192 193 178 180 181 1
1 193 191 190 181 179 178 1
1 192 194 195 180 182 183 1
1 195 193 192 183 181 180 1
1 196 154 157 184 142 145 1
1 157 197 196 145 185 184 1
1 198 199 200 186 187 188 1
1 200 201 198 188 189 186 1
1 199 202 203 187 190 191 1
1 203 200 199 191 188 187 1
1 204 205 206 192 193 194 1
1 206 207 204 194 195 192 1
1 205 208 209 193 196 197 1
1 209 206 205 197 194 193 1
1 208 210 211 196 198 199 1
1 211 209 208 199 197 196 1
1 210 212 213 198 200 201 1
1 213 211 210 201 199 198 1
1 212 214 215 200 202 203 1
1 215 213 212 203 201 200 1
1 216 217 218 204 205 206 1
1 218 219 216 206 207 204 1
1 217 220 221 205 208 209 1
1 221 218 217 209 206 205 1
1 220 222 223 208 210 211 1
1 223 221 220 211 209 208 1
1 222 224 225 210 212 213 1
1 225 223 222 213 211 210 1
1 226 227 228 214 215 216 1
1 228 229 226 216 217 214 1
1 227 230 231 215 218 219 1
1 231 228 227 219 216 215 1
1 230 232 233 218 220 221 1
1 233 231 230 221 219 218 1
1 232 234 235 220 222 223 1
1 235 233 232 223 221 220 1
1 234 236 237 222 224 225 1
1 237 235 234 225 223 222 1
1 238 239 240 226 227 228 1
1 240 241 238 228 229 226 1
1 239 198 201 227 186 189 1
1 201 240 239 189 228 227 1
1 152 242 243 140 230 231 1
1 243 153 152 231 141 140 1
1 242 127 126 230 115 114 1
1 126 243 242 114 231 230 1
"MDL-Objec2" 1 1
119
1 0.546834 -0.000580 7.555552 0.197999 2.584531 -1
1 -0.546833 -0.000580 7.555552 0.802001 2.584531 -1
1 -0.546833 -0.000580 6.209124 0.802001 1.840935 -1
1 0.546834 -0.000580 6.209124 0.197999 1.840935 -1
1 -0.546833 -0.000580 7.555552 2.584531 0.867760 -1
1 -0.546832 1.168264 6.575790 2.043435 0.222240 -1
1 -0.546833 1.168264 6.209124 1.840935 0.222240 -1
1 -0.546833 -0.000580 6.209124 1.840935 0.867760 -1
1 -0.546832 1.168264 6.575790 0.197999 2.043435 -1
1 0.546834 1.168264 6.575789 0.802001 2.043435 -1
1 0.546834 1.168264 6.209123 0.802001 1.840935 -1
1 -0.546833 1.168264 6.209124 0.197999 1.840935 -1
1 0.546834 1.168264 6.575789 -1.043435 0.222240 -1
1 0.546834 -0.000580 7.555552 -1.584531 0.867760 -1
1 0.546834 -0.000580 6.209124 -0.840935 0.867760 -1
1 0.546834 1.168264 6.209123 -0.840935 0.222240 -1
1 3.149088 -0.000580 3.107877 -1.239155 0.128202 -1
1 2.959175 -0.000580 4.184927 -1.134271 0.723028 -1
1 2.412341 -0.000580 1.083682 -0.832270 -0.989705 -1
1 2.412342 -0.000580 5.132071 -0.832270 1.246109 -1
1 1.574545 -0.000580 5.835067 -0.369577 1.634354 -1
1 0.483163 -0.000580 5.848027 0.233163 1.641512 -1
1 -0.483162 -0.000580 5.848027 0.766837 1.641511 -1
1 -1.574543 -0.000580 5.835068 1.369577 1.634354 -1
1 -2.412341 -0.000580 5.132072 1.832270 1.246109 -1
1 -1.391211 -0.000580 0.698230 1.268327 -1.202580 -1
1 -2.959175 -0.000580 4.184929 2.134271 0.723028 -1
1 -3.149088 -0.000580 3.107877 2.239155 0.128202 -1
1 -2.959175 -0.000580 2.030826 2.134271 -0.466624 -1
1 -2.412342 -0.000580 1.083682 1.832270 -0.989705 -1
1 -1.574544 -0.000580 0.380687 1.369577 -1.377950 -1
1 -0.546834 -0.000580 0.006631 0.802001 -1.584531 -1
1 0.546833 -0.000580 0.006631 0.197999 -1.584531 -1
1 0.483162 -0.000580 0.367727 0.233163 -1.385108 -1
1 1.574544 -0.000580 0.380687 -0.369578 -1.377950 -1
1 2.131458 -0.000580 1.319371 -0.677146 -0.859540 -1
1 2.959175 -0.000580 2.030825 -1.134271 -0.466624 -1
1 2.959174 1.168264 2.030825 2.134271 -0.466624 -1
1 2.412341 1.168264 1.083682 1.832270 -0.989705 -1
1 2.131458 1.168264 1.319371 1.677146 -0.859540 -1
1 2.614620 1.168263 2.156232 1.943983 -0.397365 -1
1 1.574544 1.168263 0.380687 1.369578 -1.377950 -1
1 1.391210 1.168263 0.698229 1.268328 -1.202580 -1
1 0.546833 1.168263 0.006631 0.802001 -1.584531 -1
1 0.483162 1.168263 0.367727 0.766837 -1.385108 -1
1 -0.546834 1.168263 0.006631 0.197999 -1.584531 -1
1 -0.483163 1.168263 0.367727 0.233163 -1.385108 -1
1 -1.574544 1.168263 0.380687 -0.369577 -1.377950 -1
1 -1.391211 1.168263 0.698230 -0.268327 -1.202580 -1
1 -2.412342 1.168264 1.083682 -0.832270 -0.989705 -1
1 -2.131459 1.168264 1.319371 -0.677146 -0.859541 -1
1 -2.959175 1.168264 2.030825 -1.134271 -0.466624 -1
1 -2.614621 1.168263 2.156233 -0.943983 -0.397365 -1
1 -3.149088 1.168264 3.107877 -1.239155 0.128202 -1
1 -2.782421 1.168264 3.107877 -1.036655 0.128202 -1
1 -2.959174 1.168263 4.184929 -1.134271 0.723028 -1
1 -2.614620 1.168264 4.059521 -0.943983 0.653769 -1
1 -2.412341 1.168264 5.132072 -0.832270 1.246109 -1
1 -2.131458 1.168263 4.896383 -0.677146 1.115945 -1
1 -1.574543 1.168264 5.835067 -0.369577 1.634354 -1
1 -1.391210 1.168264 5.517525 -0.268327 1.458984 -1
1 -0.483162 1.168264 5.848027 0.233163 1.641511 -1
1 0.483163 1.168264 5.848026 0.766837 1.641511 -1
1 1.574545 1.168264 5.835067 1.369577 1.634354 -1
1 1.391211 1.168264 5.517524 1.268327 1.458984 -1
1 2.412342 1.168264 5.132071 1.832270 1.246109 -1
1 2.131459 1.168263 4.896381 1.677146 1.115944 -1
1 2.959175 1.168263 4.184927 2.134271 0.723028 -1
1 2.614621 1.168264 4.059520 1.943983 0.653769 -1
1 3.149088 1.168264 3.107877 2.239155 0.128202 -1
1 2.782421 1.168264 3.107877 2.036655 0.128202 -1
1 2.959175 -0.000580 2.030825 1.466624 0.867760 -1
1 2.412341 -0.000580 1.083682 1.989705 0.867760 -1
1 2.412341 1.168264 1.083682 1.989705 0.222240 -1
1 2.959174 1.168264 2.030825 1.466624 0.222240 -1
1 2.412341 -0.000580 1.083682 -0.832270 0.867760 -1
1 1.574544 -0.000580 0.380687 -0.369578 0.867760 -1
1 1.574544 1.168263 0.380687 -0.369578 0.222240 -1
1 2.412341 1.168264 1.083682 -0.832270 0.222240 -1
1 0.546833 -0.000580 0.006631 0.197999 0.867760 -1
1 0.546833 1.168263 0.006631 0.197999 0.222240 -1
1 -0.546834 -0.000580 0.006631 0.802001 0.867760 -1
1 -0.546834 1.168263 0.006631 0.802001 0.222240 -1
1 -1.574544 -0.000580 0.380687 1.369577 0.867760 -1
1 -1.574544 1.168263 0.380687 1.369577 0.222240 -1
1 -2.412342 -0.000580 1.083682 1.832270 0.867760 -1
1 -2.412342 1.168264 1.083682 1.832270 0.222240 -1
1 -2.412342 -0.000580 1.083682 -0.989705 0.867760 -1
1 -2.959175 -0.000580 2.030826 -0.466624 0.867760 -1
1 -2.959175 1.168264 2.030825 -0.466624 0.222240 -1
1 -2.412342 1.168264 1.083682 -0.989705 0.222240 -1
1 -3.149088 -0.000580 3.107877 0.128202 0.867760 -1
1 -3.149088 1.168264 3.107877 0.128202 0.222240 -1
1 -2.959175 -0.000580 4.184929 0.723028 0.867760 -1
1 -2.959174 1.168263 4.184929 0.723028 0.222240 -1
1 -2.412341 -0.000580 5.132072 1.246109 0.867760 -1
1 -2.412341 1.168264 5.132072 1.246109 0.222240 -1
1 -2.412341 -0.000580 5.132072 -0.832270 0.867760 -1
1 -1.574543 -0.000580 5.835068 -0.369577 0.867760 -1
1 -1.574543 1.168264 5.835067 -0.369577 0.222240 -1
1 -2.412341 1.168264 5.132072 -0.832270 0.222240 -1
1 -0.546833 -0.000580 6.209124 0.197999 0.867760 -1
1 -0.546833 1.168264 6.209124 0.197999 0.222240 -1
1 -0.546833 -0.000580 7.555552 0.197999 0.867760 -1
1 0.546834 -0.000580 7.555552 0.802001 0.867760 -1
1 0.546834 1.168264 6.575789 0.802001 0.222240 -1
1 -0.546832 1.168264 6.575790 0.197999 0.222240 -1
1 0.546834 -0.000580 6.209124 0.802001 0.867760 -1
1 1.574545 -0.000580 5.835067 1.369577 0.867760 -1
1 1.574545 1.168264 5.835067 1.369577 0.222240 -1
1 0.546834 1.168264 6.209123 0.802001 0.222240 -1
1 2.412342 -0.000580 5.132071 1.832270 0.867760 -1
1 2.412342 1.168264 5.132071 1.832270 0.222240 -1
1 2.412342 -0.000580 5.132071 -0.246109 0.867760 -1
1 2.959175 -0.000580 4.184927 0.276972 0.867760 -1
1 2.959175 1.168263 4.184927 0.276972 0.222240 -1
1 2.412342 1.168264 5.132071 -0.246109 0.222240 -1
1 3.149088 -0.000580 3.107877 0.871798 0.867760 -1
1 3.149088 1.168264 3.107877 0.871798 0.222240 -1
81
0.000000 -1.000000 0.000000
-1.000000 0.000000 0.000000
-1.000000 0.000000 0.000000
-1.000000 0.000000 0.000000
0.000000 1.000000 0.000000
1.000000 -0.000000 -0.000000
1.000000 -0.000000 -0.000000
1.000000 -0.000000 -0.000000
-0.000001 1.000000 0.000000
-0.000000 1.000000 -0.000000
-0.000000 1.000000 0.000000
-0.000001 1.000000 0.000000
-0.000000 1.000000 -0.000000
0.000000 1.000000 -0.000000
0.000000 1.000000 -0.000000
0.000000 1.000000 0.000000
0.000000 1.000000 -0.000000
0.000001 1.000000 0.000000
0.000001 1.000000 0.000000
-0.000000 1.000000 0.000000
0.000000 1.000000 -0.000000
-0.000000 1.000000 0.000000
-0.000001 1.000000 0.000001
0.000000 1.000000 -0.000001
0.000000 1.000000 -0.000000
0.000000 1.000000 -0.000000
-0.000000 1.000000 -0.000000
0.000000 1.000000 -0.000000
-0.000000 1.000000 -0.000000
-0.000001 1.000000 -0.000001
0.000001 1.000000 0.000000
0.000000 1.000000 0.000000
-0.000000 1.000000 0.000000
0.000000 1.000000 0.000000
0.918006 0.000000 -0.396567
0.866025 0.000000 -0.500000
0.866025 0.000000 -0.500000
0.958142 0.000000 -0.286295
0.642788 0.000000 -0.766044
0.448325 0.000000 -0.893871
0.549952 0.000000 -0.835196
0.642788 0.000000 -0.766045
0.115566 -0.000000 -0.993300
0.231132 0.000000 -0.972922
-0.231132 -0.000000 -0.972922
-0.115566 -0.000000 -0.993300
-0.549952 0.000000 -0.835196
-0.448325 -0.000000 -0.893871
-0.642788 0.000000 -0.766044
-0.642788 0.000000 -0.766044
-0.866025 -0.000000 -0.500000
-0.958142 -0.000000 -0.286295
-0.918006 -0.000000 -0.396567
-0.866025 0.000000 -0.500000
-0.998277 0.000000 0.058674
-0.998277 -0.000000 -0.058674
-0.918006 0.000000 0.396567
-0.958142 0.000000 0.286295
-0.866025 0.000000 0.500000
-0.866025 0.000000 0.500000
-0.642787 0.000000 0.766045
-0.448325 0.000000 0.893871
-0.549952 0.000000 0.835196
-0.642787 0.000000 0.766045
-0.342020 0.000000 0.939693
-0.342020 0.000000 0.939693
0.000000 0.642397 0.766372
0.000000 0.642398 0.766371
0.000001 0.642397 0.766372
0.342020 0.000000 0.939692
0.549953 -0.000000 0.835196
0.448325 0.000000 0.893870
0.342020 0.000001 0.939693
0.642788 -0.000000 0.766044
0.642788 -0.000000 0.766044
0.866026 -0.000000 0.499999
0.958142 0.000000 0.286295
0.918006 -0.000000 0.396566
0.866026 -0.000000 0.499999
0.998277 0.000000 -0.058674
0.998277 0.000000 0.058674
106
1 0 1 2 0 0 0 1
1 2 3 0 0 0 0 1
1 4 5 6 1 2 1 1
1 6 7 4 1 3 1 1
1 8 9 10 4 4 4 1
1 10 11 8 4 4 4 1
1 12 13 14 5 6 5 1
1 14 15 12 5 7 5 1
1 16 17 18 0 0 0 1
1 17 19 18 0 0 0 1
1 19 20 18 0 0 0 1
1 20 3 21 0 0 0 1
1 21 18 20 0 0 0 1
1 3 2 22 0 0 0 1
1 22 21 3 0 0 0 1
1 2 23 22 0 0 0 1
1 23 24 25 0 0 0 1
1 25 22 23 0 0 0 1
1 24 26 25 0 0 0 1
1 26 27 25 0 0 0 1
1 27 28 25 0 0 0 1
1 28 29 25 0 0 0 1
1 29 30 25 0 0 0 1
1 30 31 25 0 0 0 1
1 31 32 33 0 0 0 1
1 33 25 31 0 0 0 1
1 32 34 33 0 0 0 1
1 34 18 35 0 0 0 1
1 35 33 34 0 0 0 1
1 36 16 18 0 0 0 1
1 37 38 39 8 9 10 1
1 39 40 37 10 11 8 1
1 38 41 42 9 12 9 1
1 42 39 38 9 10 9 1
1 41 43 44 12 4 4 1
1 44 42 41 4 9 12 1
1 43 45 46 4 4 4 1
1 46 44 43 4 4 4 1
1 45 47 48 4 13 14 1
1 48 46 45 14 4 4 1
1 47 49 50 13 15 16 1
1 50 48 47 16 14 13 1
1 49 51 52 15 17 18 1
1 52 50 49 18 16 15 1
1 51 53 54 17 19 20 1
1 54 52 51 20 18 17 1
1 53 55 56 19 21 22 1
1 56 54 53 22 20 19 1
1 55 57 58 21 23 24 1
1 58 56 55 24 22 21 1
1 57 59 60 23 4 25 1
1 60 58 57 25 24 23 1
1 59 11 61 4 4 4 1
1 61 60 59 4 25 4 1
1 11 10 62 4 4 4 1
1 62 61 11 4 4 4 1
1 10 63 64 4 26 27 1
1 64 62 10 27 4 4 1
1 63 65 66 26 28 29 1
1 66 64 63 29 27 26 1
1 65 67 68 28 30 31 1
1 68 66 65 31 29 28 1
1 67 69 70 30 32 33 1
1 70 68 67 33 31 30 1
1 69 37 40 32 8 11 1
1 40 70 69 11 33 32 1
1 71 72 73 34 35 36 1
1 73 74 71 36 37 34 1
1 75 76 77 38 39 40 1
1 77 78 75 40 41 38 1
1 76 79 80 39 42 43 1
1 80 77 76 43 40 39 1
1 79 81 82 42 44 45 1
1 82 80 79 45 43 42 1
1 81 83 84 44 46 47 1
1 84 82 81 47 45 44 1
1 83 85 86 46 48 49 1
1 86 84 83 49 47 46 1
1 87 88 89 50 51 52 1
1 89 90 87 52 53 50 1
1 88 91 92 51 54 55 1
1 92 89 88 55 52 51 1
1 91 93 94 54 56 57 1
1 94 92 91 57 55 54 1
1 93 95 96 56 58 59 1
1 96 94 93 59 57 56 1
1 97 98 99 60 61 62 1
1 99 100 97 62 63 60 1
1 98 101 102 61 64 65 1
1 102 99 98 65 62 61 1
1 103 104 105 66 67 66 1
1 105 106 103 66 68 66 1
1 107 108 109 69 70 71 1
1 109 110 107 71 72 69 1
1 108 111 112 70 73 74 1
1 112 109 108 74 71 70 1
1 113 114 115 75 76 77 1
1 115 116 113 77 78 75 1
1 114 117 118 76 79 80 1
1 118 115 114 80 77 76 1
1 117 71 74 79 34 37 1
1 74 118 117 37 80 79 1
1 35 21 25 0 0 0 1
1 21 22 25 0 0 0 1
1 35 18 21 0 0 0 1
1 25 33 35 0 0 0 1
"MDL-Objec3" 1 2
36
1 2.654033 6.931095 3.107876 2.942916 0.500001 -1
1 2.493975 6.931095 2.200143 2.795590 -0.335526 -1
1 1.317032 6.931095 2.628516 1.712268 0.058771 -1
1 1.401556 6.931095 3.107876 1.790068 0.500001 -1
1 2.033106 6.931095 1.401897 2.371382 -1.070275 -1
1 1.073654 6.931095 2.206974 1.488250 -0.329239 -1
1 1.327016 6.931095 0.809417 1.721458 -1.615627 -1
1 0.700778 6.931095 1.894093 1.145034 -0.617231 -1
1 0.460868 6.931095 0.494164 0.924208 -1.905802 -1
1 0.243378 6.931095 1.727613 0.724018 -0.770469 -1
1 -0.460868 6.931095 0.494164 0.075793 -1.905802 -1
1 -0.243378 6.931095 1.727613 0.275982 -0.770469 -1
1 -1.327016 6.931095 0.809417 -0.721457 -1.615627 -1
1 -0.700778 6.931095 1.894094 -0.145034 -0.617231 -1
1 -2.033107 6.931095 1.401897 -1.371382 -1.070276 -1
1 -1.073654 6.931095 2.206974 -0.488249 -0.329240 -1
1 -2.493975 6.931095 2.200144 -1.795590 -0.335526 -1
1 -1.317031 6.931095 2.628516 -0.712267 0.058771 -1
1 -2.654033 6.931095 3.107877 -1.942916 0.500000 -1
1 -1.401555 6.931095 3.107877 -0.790068 0.500000 -1
1 -2.493974 6.931095 4.015610 -1.795590 1.335526 -1
1 -1.317031 6.931095 3.587237 -0.712267 0.941229 -1
1 -2.033106 6.931095 4.813856 -1.371382 2.070276 -1
1 -1.073654 6.931095 4.008780 -0.488249 1.329240 -1
1 -1.327016 6.931095 5.406336 -0.721458 2.615627 -1
1 -0.700778 6.931095 4.321659 -0.145034 1.617231 -1
1 -0.460867 6.931095 5.721588 0.075792 2.905802 -1
1 -0.243377 6.931095 4.488139 0.275982 1.770469 -1
1 0.460869 6.931095 5.721588 0.924208 2.905802 -1
1 0.243378 6.931095 4.488139 0.724018 1.770469 -1
1 1.327017 6.931095 5.406336 1.721458 2.615627 -1
1 0.700778 6.931095 4.321659 1.145034 1.617232 -1
1 2.033107 6.931095 4.813855 2.371382 2.070276 -1
1 1.073654 6.931095 4.008779 1.488250 1.329240 -1
1 2.493975 6.931095 4.015608 2.795590 1.335526 -1
1 1.317032 6.931095 3.587236 1.712268 0.941229 -1
1
0.000000 1.000000 0.000000
36
1 0 1 2 0 0 0 1
1 2 3 0 0 0 0 1
1 1 4 5 0 0 0 1
1 5 2 1 0 0 0 1
1 4 6 7 0 0 0 1
1 7 5 4 0 0 0 1
1 6 8 9 0 0 0 1
1 9 7 6 0 0 0 1
1 8 10 11 0 0 0 1
1 11 9 8 0 0 0 1
1 10 12 13 0 0 0 1
1 13 11 10 0 0 0 1
1 12 14 15 0 0 0 1
1 15 13 12 0 0 0 1
1 14 16 17 0 0 0 1
1 17 15 14 0 0 0 1
1 16 18 19 0 0 0 1
1 19 17 16 0 0 0 1
1 18 20 21 0 0 0 1
1 21 19 18 0 0 0 1
1 20 22 23 0 0 0 1
1 23 21 20 0 0 0 1
1 22 24 25 0 0 0 1
1 25 23 22 0 0 0 1
1 24 26 27 0 0 0 1
1 27 25 24 0 0 0 1
1 26 28 29 0 0 0 1
1 29 27 26 0 0 0 1
1 28 30 31 0 0 0 1
1 31 29 28 0 0 0 1
1 30 32 33 0 0 0 1
1 33 31 30 0 0 0 1
1 32 34 35 0 0 0 1
1 35 33 32 0 0 0 1
1 34 0 3 0 0 0 1
1 3 35 34 0 0 0 1
"MDL-Objec4" 1 3
74
1 2.782421 1.463100 3.107876 2.084745 2.149706 -1
1 2.614620 1.463100 2.156232 2.588492 2.149706 -1
1 2.682612 6.858442 2.131485 2.588492 -0.966720 -1
1 2.854777 6.858442 3.107876 2.084745 -0.966720 -1
1 2.131458 1.463100 1.319371 3.092239 2.149706 -1
1 2.186886 6.858442 1.272861 3.092239 -0.966720 -1
1 1.391210 1.463100 0.698229 3.595987 2.149706 -1
1 1.427388 6.858441 0.635567 3.595987 -0.966720 -1
1 0.489444 1.463100 0.332098 4.099733 2.149706 -1
1 0.495727 6.858441 0.296470 4.099733 -0.966720 -1
1 -0.483163 1.463100 0.367727 4.603481 2.149706 -1
1 -0.495727 6.858441 0.296471 4.603481 -0.966720 -1
1 -0.483163 1.463100 0.367727 -4.463967 2.149706 -1
1 -1.391211 1.463100 0.698230 -3.960220 2.149706 -1
1 -1.427389 6.858441 0.635568 -3.960220 -0.966720 -1
1 -0.495727 6.858441 0.296471 -4.463967 -0.966720 -1
1 -2.131459 1.463100 1.319371 -3.456473 2.149706 -1
1 -2.186886 6.858442 1.272862 -3.456473 -0.966720 -1
1 -2.614621 1.463100 2.156233 -2.952726 2.149706 -1
1 -2.682613 6.858442 2.131485 -2.952726 -0.966720 -1
1 -2.782421 1.463100 3.107877 -2.448979 2.149706 -1
1 -2.854777 6.858441 3.107877 -2.448979 -0.966720 -1
1 -2.614620 1.463100 4.059521 -1.945232 2.149706 -1
1 -2.682612 6.858441 4.084269 -1.945232 -0.966720 -1
1 -2.131458 1.463100 4.896383 -1.441484 2.149706 -1
1 -2.186886 6.858442 4.942892 -1.441484 -0.966720 -1
1 -1.391210 1.463100 5.517525 -0.937737 2.149706 -1
1 -1.427388 6.858442 5.580186 -0.937737 -0.966720 -1
1 -0.489444 1.463100 5.883656 -0.433990 2.149706 -1
1 -0.495726 6.858442 5.919283 -0.433990 -0.966720 -1
1 0.483163 1.463100 5.848026 0.069757 2.149706 -1
1 0.495728 6.858442 5.919283 0.069757 -0.966720 -1
1 1.391211 1.463100 5.517524 0.573504 2.149706 -1
1 1.427389 6.858442 5.580185 0.573504 -0.966720 -1
1 2.131459 1.463100 4.896381 1.077252 2.149706 -1
1 2.186887 6.858442 4.942891 1.077252 -0.966720 -1
1 2.614621 1.463100 4.059520 1.580998 2.149706 -1
1 2.682613 6.858441 4.084267 1.580998 -0.966720 -1
1 2.493975 6.931095 2.200143 1.360846 0.186678 -1
1 2.654033 6.931095 3.107876 1.416093 0.500000 -1
1 2.854777 6.989038 3.107876 1.485384 0.500000 -1
1 2.682612 6.989038 2.131485 1.425958 0.162979 -1
1 2.493975 6.931095 4.015608 1.360846 0.813322 -1
1 2.682613 6.989038 4.084267 1.425958 0.837021 -1
1 2.033107 6.931095 4.813855 1.201768 1.088853 -1
1 2.186886 6.989038 4.942891 1.254848 1.133393 -1
1 1.327017 6.931095 5.406336 0.958047 1.293360 -1
1 1.427389 6.989038 5.580185 0.992692 1.353368 -1
1 0.460869 6.931095 5.721588 0.659078 1.402176 -1
1 0.495728 6.989038 5.919282 0.671110 1.470414 -1
1 -0.460867 6.931095 5.721588 0.340922 1.402176 -1
1 -0.495726 6.989038 5.919282 0.328890 1.470414 -1
1 -1.327016 6.931095 5.406336 0.041953 1.293360 -1
1 -1.427388 6.989038 5.580186 0.007308 1.353368 -1
1 -2.033106 6.931095 4.813856 -0.201768 1.088853 -1
1 -2.186886 6.989038 4.942892 -0.254848 1.133393 -1
1 -2.493974 6.931095 4.015610 -0.360846 0.813322 -1
1 -2.682612 6.989038 4.084269 -0.425958 0.837021 -1
1 -2.654033 6.931095 3.107877 -0.416093 0.500000 -1
1 -2.854777 6.989038 3.107877 -0.485384 0.500000 -1
1 -2.493975 6.931095 2.200144 -0.360846 0.186678 -1
1 -2.682613 6.989038 2.131485 -0.425958 0.162979 -1
1 -2.033107 6.931095 1.401897 -0.201768 -0.088854 -1
1 -2.186886 6.989038 1.272861 -0.254848 -0.133393 -1
1 -1.327016 6.931095 0.809417 0.041953 -0.293360 -1
1 -1.427389 6.989038 0.635567 0.007308 -0.353368 -1
1 -0.460868 6.931095 0.494164 0.340922 -0.402176 -1
1 -0.495727 6.989038 0.296470 0.328890 -0.470414 -1
1 0.460868 6.931095 0.494164 0.659078 -0.402176 -1
1 0.495727 6.989038 0.296470 0.671110 -0.470414 -1
1 1.327016 6.931095 0.809417 0.958047 -0.293360 -1
1 1.427388 6.989038 0.635567 0.992692 -0.353368 -1
1 2.033106 6.931095 1.401897 1.201768 -0.088853 -1
1 2.186886 6.989038 1.272861 1.254848 -0.133393 -1
74
0.998188 -0.013386 -0.058669
0.917924 -0.013386 -0.396531
0.958056 -0.013386 -0.286269
0.998188 -0.013386 0.058669
0.726944 -0.013386 -0.686566
0.802368 -0.013386 -0.596680
0.459253 -0.011125 -0.888236
0.549903 -0.013386 -0.835121
0.115287 -0.008977 -0.993292
0.243050 -0.008923 -0.969973
-0.036604 -0.013282 -0.999242
-0.018305 -0.009945 -0.999783
-0.341990 -0.013206 -0.939611
-0.549903 -0.013386 -0.835121
-0.448285 -0.013386 -0.893790
-0.341990 -0.013206 -0.939611
-0.802368 -0.013386 -0.596680
-0.726944 -0.013386 -0.686566
-0.958056 -0.013386 -0.286269
-0.917924 -0.013386 -0.396531
-0.998188 -0.013386 0.058669
-0.998188 -0.013386 -0.058669
-0.917924 -0.013386 0.396531
-0.958056 -0.013386 0.286270
-0.726944 -0.013386 0.686566
-0.802368 -0.013386 0.596680
-0.459253 -0.011125 0.888236
-0.549903 -0.013386 0.835121
-0.115287 -0.008977 0.993292
-0.243050 -0.008923 0.969973
0.242822 -0.013376 0.969979
0.127762 -0.011167 0.991742
0.549903 -0.013386 0.835121
0.448285 -0.013386 0.893790
0.802368 -0.013387 0.596679
0.726945 -0.013387 0.686566
0.958056 -0.013386 0.286269
0.917924 -0.013387 0.396531
-0.266137 0.960649 0.079522
-0.277285 0.960650 -0.016298
-0.277285 0.960649 0.016298
-0.254988 0.960650 0.110152
-0.254988 0.960650 -0.110152
-0.266136 0.960650 -0.079522
-0.201936 0.960650 -0.190720
-0.222888 0.960650 -0.165750
-0.124528 0.960649 -0.248285
-0.152757 0.960650 -0.231987
-0.032100 0.960649 -0.275903
-0.064200 0.960649 -0.270243
0.064200 0.960649 -0.270242
0.032100 0.960649 -0.275903
0.152756 0.960650 -0.231986
0.124528 0.960650 -0.248284
0.222888 0.960650 -0.165750
0.201936 0.960650 -0.190720
0.266136 0.960650 -0.079522
0.254988 0.960650 -0.110152
0.277285 0.960650 0.016298
0.277285 0.960650 -0.016298
0.254988 0.960650 0.110152
0.266136 0.960650 0.079522
0.201937 0.960650 0.190720
0.222888 0.960650 0.165750
0.124528 0.960650 0.248283
0.152757 0.960650 0.231987
0.032100 0.960651 0.275898
0.064200 0.960650 0.270239
-0.064200 0.960650 0.270239
-0.032100 0.960651 0.275898
-0.152756 0.960650 0.231986
-0.124528 0.960650 0.248283
-0.222888 0.960650 0.165750
-0.201936 0.960650 0.190720
72
1 0 1 2 0 1 2 1
1 2 3 0 2 3 0 1
1 1 4 5 1 4 5 1
1 5 2 1 5 2 1 1
1 4 6 7 4 6 7 1
1 7 5 4 7 5 4 1
1 6 8 9 6 8 9 1
1 9 7 6 9 7 6 1
1 8 10 11 8 10 11 1
1 11 9 8 11 9 8 1
1 12 13 14 12 13 14 1
1 14 15 12 14 15 12 1
1 13 16 17 13 16 17 1
1 17 14 13 17 14 13 1
1 16 18 19 16 18 19 1
1 19 17 16 19 17 16 1
1 18 20 21 18 20 21 1
1 21 19 18 21 19 18 1
1 20 22 23 20 22 23 1
1 23 21 20 23 21 20 1
1 22 24 25 22 24 25 1
1 25 23 22 25 23 22 1
1 24 26 27 24 26 27 1
1 27 25 24 27 25 24 1
1 26 28 29 26 28 29 1
1 29 27 26 29 27 26 1
1 28 30 31 28 30 31 1
1 31 29 28 31 29 28 1
1 30 32 33 30 32 33 1
1 33 31 30 33 31 30 1
1 32 34 35 32 34 35 1
1 35 33 32 35 33 32 1
1 34 36 37 34 36 37 1
1 37 35 34 37 35 34 1
1 36 0 3 36 0 3 1
1 3 37 36 3 37 36 1
1 38 39 40 38 39 40 1
1 40 41 38 40 41 38 1
1 39 42 43 39 42 43 1
1 43 40 39 43 40 39 1
1 42 44 45 42 44 45 1
1 45 43 42 45 43 42 1
1 44 46 47 44 46 47 1
1 47 45 44 47 45 44 1
1 46 48 49 46 48 49 1
1 49 47 46 49 47 46 1
1 48 50 51 48 50 51 1
1 51 49 48 51 49 48 1
1 50 52 53 50 52 53 1
1 53 51 50 53 51 50 1
1 52 54 55 52 54 55 1
1 55 53 52 55 53 52 1
1 54 56 57 54 56 57 1
1 57 55 54 57 55 54 1
1 56 58 59 56 58 59 1
1 59 57 56 59 57 56 1
1 58 60 61 58 60 61 1
1 61 59 58 61 59 58 1
1 60 62 63 60 62 63 1
1 63 61 60 63 61 60 1
1 62 64 65 62 64 65 1
1 65 63 62 65 63 62 1
1 64 66 67 64 66 67 1
1 67 65 64 67 65 64 1
1 66 68 69 66 68 69 1
1 69 67 66 69 67 66 1
1 68 70 71 68 70 71 1
1 71 69 68 71 69 68 1
1 70 72 73 70 72 73 1
1 73 71 70 73 71 70 1
1 72 38 41 72 38 41 1
1 41 73 72 41 73 72 1

Materials: 5
"Object01Cls_5_-_"
0.584314 0.584314 0.584314 1.000000
0.584314 0.584314 0.584314 1.000000
0.894118 0.894118 0.894118 1.000000
0.000000 0.000000 0.000000 1.000000
125.440002
1.000000
"METALL_3.tga"
""
"Object01Cls_6_-_"
0.584314 0.584314 0.584314 1.000000
0.584314 0.584314 0.584314 1.000000
0.894118 0.894118 0.894118 1.000000
0.000000 0.000000 0.000000 1.000000
125.440002
1.000000
"CON_13.tga"
""
"Object01Cls_4_-_"
0.584314 0.584314 0.584314 1.000000
0.584314 0.584314 0.584314 1.000000
0.894118 0.894118 0.894118 1.000000
0.000000 0.000000 0.000000 1.000000
125.440002
1.000000
"BODEN_3.tga"
""
"Object01Cls_3_-_"
0.584314 0.584314 0.584314 1.000000
0.584314 0.584314 0.584314 1.000000
0.894118 0.894118 0.894118 1.000000
0.000000 0.000000 0.000000 1.000000
125.440002
1.000000
"MET_12.tga"
""
"Material"
0.117647 0.117647 0.117647 1.000000
0.752941 0.752941 0.752941 1.000000
0.752941 0.752941 0.752941 1.000000
0.000000 0.000000 0.000000 1.000000
125.440002
1.000000
""
""

Bones: 0
GroupComments: 0
MaterialComments: 0
BoneComments: 0
ModelComment: 0
