// MilkShape 3D ASCII

Frames: 30
Frame: 1

Meshes: 8
"LOD11" 1 0
103
1 6.552116 5.095268 8.148547 1.708874 0.981368 -1
1 5.103856 5.773467 4.289049 1.441668 0.103775 -1
1 3.389771 5.560993 5.498194 1.125417 0.378717 -1
1 2.347045 5.095268 8.148547 0.933033 0.981368 -1
1 2.347045 4.116547 12.080060 0.933033 1.875336 -1
1 6.552116 4.116547 12.080060 1.708874 1.875337 -1
1 6.552116 6.530117 -0.016903 1.708874 -0.875336 -1
1 4.520280 6.073611 2.580983 1.333998 -0.284615 -1
1 0.708377 5.761515 4.357059 0.630696 0.119239 -1
1 1.497641 5.784068 4.228717 0.776317 0.090056 -1
1 1.962401 5.845779 3.877529 0.862066 0.010201 -1
1 -0.091302 6.033195 2.810983 0.483155 -0.232316 -1
1 -0.222879 5.436677 6.205657 0.458879 0.539583 -1
1 2.033518 5.669213 4.882333 0.933033 0.271052 -1
1 -4.897179 5.405238 6.384567 -0.403536 0.580265 -1
1 -3.094992 5.679184 4.825590 -0.071030 0.225776 -1
1 -2.434494 6.050593 2.711975 0.050833 -0.254829 -1
1 -2.778526 6.173322 2.013548 -0.012641 -0.413642 -1
1 -6.552116 6.530117 -0.016903 -0.708874 -0.875337 -1
1 -2.274611 6.241222 1.627142 0.080332 -0.501504 -1
1 -6.552116 5.095268 8.148547 -0.708874 0.981368 -1
1 -1.733353 5.095268 8.148547 0.180194 0.981368 -1
1 -3.301455 5.314966 6.898289 -0.109123 0.697077 -1
1 -4.707788 5.323298 6.850871 -0.368593 0.686295 -1
1 -5.312241 5.360974 6.636461 -0.480116 0.637542 -1
1 2.757192 5.858057 3.807665 1.008706 -0.005685 -1
1 4.075812 6.054642 2.688929 1.251993 -0.260069 -1
1 -0.693005 5.036479 8.513587 0.372140 1.064372 -1
1 -2.160046 5.073741 8.333478 0.101468 1.023418 -1
1 -2.662574 4.952165 8.595431 0.991248 1.082983 -1
1 -6.886316 4.992870 8.482747 1.770534 1.057360 -1
1 -6.552116 4.992870 8.148547 1.708874 0.981368 -1
1 -2.160046 4.972451 8.317348 0.898532 1.019751 -1
1 -6.886316 5.095268 8.482747 -0.770535 1.057360 -1
1 -2.790274 5.018641 8.677503 -0.014809 1.101645 -1
1 -0.765469 6.163538 2.069222 0.358770 -0.400982 -1
1 -0.693005 4.936976 8.497741 0.627860 1.060769 -1
1 -1.733353 4.992870 8.148547 0.819806 0.981368 -1
1 2.347045 4.992870 8.148547 0.066967 0.981368 -1
1 -1.736474 5.060686 8.468072 0.180575 1.054203 -1
1 -6.886316 6.427718 -0.351103 1.770534 -0.951329 -1
1 -6.552116 6.427718 -0.016903 1.708874 -0.875337 -1
1 -1.934434 5.453381 6.110592 0.180194 0.568592 -1
1 6.886316 4.014150 12.414260 -0.770534 1.951329 -1
1 2.012845 4.014147 12.414258 0.128628 1.951328 -1
1 2.347045 4.014149 12.080058 0.066967 1.875336 -1
1 6.552116 4.014150 12.080060 -0.708874 1.875337 -1
1 -1.734518 4.959713 8.452622 0.820021 1.050510 -1
1 -1.295489 5.329065 6.818048 0.260980 0.678832 -1
1 2.012845 4.902178 8.482747 0.128628 1.057360 -1
1 -0.525529 4.924448 8.574519 0.596961 1.078228 -1
1 -4.124266 5.436457 6.206908 -0.260932 0.539867 -1
1 -3.599130 5.492590 5.887463 -0.164044 0.467230 -1
1 -2.961197 5.572294 5.433882 -0.046345 0.364093 -1
1 -1.736474 5.060686 8.468072 0.179618 1.054023 -1
1 -5.459049 5.017177 8.773902 -0.507202 1.123564 -1
1 -3.314233 5.004056 8.734632 -0.111480 1.114635 -1
1 -2.790274 4.921135 8.661975 1.014809 1.098114 -1
1 -3.314233 4.906552 8.719104 1.111480 1.111104 -1
1 -5.459048 4.914779 8.773902 1.507202 1.123564 -1
1 -1.736474 5.060686 8.468072 0.247078 0.820382 -1
1 -1.734518 4.959713 8.452622 0.268316 0.820021 -1
1 -0.693005 4.936976 8.497741 0.273098 0.627860 -1
1 -0.693005 5.036479 8.513587 0.252169 0.627860 -1
1 2.012845 5.004576 8.482747 0.871372 1.057360 -1
1 -0.556311 5.028713 8.576644 0.397284 1.078604 -1
1 -5.459048 4.914779 8.773902 0.277767 1.507202 -1
1 -5.459049 5.017177 8.773902 0.256229 1.507202 -1
1 -6.886316 5.095268 8.482747 0.239804 1.770535 -1
1 -6.886316 4.992870 8.482747 0.261342 1.770534 -1
1 -6.886316 5.095268 8.482747 0.077295 -0.021022 -1
1 -6.886316 6.530117 -0.351103 0.093445 2.010147 -1
1 -6.886316 6.427718 -0.351103 0.114717 2.006778 -1
1 -6.886316 4.992870 8.482747 0.098567 -0.024391 -1
1 -3.314233 5.004056 8.734632 0.258989 1.111480 -1
1 -3.314233 4.906552 8.719104 0.279497 1.111480 -1
1 -2.790274 4.921135 8.661975 0.276430 1.014809 -1
1 -2.790274 5.018641 8.677503 0.255921 1.014809 -1
1 -2.662574 4.952165 8.595431 0.269903 0.991249 -1
1 -2.160046 4.972451 8.317348 0.265637 0.898532 -1
1 -2.160046 5.073741 8.333478 0.244332 0.898532 -1
1 6.886316 6.530117 -0.351103 1.770535 -0.951328 -1
1 -6.886316 6.530117 -0.351103 -0.770534 -0.951329 -1
1 6.885212 5.095268 8.148547 1.770331 0.981368 -1
1 2.012845 4.014147 12.414258 0.467198 0.128628 -1
1 6.886316 4.014150 12.414260 0.467197 -0.770534 -1
1 6.886316 4.116547 12.414260 0.445660 -0.770534 -1
1 2.012845 4.116545 12.414260 0.445661 0.128628 -1
1 2.012845 5.004576 8.482747 0.096135 -0.024007 -1
1 2.012845 4.902178 8.482747 0.117408 -0.027376 -1
1 2.012845 4.014147 12.414258 0.162042 -0.939557 -1
1 2.012845 4.116545 12.414260 0.140769 -0.936188 -1
1 -3.384374 4.975031 8.821074 0.265094 1.124422 -1
1 -3.396589 4.873595 8.820779 0.286429 1.126675 -1
1 2.012845 5.004576 8.482747 0.258880 0.128628 -1
1 -0.556311 5.028713 8.576644 0.253803 0.602640 -1
1 -0.525529 4.924448 8.574519 0.275733 0.596961 -1
1 2.012845 4.902178 8.482747 0.280417 0.128628 -1
1 -2.636916 5.590059 5.332784 0.013486 0.341104 -1
1 2.012845 4.116545 12.414260 0.871372 1.951329 -1
1 6.886316 4.116547 12.414260 1.770534 1.951329 -1
1 -3.384374 4.975031 8.821074 -0.124422 1.134290 -1
1 -3.396589 4.873595 8.820779 1.126675 1.134223 -1
97
-0.039305 0.980486 0.192618
-0.000000 0.984909 0.173070
-0.000000 0.984909 0.173070
-0.000729 0.982002 0.188867
0.000000 0.970383 0.241570
0.013699 0.984912 0.172512
-0.000000 0.984909 0.173070
0.000000 0.984909 0.173070
0.000000 0.984910 0.173070
-0.000000 0.984910 0.173070
0.000000 0.984909 0.173070
-0.000000 0.984909 0.173071
0.000000 0.984910 0.173070
-0.000001 0.984910 0.173070
0.000000 0.984910 0.173070
-0.000000 0.984909 0.173070
-0.000000 0.984909 0.173070
-0.024406 0.984616 0.173019
0.000000 0.984910 0.173070
0.000439 0.989263 0.146145
0.001854 0.989008 0.147847
0.000000 0.984909 0.173070
-0.000000 0.984910 0.173070
-0.000000 0.984910 0.173070
0.000001 0.984909 0.173071
0.000001 0.984909 0.173071
0.011442 0.987108 0.159647
-0.001742 0.992012 0.126134
-0.007761 -0.980141 -0.198149
-0.006161 -0.989011 -0.147713
-0.045613 -0.994490 -0.094384
0.000992 -0.994839 -0.101458
0.061620 0.989022 0.134305
0.009037 0.982059 0.188356
-0.000000 0.984909 0.173070
-0.011115 -0.985594 -0.168765
-0.003077 -0.992306 -0.123774
-0.051446 -0.973350 -0.223481
0.018359 0.994007 0.107761
0.158303 -0.974618 -0.158303
-0.006200 -0.985990 -0.166691
0.000001 0.984910 0.173070
0.000000 -1.000000 -0.000003
-0.064370 -0.986013 -0.153738
-0.079276 -0.993695 -0.079280
0.000000 -1.000000 -0.000000
-0.006153 -0.994086 -0.108422
0.000000 0.984909 0.173070
0.005668 -0.977786 -0.209527
-0.013479 -0.991115 -0.132325
-0.000000 0.984910 0.173069
0.000001 0.984909 0.173070
0.000001 0.984909 0.173071
-0.003536 0.994192 0.107567
0.010510 0.953558 0.301027
0.011957 0.940822 0.338690
-0.014688 -0.915432 -0.402204
-0.012194 -0.941836 -0.335852
-0.010993 -0.939377 -0.342709
-0.176509 -0.153505 0.972255
-0.176364 -0.152213 0.972485
-0.238307 -0.151428 0.959312
-0.238447 -0.152736 0.959070
0.055552 0.976524 0.208124
0.012817 0.995413 0.094806
-0.111748 -0.000045 0.993737
-0.111750 -0.000001 0.993736
-0.199878 -0.000000 0.979821
-0.199878 0.000000 0.979821
-1.000000 0.000000 0.000000
0.111357 -0.156291 0.981414
0.111357 -0.156291 0.981414
0.239612 -0.152687 0.958787
0.365929 -0.146356 0.919062
0.483818 -0.137632 0.864279
-0.044333 -0.157115 0.986585
0.238559 -0.152722 0.959044
0.000000 1.000000 0.000000
0.054924 0.980708 0.187602
0.164218 0.972659 0.164218
-0.000000 -0.000009 1.000000
-0.000000 0.000000 1.000000
0.000000 -0.000019 1.000000
-0.022729 -0.000089 0.999742
-0.022726 -0.000177 0.999742
0.036281 -0.004804 0.999330
-0.276102 -0.100996 0.955807
-0.119455 -0.052149 0.991469
0.036130 0.000000 0.999347
0.000001 0.984909 0.173071
-0.006200 0.985990 0.166691
0.065239 0.985907 0.154050
0.072487 0.994731 0.072491
-0.079248 0.984775 0.154721
-0.079278 0.993695 0.079280
0.011765 0.945002 0.326851
-0.011735 -0.948381 -0.316915
100
1 0 1 2 0 1 2 1
1 2 3 0 2 3 0 1
1 4 5 0 4 4 4 2
1 0 3 4 4 4 4 2
1 6 7 1 5 6 1 1
1 1 0 6 1 0 5 1
1 8 9 10 7 8 9 1
1 8 10 6 7 9 5 1
1 11 8 6 10 7 5 1
1 8 12 3 7 11 3 1
1 3 13 9 3 12 8 1
1 8 3 9 7 3 8 1
1 14 15 16 13 14 15 1
1 16 17 18 15 16 17 1
1 14 16 18 13 15 17 1
1 18 17 19 17 16 18 1
1 19 6 18 18 5 17 1
1 20 21 22 19 20 21 1
1 22 23 20 21 22 19 1
1 24 18 20 23 17 19 1
1 6 10 25 5 9 24 1
1 25 26 6 24 25 5 1
1 3 21 27 3 20 26 1
1 28 21 20 27 20 19 1
1 2 13 3 2 12 3 1
1 29 30 31 28 29 30 1
1 31 32 29 30 31 28 1
1 20 33 34 19 32 33 1
1 34 28 20 33 27 19 1
1 19 35 6 18 34 5 1
1 36 37 38 35 36 37 1
1 39 27 21 38 26 20 1
1 30 40 41 29 39 40 1
1 41 31 30 40 30 29 1
1 21 42 22 20 41 21 1
1 43 44 45 42 43 44 1
1 45 46 43 44 45 42 1
1 32 31 37 31 30 36 1
1 47 32 37 46 31 36 1
1 37 36 47 36 35 46 1
1 48 21 3 47 20 3 1
1 3 12 48 3 11 47 1
1 44 49 38 43 48 37 1
1 38 45 44 37 44 43 1
1 49 50 36 48 49 35 1
1 36 38 49 35 37 48 1
1 15 14 51 14 13 50 1
1 15 51 52 14 50 51 1
1 15 52 53 14 51 52 1
1 28 54 21 27 53 20 1
1 55 56 34 54 55 33 1
1 34 33 55 33 32 54 1
1 57 58 59 56 57 58 1
1 59 30 29 58 29 28 1
1 57 59 29 56 58 28 1
1 6 35 11 5 34 10 1
1 24 20 23 23 19 22 1
1 48 42 21 47 41 20 1
1 6 26 7 5 25 6 1
1 60 61 62 59 60 61 1
1 62 63 60 61 62 59 1
1 64 3 27 63 3 26 1
1 27 65 64 26 64 63 1
1 24 14 18 23 13 17 1
1 66 67 68 65 66 67 1
1 68 69 66 67 68 65 1
1 70 71 72 69 69 69 1
1 72 73 70 69 69 69 1
1 74 75 76 70 71 72 1
1 76 77 74 72 73 70 1
1 78 79 80 74 75 76 1
1 80 77 78 76 73 74 1
1 81 82 18 77 77 77 2
1 18 6 81 77 77 77 2
1 6 0 83 5 0 78 1
1 83 81 6 78 79 5 1
1 84 85 86 80 81 80 1
1 86 87 84 80 82 80 1
1 88 89 90 69 69 69 1
1 90 91 88 69 69 69 1
1 92 67 66 83 66 65 1
1 66 93 92 65 84 83 1
1 60 80 79 59 76 75 1
1 79 61 60 75 60 59 1
1 94 95 96 85 86 87 1
1 96 97 94 87 88 85 1
1 62 96 95 61 87 86 1
1 95 63 62 86 62 61 1
1 53 98 15 52 89 14 1
1 82 33 20 90 32 19 1
1 20 18 82 19 17 90 1
1 4 3 64 91 3 63 1
1 64 99 4 63 92 91 1
1 99 100 5 92 93 94 1
1 5 4 99 94 91 92 1
1 55 101 56 54 95 55 1
1 58 102 59 57 96 58 1
1 100 83 0 93 78 0 1
1 0 5 100 0 94 93 1
1 77 76 78 73 72 74 1
"LOD12" 1 1
168
1 -6.552116 6.427718 -0.016903 -0.138468 0.000499 -1
1 -6.552116 0.045214 -0.016903 -0.138468 0.999500 -1
1 -6.552116 0.045214 3.992997 0.283236 0.999500 -1
1 -6.552116 2.567679 6.384614 0.534752 0.604680 -1
1 -6.237099 4.403905 8.148547 -0.158304 0.317270 -1
1 -4.236860 3.646613 8.148547 0.052052 0.435803 -1
1 -1.733353 4.992870 8.148547 0.315336 0.225085 -1
1 6.552116 3.710693 8.388629 -0.186683 0.745506 -1
1 5.919660 3.710693 11.434184 -0.120170 1.065794 -1
1 2.962893 3.710693 11.434184 0.190780 1.065794 -1
1 2.347045 3.710693 8.388629 0.255546 0.745506 -1
1 -0.222582 1.411385 8.148547 0.474217 0.785665 -1
1 -0.222582 3.360452 8.148547 0.474217 0.480594 -1
1 -1.733353 0.045214 8.148547 0.315336 0.999500 -1
1 1.100973 3.360452 8.148547 0.613410 0.480594 -1
1 2.347045 4.992870 8.148547 0.744454 0.225085 -1
1 -2.560763 1.411385 8.148547 0.228320 0.785665 -1
1 -2.560763 3.360452 8.148547 0.228320 0.480594 -1
1 -6.052377 6.247155 0.473688 -0.138878 0.028762 -1
1 -6.052376 0.045214 0.473688 -0.138877 0.999500 -1
1 6.204481 0.045214 0.473688 1.150124 0.999500 -1
1 6.204481 6.247155 0.473688 1.150124 0.028762 -1
1 6.204481 6.247155 0.473688 -0.086874 0.028762 -1
1 6.204481 0.045214 0.473688 -0.086874 0.999500 -1
1 6.204481 0.045214 7.762576 0.679667 0.999500 -1
1 1.100973 1.411385 8.148547 0.613410 0.785665 -1
1 2.347045 0.045214 8.148547 0.744454 0.999500 -1
1 6.204481 5.013256 7.762576 0.679667 0.221894 -1
1 6.552116 0.819510 11.434184 -0.186683 0.878306 -1
1 5.919660 0.819510 11.434184 -0.120170 0.878306 -1
1 5.919660 3.710693 11.434184 -0.120170 0.425773 -1
1 2.347045 0.819510 11.434184 1.065794 0.878306 -1
1 2.347045 0.819510 12.080060 1.133718 0.878306 -1
1 2.347045 4.014149 12.080058 1.133718 0.378276 -1
1 3.369238 0.045214 8.388629 0.254494 0.999500 -1
1 3.369238 0.045214 7.762576 0.320333 0.999500 -1
1 3.369238 3.315836 7.762576 0.320333 0.487577 -1
1 3.369238 3.315835 8.388629 0.254494 0.487577 -1
1 3.369238 3.315836 7.762576 0.148047 0.679667 -1
1 5.456658 3.315835 7.762576 -0.071479 0.679667 -1
1 5.456658 3.315836 8.388629 -0.071478 0.745506 -1
1 3.369238 3.315835 8.388629 0.148047 0.745506 -1
1 -3.884318 1.411385 8.148547 0.089128 0.785665 -1
1 -4.178136 0.045214 8.148547 0.058228 0.999500 -1
1 5.919660 3.710693 12.080060 1.120170 0.425773 -1
1 5.919660 0.819510 12.080060 1.120170 0.878306 -1
1 6.552116 4.014150 12.080060 1.186683 0.378276 -1
1 2.347045 4.014149 12.080058 0.744454 0.378276 -1
1 2.962893 3.710693 12.080060 0.809220 0.425773 -1
1 6.552116 0.819510 12.080060 1.186683 0.878306 -1
1 2.347045 0.045214 8.388629 0.745506 0.999500 -1
1 2.347045 3.710693 8.388629 0.745506 0.425773 -1
1 2.347045 4.992870 8.148547 0.720258 0.225085 -1
1 2.347045 3.710693 11.434184 1.065794 0.425773 -1
1 2.347045 0.819510 12.080060 0.744454 0.878306 -1
1 2.962893 0.819510 12.080060 0.809220 0.878306 -1
1 2.347045 3.710693 11.434184 0.255546 1.065794 -1
1 2.347045 0.819510 11.434184 0.255546 0.878306 -1
1 2.347045 3.710693 11.434184 0.255546 0.425773 -1
1 2.962893 3.710693 11.434184 0.190780 0.425773 -1
1 2.962893 0.819510 11.434184 0.190780 0.878306 -1
1 2.301878 0.748280 11.389016 0.260296 0.889455 -1
1 3.008059 0.748280 11.389016 0.186030 0.889455 -1
1 3.008059 0.045215 11.389016 0.186030 0.999500 -1
1 2.301878 0.045215 11.389016 0.260296 0.999500 -1
1 5.456658 0.045214 8.388629 1.071478 0.999500 -1
1 6.552116 0.045214 8.388629 1.186683 0.999500 -1
1 6.552116 2.891351 8.388629 1.186683 0.554018 -1
1 5.456658 3.315836 8.388629 1.071478 0.487577 -1
1 6.552116 3.710693 8.388629 1.186683 0.425773 -1
1 2.347045 3.710693 8.388629 0.744454 0.425773 -1
1 3.369238 3.315835 8.388629 0.851953 0.487577 -1
1 5.919660 0.819510 12.080060 1.133718 0.878306 -1
1 5.919660 3.710693 11.434184 1.065794 0.425773 -1
1 5.919660 0.819510 11.434184 1.065794 0.878306 -1
1 5.874493 0.748280 11.389016 -0.115420 0.889455 -1
1 6.597283 0.748280 11.389016 -0.191433 0.889455 -1
1 6.597283 0.045215 11.389016 -0.191433 0.999500 -1
1 5.874493 0.045215 11.389016 -0.115420 0.999500 -1
1 2.347045 0.045214 8.388629 0.744454 0.999500 -1
1 3.369238 0.045214 8.388629 0.851953 0.999500 -1
1 5.919660 3.710693 12.080060 1.133718 0.425773 -1
1 2.962893 3.710693 12.080060 0.190780 1.133718 -1
1 5.919660 3.710693 12.080060 -0.120170 1.133718 -1
1 -2.560763 3.360452 7.762576 0.771680 0.679667 -1
1 -2.560763 3.360452 8.148547 0.771680 0.720258 -1
1 -3.884318 3.360452 8.148547 0.910872 0.720258 -1
1 -3.884318 3.360452 7.762576 0.910872 0.679667 -1
1 -4.098733 3.360452 8.148547 0.933421 0.720258 -1
1 -5.422288 3.360452 8.119630 1.072614 0.717216 -1
1 -5.422288 3.360452 7.762576 1.072614 0.679667 -1
1 -4.098733 3.360452 7.762576 0.933421 0.679667 -1
1 -4.098733 1.411385 7.762576 0.679667 0.785665 -1
1 -4.098733 1.411385 8.148547 0.720258 0.785665 -1
1 -4.098733 3.360452 8.148547 0.720258 0.480594 -1
1 -4.098733 3.360452 7.762576 0.679667 0.480594 -1
1 6.552116 3.710693 11.434184 -0.186683 0.425773 -1
1 6.552116 3.710693 11.434184 -0.186683 1.065794 -1
1 -2.560763 1.411385 8.148547 0.228320 0.720258 -1
1 -2.560763 1.411385 7.762576 0.228320 0.679667 -1
1 -3.884318 1.411385 7.762576 0.089128 0.679667 -1
1 -3.884318 1.411385 8.148547 0.089128 0.720258 -1
1 -5.422288 1.411385 7.762576 -0.072614 0.679667 -1
1 -5.422288 1.411385 8.119630 -0.072614 0.717216 -1
1 -4.423717 1.411385 8.148547 0.032402 0.717217 -1
1 -4.098733 1.411385 7.762576 0.066579 0.679667 -1
1 5.874493 0.045215 11.389016 1.061044 0.999500 -1
1 5.874493 0.045215 12.125226 1.138468 0.999500 -1
1 5.874493 0.748280 12.125226 1.138468 0.889455 -1
1 5.874493 0.748280 11.389016 1.061044 0.889455 -1
1 5.874493 0.045215 12.125226 1.115420 0.999500 -1
1 6.597283 0.045215 12.125226 1.191433 0.999500 -1
1 6.597283 0.748280 12.125226 1.191433 0.889455 -1
1 5.874493 0.748280 12.125226 1.115420 0.889455 -1
1 2.301878 0.045215 11.389016 1.061044 0.999500 -1
1 2.301878 0.045215 12.125226 1.138468 0.999500 -1
1 2.301878 0.748280 12.125226 1.138468 0.889455 -1
1 2.301878 0.748280 11.389016 1.061044 0.889455 -1
1 2.301878 0.045215 12.125226 0.739704 0.999500 -1
1 3.008059 0.045215 12.125226 0.813970 0.999500 -1
1 3.008059 0.748280 12.125226 0.813970 0.889455 -1
1 2.301878 0.748280 12.125226 0.739704 0.889455 -1
1 5.456658 3.315836 8.388629 0.745506 0.487577 -1
1 5.456658 3.315835 7.762576 0.679667 0.487577 -1
1 5.456658 0.045214 7.762576 0.679667 0.999501 -1
1 5.456658 0.045214 8.388629 0.745506 0.999500 -1
1 -2.560763 1.411385 7.762576 0.679667 0.785665 -1
1 -2.560763 1.411385 8.148547 0.720258 0.785665 -1
1 -2.560763 3.360452 8.148547 0.720258 0.480594 -1
1 -2.560763 3.360452 7.762576 0.679667 0.480594 -1
1 -0.222582 3.360452 7.762576 0.320333 0.480594 -1
1 -0.222582 3.360452 8.148547 0.279742 0.480594 -1
1 -0.222582 1.411385 8.148547 0.279742 0.785665 -1
1 -0.222582 1.411385 7.762576 0.320333 0.785665 -1
1 1.100973 1.411385 8.148547 0.613410 0.720258 -1
1 1.100973 1.411385 7.762576 0.613410 0.679667 -1
1 -0.222582 1.411385 7.762576 0.474217 0.679667 -1
1 -0.222582 1.411385 8.148547 0.474217 0.720258 -1
1 -0.222582 3.360452 8.148547 0.525783 0.720258 -1
1 -0.222582 3.360452 7.762576 0.525783 0.679667 -1
1 1.100973 3.360452 7.762576 0.386590 0.679667 -1
1 1.100973 3.360452 8.148547 0.386590 0.720258 -1
1 1.100973 3.360452 7.762576 0.679667 0.480594 -1
1 1.100973 1.411385 7.762576 0.679667 0.785665 -1
1 1.100973 1.411385 8.148547 0.720258 0.785665 -1
1 1.100973 3.360452 8.148547 0.720258 0.480594 -1
1 -4.098733 3.360452 8.148547 0.066579 0.480594 -1
1 -4.098733 1.411385 8.148547 0.066579 0.785665 -1
1 -3.884318 3.360452 8.148547 0.089128 0.480594 -1
1 -4.098733 1.411385 7.762576 0.933421 0.785665 -1
1 -4.098733 3.360452 7.762576 0.933421 0.480594 -1
1 -3.884318 3.360452 7.762576 0.910872 0.480594 -1
1 -3.884318 1.411385 7.762576 0.910872 0.785665 -1
1 2.347045 0.045214 8.148547 0.720258 0.999500 -1
1 6.552116 0.045214 8.388629 0.254494 0.999500 -1
1 6.552116 0.045214 8.148547 0.279742 0.999500 -1
1 6.552116 2.891351 8.388629 0.254494 0.554018 -1
1 -4.098733 1.411385 8.148547 0.066579 0.720258 -1
1 -4.423717 1.411385 8.148547 0.032402 0.785665 -1
1 -6.552116 4.992870 8.148547 0.720258 0.225085 -1
1 -6.552116 4.625070 7.620090 0.664682 0.282653 -1
1 -6.552116 4.992870 8.148547 -0.191433 0.225085 -1
1 -3.384374 4.975031 8.821074 0.783985 0.675847 -1
1 -3.396589 4.873595 8.820779 0.883928 0.672583 -1
1 -3.314233 4.906552 8.719104 0.868960 0.694444 -1
1 -3.314233 5.004056 8.734632 0.771252 0.694444 -1
1 -6.523667 4.220275 8.119628 0.717216 0.346012 -1
1 -6.523667 4.220275 8.119628 -0.188441 0.346012 -1
40
-1.000000 0.000000 0.000000
-0.024982 -0.013362 0.999599
0.000000 0.000000 1.000000
0.000000 -1.000000 0.000000
0.000000 0.000000 -1.000000
1.000000 0.000000 0.000000
-0.000000 -1.000000 0.000000
-0.000000 -1.000000 0.000001
0.000000 -1.000000 -0.000001
-0.000000 0.000002 1.000000
-0.000000 0.000000 1.000000
-0.000001 0.000003 1.000000
-0.000001 0.000002 1.000000
-0.000001 0.000000 1.000000
-0.960345 0.278815 -0.000000
-0.960345 0.278816 -0.000000
-1.000000 -0.000000 -0.000001
-1.000000 0.000000 -0.000001
-1.000000 -0.000000 0.000000
0.000000 1.000000 -0.000001
0.000000 1.000000 -0.000001
0.000000 1.000000 -0.000001
0.000000 1.000000 -0.000001
-0.982736 0.185012 0.000000
-0.929022 0.370025 -0.000000
1.000000 0.000000 0.000000
-0.999735 -0.018889 0.013146
-0.999882 -0.012592 0.008764
-0.037476 -0.020045 0.999096
0.788527 -0.096723 0.607346
0.788526 -0.096726 0.607347
0.788528 -0.096720 0.607345
0.000000 0.535527 -0.844518
0.000000 0.535527 -0.844518
0.000000 0.535509 0.844529
-0.998941 -0.037768 0.026286
-0.074885 -0.040054 0.996387
-0.844525 0.535516 -0.000000
-0.844526 0.535515 0.000000
-0.844525 0.535517 -0.000000
117
1 0 1 2 0 0 0 1
1 2 3 0 0 0 0 1
1 4 5 6 1 2 2 1
1 7 8 9 3 3 3 1
1 9 10 7 3 3 3 1
1 11 12 6 2 2 2 1
1 6 13 11 2 2 2 1
1 6 12 14 2 2 2 1
1 14 15 6 2 2 2 1
1 16 13 6 2 2 2 1
1 6 17 16 2 2 2 1
1 18 19 20 2 2 2 1
1 20 21 18 2 2 2 1
1 22 23 24 0 0 0 1
1 15 14 25 2 2 2 1
1 25 26 15 2 2 2 1
1 26 25 11 2 2 2 1
1 11 13 26 2 2 2 1
1 27 22 24 0 0 0 1
1 28 29 30 4 4 4 1
1 31 32 33 0 0 0 1
1 34 35 36 5 5 5 1
1 36 37 34 5 5 5 1
1 38 39 40 6 7 6 1
1 40 41 38 6 8 6 1
1 13 16 42 2 2 2 1
1 42 43 13 2 2 2 1
1 44 45 46 9 2 10 1
1 47 48 44 11 12 9 1
1 44 46 47 9 10 11 1
1 45 49 46 2 2 10 1
1 50 51 52 0 0 0 1
1 53 33 52 0 0 0 1
1 52 51 53 0 0 0 1
1 48 47 54 12 11 13 1
1 54 55 48 13 2 12 1
1 9 56 10 3 3 3 1
1 57 58 59 4 4 4 1
1 5 17 6 2 2 2 1
1 57 59 60 4 4 4 1
1 61 62 63 4 4 4 1
1 63 64 61 4 4 4 1
1 65 66 67 2 2 2 1
1 67 68 65 2 2 2 1
1 69 70 71 2 2 2 1
1 71 68 69 2 2 2 1
1 72 73 74 14 0 15 1
1 75 76 77 4 4 4 1
1 77 78 75 4 4 4 1
1 79 80 71 2 2 2 1
1 73 72 81 0 14 0 1
1 82 9 8 3 3 3 1
1 8 83 82 3 3 3 1
1 84 85 86 3 3 3 1
1 86 87 84 3 3 3 1
1 88 89 90 3 3 3 1
1 90 91 88 3 3 3 1
1 92 93 94 16 17 16 1
1 94 95 92 16 18 16 1
1 96 28 30 4 4 4 1
1 97 8 7 3 3 3 1
1 98 99 100 19 19 19 1
1 100 101 98 19 19 19 1
1 102 103 104 20 21 22 1
1 104 105 102 22 19 20 1
1 106 107 108 0 0 23 1
1 108 109 106 23 24 0 1
1 110 111 112 2 2 2 1
1 112 113 110 2 2 2 1
1 114 115 116 0 0 0 1
1 116 117 114 0 0 0 1
1 118 119 120 2 2 2 1
1 120 121 118 2 2 2 1
1 70 79 71 2 2 2 1
1 122 123 124 0 0 0 1
1 124 125 122 0 0 0 1
1 126 127 128 0 0 0 1
1 128 129 126 0 0 0 1
1 130 131 132 25 25 25 1
1 132 133 130 25 25 25 1
1 134 135 136 19 19 19 1
1 136 137 134 19 19 19 1
1 53 31 33 0 0 0 1
1 138 139 140 3 3 3 1
1 140 141 138 3 3 3 1
1 142 143 144 0 0 0 1
1 144 145 142 0 0 0 1
1 146 147 42 2 2 2 1
1 42 148 146 2 2 2 1
1 149 150 151 4 4 4 1
1 151 152 149 4 4 4 1
1 52 153 50 0 0 0 1
1 154 155 156 25 25 25 1
1 104 157 105 22 19 19 1
1 43 42 147 2 2 2 1
1 147 158 43 2 2 2 1
1 159 0 160 26 0 27 1
1 69 68 67 2 2 2 1
1 4 6 161 1 2 28 1
1 162 163 164 29 30 29 1
1 164 165 162 29 31 29 1
1 3 160 0 0 27 0 1
1 76 75 29 32 32 32 2
1 29 28 76 32 33 32 2
1 55 54 121 34 34 34 2
1 121 120 55 34 34 34 2
1 49 45 113 34 34 34 2
1 113 112 49 34 34 34 2
1 62 61 57 32 32 32 2
1 57 60 62 32 33 32 2
1 160 166 159 27 35 26 1
1 161 167 4 28 36 1 1
1 117 116 32 37 38 37 2
1 32 31 117 37 39 37 2
1 109 108 72 24 23 14 1
1 72 74 109 14 15 24 1
1 5 146 17 2 2 2 1
"LOD13" 1 2
14
1 -6.498621 0.045214 8.119628 0.847205 0.994617 -1
1 -6.552116 2.567679 6.384614 0.555263 0.464024 -1
1 -6.552116 0.045214 3.992997 0.152794 0.994617 -1
1 -6.237099 4.403905 8.148547 0.347730 0.077847 -1
1 -6.498621 0.045214 8.119628 0.303724 0.994617 -1
1 -5.422288 3.360452 8.119630 0.484834 0.297318 -1
1 -5.422288 1.411385 8.119630 0.484834 0.707269 -1
1 -4.178136 0.045214 8.148547 0.694181 0.994617 -1
1 -4.423717 1.411385 8.148547 0.652859 0.707269 -1
1 -4.236860 3.646613 8.148547 0.684300 0.237130 -1
1 -6.523667 4.220275 8.119628 0.847205 0.116470 -1
1 -6.552116 4.625070 7.620090 0.763151 0.031296 -1
1 -6.523667 4.220275 8.119628 0.299510 0.116470 -1
1 -4.098733 3.360452 8.148547 0.607808 0.297318 -1
14
-0.999587 -0.009389 0.027150
-0.999830 -0.011086 0.014710
-0.999840 -0.012289 0.012961
-0.029995 -0.016040 0.999421
-0.021882 0.000270 0.999761
-0.002918 -0.014501 0.999891
-0.013804 0.001538 0.999904
-0.020705 0.002306 0.999783
-0.028946 -0.005203 0.999567
-0.018364 -0.024929 0.999521
-0.998628 -0.005991 0.052018
-0.999382 -0.007938 0.034244
-0.100025 -0.000600 0.994985
-0.021842 -0.010543 0.999706
10
1 0 1 2 0 1 2 1
1 3 4 5 3 4 5 1
1 6 4 7 6 4 7 1
1 7 8 6 7 8 6 1
1 9 3 5 9 3 5 1
1 4 6 5 4 6 5 1
1 0 10 11 0 10 11 1
1 12 4 3 12 4 3 1
1 0 11 1 0 11 1 1
1 5 13 9 5 13 9 1
"LOD14" 1 3
475
1 2.514132 0.123980 12.382583 0.060382 0.963565 -1
1 2.711086 0.123980 12.382583 0.122725 0.963565 -1
1 2.711086 3.283160 12.382583 0.122725 0.135626 -1
1 2.499916 3.314752 12.396798 0.055882 0.127347 -1
1 2.514132 0.123981 22.617455 0.337350 0.964170 -1
1 2.711086 0.123981 22.617455 0.275007 0.964170 -1
1 2.711086 3.283161 22.617455 0.275007 0.136231 -1
1 2.499916 3.314753 22.631672 0.341850 0.127952 -1
1 2.630271 1.351417 14.637666 0.481389 0.508229 -1
1 2.596436 1.351417 14.637666 0.481389 0.491771 -1
1 2.596436 1.185762 14.649125 0.421454 0.491771 -1
1 2.630271 1.202225 14.677640 0.421454 0.508229 -1
1 2.711086 0.123980 12.211015 0.877275 0.963565 -1
1 2.514132 0.123980 12.211015 0.939618 0.963565 -1
1 2.514132 3.283160 12.211015 0.939618 0.135626 -1
1 2.725302 3.314752 12.196799 0.872775 0.127347 -1
1 2.711086 0.123981 22.445889 0.724993 0.964170 -1
1 2.514132 0.123981 22.445889 0.662650 0.964170 -1
1 2.514132 3.283161 22.445889 0.662650 0.136231 -1
1 2.725302 3.314753 22.431671 0.729493 0.127952 -1
1 2.520575 2.561320 11.197797 0.049271 0.373530 -1
1 2.690172 2.561320 11.197797 0.049271 0.497593 -1
1 2.679475 0.104483 11.208495 1.049271 0.497593 -1
1 2.531272 0.104483 11.208495 1.049271 0.373530 -1
1 2.520575 2.561319 8.429561 -0.124598 0.322950 -1
1 2.690172 2.561319 8.429561 -0.124598 0.447014 -1
1 2.679475 0.104483 8.440257 0.875402 0.447013 -1
1 2.531272 0.104483 8.440257 0.875402 0.322950 -1
1 2.690172 2.561320 11.348292 0.049271 0.373530 -1
1 2.520575 2.561320 11.348292 0.049271 0.497593 -1
1 2.531272 0.104483 11.337594 1.049271 0.497593 -1
1 2.679475 0.104483 11.337594 1.049271 0.373530 -1
1 2.690172 2.561319 8.580054 -0.124598 0.322950 -1
1 2.520575 2.561319 8.580054 -0.124598 0.447014 -1
1 2.531272 0.104483 8.569358 0.875402 0.447013 -1
1 2.679475 0.104483 8.569358 0.875402 0.322950 -1
1 2.514132 0.123980 12.211015 0.497827 0.963565 -1
1 2.514132 0.123980 12.382583 0.552134 0.963565 -1
1 2.499916 3.314752 12.396798 0.556634 0.127347 -1
1 2.514132 3.283160 12.211015 0.497827 0.135626 -1
1 2.514132 0.123981 22.445889 0.265324 0.964170 -1
1 2.514132 0.123981 22.617455 0.211017 0.964170 -1
1 2.499916 3.314753 22.631672 0.206517 0.127952 -1
1 2.514132 3.283161 22.445889 0.265324 0.136231 -1
1 2.520575 2.561320 11.348292 0.049271 0.381526 -1
1 2.520575 2.561320 11.197797 0.049271 0.489597 -1
1 2.531272 0.104483 11.208495 1.049271 0.489597 -1
1 2.531272 0.104483 11.337594 1.049271 0.381526 -1
1 2.520575 2.561319 8.580054 -0.124598 0.330946 -1
1 2.520575 2.561319 8.429561 -0.124598 0.439018 -1
1 2.531272 0.104483 8.440257 0.875402 0.439018 -1
1 2.531272 0.104483 8.569358 0.875402 0.330946 -1
1 2.630271 1.517073 15.222972 0.547939 0.508229 -1
1 2.596436 1.500609 15.194457 0.547939 0.491771 -1
1 2.596436 1.351417 15.267360 0.481389 0.491771 -1
1 2.630271 1.351417 15.267360 0.481389 0.508229 -1
1 2.630271 1.093009 15.085240 0.622422 0.508229 -1
1 2.596436 1.064494 15.101705 0.622422 0.491771 -1
1 2.596436 1.202225 15.194457 0.578546 0.491771 -1
1 2.630271 1.202225 15.194457 0.578546 0.508229 -1
1 2.581383 0.213409 22.243488 1.049103 0.919996 -1
1 2.581383 0.134584 22.329105 1.066589 0.946288 -1
1 2.581383 2.672694 22.329105 1.066589 0.099678 -1
1 2.581383 2.582843 22.243488 1.049103 0.129648 -1
1 2.581384 2.672694 17.437569 0.067588 0.099677 -1
1 2.581384 2.582843 17.527897 0.086036 0.129648 -1
1 2.581384 0.213409 17.527897 0.086036 0.919995 -1
1 2.581384 0.134584 17.437569 0.067588 0.946288 -1
1 2.581383 0.213408 17.301823 0.917715 0.926610 -1
1 2.581383 0.134584 17.387440 0.942001 0.953356 -1
1 2.581383 2.672694 17.387440 0.942001 0.092148 -1
1 2.581383 2.582843 17.301823 0.917715 0.122636 -1
1 2.581384 2.672694 12.495906 -0.445500 0.092148 -1
1 2.581384 2.582843 12.586232 -0.419879 0.122635 -1
1 2.581384 0.213408 12.586232 -0.419879 0.926609 -1
1 2.581384 0.134584 12.495906 -0.445501 0.953355 -1
1 2.630271 1.609826 14.786857 0.585201 0.508229 -1
1 2.596436 1.638341 14.770394 0.585201 0.491771 -1
1 2.596436 1.500609 14.677640 0.541325 0.491771 -1
1 2.630271 1.500609 14.677640 0.541325 0.508229 -1
1 2.630271 1.351417 15.234433 0.518611 0.508229 -1
1 2.596436 1.351417 15.267360 0.518611 0.491771 -1
1 2.596436 1.500609 15.194457 0.458675 0.491771 -1
1 2.630271 1.500609 15.194457 0.458675 0.508229 -1
1 2.514132 0.123981 22.617455 0.337350 0.788983 -1
1 2.514132 0.123981 22.445889 0.337350 0.734676 -1
1 2.462006 0.045215 22.393761 0.346350 0.725676 -1
1 2.462006 0.045215 22.669579 0.346350 0.797983 -1
1 2.763212 0.045215 22.669579 0.266007 0.797983 -1
1 2.711086 0.123981 22.617455 0.275007 0.788983 -1
1 2.514132 0.123980 12.382583 0.060382 0.552134 -1
1 2.514132 0.123980 12.211015 0.060382 0.497827 -1
1 2.462006 0.045215 12.158889 0.051382 0.488827 -1
1 2.462006 0.045215 12.434709 0.051382 0.561134 -1
1 2.763212 0.045215 12.434709 0.131725 0.561134 -1
1 2.711086 0.123980 12.382583 0.122725 0.552134 -1
1 2.643838 2.099680 11.044152 0.100400 0.518326 -1
1 2.643838 0.265069 11.044152 0.903016 0.518326 -1
1 2.581384 0.265069 11.044152 0.903016 0.481674 -1
1 2.581383 2.099680 11.044152 0.100400 0.481674 -1
1 2.581384 2.099680 8.686175 0.025629 0.481674 -1
1 2.643839 2.099680 8.686175 0.025629 0.518326 -1
1 2.643838 2.099680 11.044152 0.974371 0.518326 -1
1 2.581383 2.099680 11.044152 0.974371 0.481674 -1
1 2.630271 1.609826 15.085242 0.562656 0.508229 -1
1 2.596436 1.609826 15.085240 0.562656 0.491771 -1
1 2.596436 1.682728 14.936049 0.499897 0.491771 -1
1 2.630271 1.649802 14.936049 0.499897 0.508229 -1
1 2.630271 1.638341 14.770394 0.569788 0.508229 -1
1 2.596436 1.638341 14.770394 0.569788 0.491771 -1
1 2.596436 1.682728 14.936049 0.500103 0.491771 -1
1 2.630271 1.682728 14.936049 0.500103 0.508229 -1
1 2.630271 1.093009 14.786857 0.562863 0.508229 -1
1 2.596436 1.093009 14.786857 0.562863 0.491771 -1
1 2.596436 1.020107 14.936049 0.500103 0.491771 -1
1 2.630271 1.053033 14.936049 0.500103 0.508229 -1
1 2.630271 1.064494 15.101705 0.569582 0.508229 -1
1 2.596436 1.064494 15.101705 0.569582 0.491771 -1
1 2.596436 1.020107 14.936049 0.499897 0.491771 -1
1 2.630271 1.020107 14.936049 0.499897 0.508229 -1
1 2.596436 1.202225 15.194457 0.414840 0.491771 -1
1 2.630271 1.185762 15.222972 0.414840 0.508229 -1
1 2.596436 1.064494 15.101705 0.366122 0.491771 -1
1 2.630271 1.064494 15.101705 0.366122 0.508229 -1
1 2.596436 1.500609 14.677640 0.452061 0.491771 -1
1 2.630271 1.517073 14.649125 0.452061 0.508229 -1
1 2.630271 1.351417 14.604737 0.518611 0.508229 -1
1 2.596436 1.351417 14.637666 0.518611 0.491771 -1
1 2.596436 1.638341 14.770394 0.403344 0.491771 -1
1 2.630271 1.638341 14.770394 0.403344 0.508229 -1
1 2.581383 2.099680 11.044152 0.974371 0.100400 -1
1 2.581383 2.162135 11.106608 0.999501 0.073077 -1
1 2.581384 2.162135 8.623721 0.000500 0.073076 -1
1 2.581384 2.099680 8.686175 0.025629 0.100399 -1
1 2.581384 0.265069 8.686175 0.025628 0.903015 -1
1 2.581384 0.210420 8.623721 0.000499 0.926923 -1
1 2.581384 0.210420 11.106608 0.999500 0.926923 -1
1 2.581384 0.265069 11.044152 0.974371 0.903016 -1
1 2.531272 0.104483 11.337594 0.701022 0.581752 -1
1 2.531272 0.104483 11.208495 0.646715 0.581752 -1
1 2.492049 0.045215 11.169271 0.637715 0.590752 -1
1 2.492049 0.045215 11.376819 0.710022 0.590752 -1
1 2.718699 0.045215 11.376819 0.710022 0.510408 -1
1 2.679475 0.104483 11.337594 0.701022 0.519408 -1
1 2.531272 0.104483 8.569358 0.527154 0.531172 -1
1 2.531272 0.104483 8.440257 0.472846 0.531172 -1
1 2.492049 0.045214 8.401034 0.463846 0.540172 -1
1 2.492049 0.045215 8.608581 0.536154 0.540172 -1
1 2.718699 0.045215 8.608581 0.536154 0.459828 -1
1 2.679475 0.104483 8.569358 0.527154 0.468828 -1
1 2.763212 0.045215 22.393761 0.266007 0.725676 -1
1 2.711086 0.123981 22.445889 0.275007 0.734676 -1
1 2.763212 0.045215 12.158889 0.131725 0.488827 -1
1 2.711086 0.123980 12.211015 0.122725 0.497827 -1
1 2.596436 1.609826 15.085240 0.430418 0.491771 -1
1 2.630271 1.638341 15.101705 0.430418 0.508229 -1
1 2.630271 1.638341 15.101705 0.596656 0.508229 -1
1 2.596436 1.609826 15.085240 0.596656 0.491771 -1
1 2.596436 1.093009 14.786857 0.430212 0.491771 -1
1 2.630271 1.064494 14.770394 0.430212 0.508229 -1
1 2.596436 1.185762 14.649125 0.585160 0.491771 -1
1 2.630271 1.185762 14.649125 0.585160 0.508229 -1
1 2.630271 1.064494 14.770394 0.633878 0.508229 -1
1 2.596436 1.093009 14.786857 0.633878 0.491771 -1
1 2.596436 1.638341 14.770394 0.437137 0.491771 -1
1 2.630271 1.609826 14.786857 0.437137 0.508229 -1
1 2.596436 1.064494 15.101705 0.437344 0.491771 -1
1 2.630271 1.093009 15.085240 0.437344 0.508229 -1
1 2.596436 1.609826 15.085240 0.414799 0.491771 -1
1 2.630271 1.609826 15.085242 0.414799 0.508229 -1
1 2.596436 1.093009 14.786857 0.377578 0.491771 -1
1 2.630271 1.093009 14.786857 0.377578 0.508229 -1
1 2.581384 0.213408 12.586232 1.419879 0.486864 -1
1 2.581383 0.213408 17.301823 0.082285 0.486864 -1
1 2.643838 0.213408 17.301823 0.082285 0.513136 -1
1 2.643839 0.213408 12.586232 1.419879 0.513136 -1
1 2.643839 2.582843 12.586232 0.877365 0.513136 -1
1 2.581384 2.582843 12.586232 0.877365 0.486864 -1
1 2.581384 0.213408 12.586232 0.073391 0.486864 -1
1 2.643839 0.213408 12.586232 0.073391 0.513136 -1
1 2.581384 0.213409 17.527897 0.913964 0.489491 -1
1 2.581383 0.213409 22.243488 -0.049103 0.489491 -1
1 2.643838 0.213409 22.243488 -0.049103 0.510509 -1
1 2.643839 0.213409 17.527897 0.913964 0.510509 -1
1 2.643839 2.582843 17.527897 0.870352 0.510509 -1
1 2.581384 2.582843 17.527897 0.870352 0.489491 -1
1 2.581384 0.213409 17.527897 0.080005 0.489491 -1
1 2.643839 0.213409 17.527897 0.080005 0.510509 -1
1 2.718699 0.045214 8.401034 0.463846 0.459828 -1
1 2.679475 0.104483 8.440257 0.472846 0.468828 -1
1 2.718699 0.045215 11.169271 0.637715 0.510408 -1
1 2.679475 0.104483 11.208495 0.646715 0.519408 -1
1 2.581383 0.213408 17.301823 0.926610 0.486864 -1
1 2.581383 2.582843 17.301823 0.122636 0.486864 -1
1 2.643838 2.582843 17.301823 0.122636 0.513136 -1
1 2.643838 0.213408 17.301823 0.926610 0.513136 -1
1 2.581384 2.582843 12.586232 -0.419879 0.486864 -1
1 2.643839 2.582843 12.586232 -0.419879 0.513136 -1
1 2.643838 2.582843 17.301823 0.917715 0.513136 -1
1 2.581383 2.582843 17.301823 0.917715 0.486864 -1
1 2.581383 0.213409 22.243488 0.919996 0.489491 -1
1 2.581383 2.582843 22.243488 0.129648 0.489491 -1
1 2.643838 2.582843 22.243488 0.129648 0.510509 -1
1 2.643838 0.213409 22.243488 0.919996 0.510509 -1
1 2.643839 2.099680 8.686175 0.899601 0.518326 -1
1 2.581384 2.099680 8.686175 0.899601 0.481674 -1
1 2.581384 0.265069 8.686175 0.096985 0.481674 -1
1 2.643839 0.265069 8.686175 0.096985 0.518326 -1
1 2.581384 2.582843 17.527897 0.086036 0.489491 -1
1 2.643839 2.582843 17.527897 0.086036 0.510509 -1
1 2.643838 2.582843 22.243488 1.049103 0.510509 -1
1 2.581383 2.582843 22.243488 1.049103 0.489491 -1
1 2.725302 3.388993 12.396798 0.127225 0.107890 -1
1 2.499916 3.388993 12.396798 0.055882 0.107890 -1
1 2.725302 3.388993 22.631672 0.270507 0.108495 -1
1 2.499916 3.388993 22.631672 0.341850 0.108495 -1
1 2.499916 3.388993 22.431671 0.658150 0.108495 -1
1 2.725302 3.388993 22.431671 0.729493 0.108495 -1
1 2.499916 3.388993 12.196799 0.944118 0.107890 -1
1 2.725302 3.388993 12.196799 0.872775 0.107890 -1
1 2.499916 3.388993 12.396798 0.556634 0.107890 -1
1 2.499916 3.388993 12.196799 0.493327 0.107890 -1
1 2.499916 3.388993 22.631672 0.206517 0.108495 -1
1 2.499916 3.388993 22.431671 0.269824 0.108495 -1
1 2.605860 1.267160 15.232335 0.624533 0.552460 -1
1 2.605860 0.765074 17.313274 1.499908 0.754165 -1
1 2.605860 0.790872 17.313259 1.499902 0.743801 -1
1 2.605860 1.518175 15.203790 0.612525 0.451618 -1
1 2.605860 1.494696 15.214478 0.617022 0.461051 -1
1 2.605860 2.580507 17.321999 1.503579 0.024843 -1
1 2.605860 2.610245 16.448994 1.136336 0.012896 -1
1 2.605860 2.628793 16.431061 1.128794 0.005445 -1
1 2.605860 1.556983 15.167800 0.597386 0.436028 -1
1 2.605860 1.608098 14.771871 0.430833 0.415493 -1
1 2.605860 1.623986 14.792195 0.439383 0.409111 -1
1 2.605860 2.597891 14.063558 0.132872 0.017860 -1
1 2.605860 1.182011 15.203790 0.612525 0.586667 -1
1 2.605860 0.195952 17.307922 1.497657 0.982801 -1
1 2.605860 0.219432 17.318611 1.502153 0.973368 -1
1 2.605860 1.204994 15.215507 0.617454 0.577434 -1
1 2.605860 2.601388 12.579555 -0.491394 0.016454 -1
1 2.605860 2.578405 12.567836 -0.496323 0.025688 -1
1 2.605859 1.518175 14.670844 0.388335 0.451618 -1
1 2.605860 0.195515 14.587243 0.353167 0.982976 -1
1 2.605860 1.051238 14.868859 0.471632 0.639203 -1
1 2.605860 1.055548 14.843425 0.460933 0.637472 -1
1 2.605860 1.556983 14.706834 0.403475 0.436028 -1
1 2.605860 1.576835 14.723310 0.410405 0.428052 -1
1 2.605860 2.610245 13.425641 -0.135476 0.012897 -1
1 2.605860 1.576836 15.151324 0.590455 0.428052 -1
1 2.605859 1.341934 14.628917 0.370697 0.522421 -1
1 2.605859 1.367732 14.628917 0.370697 0.512057 -1
1 2.605860 1.341934 12.548110 -0.504621 0.522421 -1
1 2.605859 1.367732 15.243674 0.629303 0.512057 -1
1 2.605859 1.341934 15.243674 0.629303 0.522421 -1
1 2.605859 1.367732 17.324478 1.504621 0.512057 -1
1 2.605860 0.186633 14.923358 0.494558 0.986545 -1
1 2.605860 0.186632 14.949155 0.505410 0.986545 -1
1 2.605860 1.039282 14.923358 0.494558 0.644006 -1
1 2.605860 1.128801 14.727153 0.412021 0.608043 -1
1 2.605860 0.186545 13.543778 -0.085780 0.986580 -1
1 2.605860 0.166693 13.560254 -0.078850 0.994555 -1
1 2.605860 1.976870 12.567447 -0.496486 0.267345 -1
1 2.605860 1.951087 12.566552 -0.496863 0.277703 -1
1 2.605860 1.444026 14.641990 0.376197 0.481407 -1
1 2.605860 0.177963 15.705733 0.823675 0.990028 -1
1 2.605860 1.085470 15.104281 0.570666 0.625451 -1
1 2.605860 1.071743 15.082438 0.561477 0.630966 -1
1 2.605860 0.193851 15.726060 0.832225 0.983645 -1
1 2.605860 2.628793 13.443570 -0.127934 0.005445 -1
1 2.605860 0.798728 12.579169 -0.491555 0.740645 -1
1 2.605860 1.267160 14.642299 0.376327 0.552460 -1
1 2.605860 1.292430 14.637105 0.374142 0.542308 -1
1 2.605860 2.597891 15.811076 0.867988 0.017860 -1
1 2.605860 2.611618 15.789233 0.858800 0.012345 -1
1 2.605860 1.608099 15.102763 0.570027 0.415493 -1
1 2.605860 0.772930 12.579154 -0.491561 0.751009 -1
1 2.605860 1.055547 15.031211 0.539927 0.637472 -1
1 2.605860 0.191586 15.261895 0.636968 0.984555 -1
1 2.605860 0.195515 15.287393 0.647694 0.982976 -1
1 2.605859 1.341934 17.324478 1.504621 0.522421 -1
1 2.605860 2.601617 15.311227 0.657720 0.016363 -1
1 2.605860 2.605927 15.285792 0.647020 0.014631 -1
1 2.605860 1.647400 15.027608 0.538412 0.399705 -1
1 2.605860 1.419150 14.635154 0.373321 0.491400 -1
1 2.605860 0.186546 16.330854 1.086640 0.986580 -1
1 2.605860 1.147349 15.165412 0.596382 0.600592 -1
1 2.605860 1.128801 15.147483 0.588839 0.608043 -1
1 2.605860 2.601048 14.949157 0.505410 0.016591 -1
1 2.605860 2.601048 14.923358 0.494558 0.016591 -1
1 2.605860 1.660151 14.949155 0.505410 0.394582 -1
1 2.605860 1.367732 12.548110 -0.504621 0.512057 -1
1 2.605860 1.955129 17.316471 1.501252 0.276079 -1
1 2.605860 1.980911 17.315575 1.500875 0.265722 -1
1 2.605860 1.444026 15.232644 0.624663 0.481407 -1
1 2.605860 1.039282 14.949157 0.505410 0.644006 -1
1 2.605860 2.605927 14.588843 0.353840 0.014631 -1
1 2.605860 2.601616 14.563407 0.343140 0.016363 -1
1 2.605860 1.651328 14.872523 0.473174 0.398126 -1
1 2.605860 1.051238 15.005774 0.529228 0.639203 -1
1 2.605860 1.660151 14.923358 0.494558 0.394582 -1
1 2.605860 0.191587 14.612739 0.363892 0.984555 -1
1 2.605860 1.647399 14.847028 0.462448 0.399705 -1
1 2.605859 1.494696 14.660155 0.383838 0.461051 -1
1 2.605860 1.623986 15.082438 0.561477 0.409111 -1
1 2.605860 1.651328 15.002110 0.527686 0.398126 -1
1 2.605860 2.611618 14.085401 0.142060 0.012345 -1
1 2.605860 0.203125 12.584506 -0.489310 0.979919 -1
1 2.605860 1.182011 14.670844 0.388335 0.586667 -1
1 2.605860 1.204994 14.659127 0.383406 0.577434 -1
1 2.630271 1.093009 20.033741 0.576214 0.503538 -1
1 2.596436 1.093009 20.033741 0.576214 0.496462 -1
1 2.596436 1.185762 20.171471 0.538974 0.496462 -1
1 2.630271 1.202225 20.142956 0.538974 0.503538 -1
1 2.630271 1.609826 19.735355 0.600004 0.503538 -1
1 2.596436 1.609826 19.735355 0.600004 0.496462 -1
1 2.596436 1.500610 19.626137 0.562765 0.496462 -1
1 2.630271 1.500610 19.626137 0.562765 0.503538 -1
1 2.630271 1.351418 19.553234 0.488105 0.503538 -1
1 2.596436 1.351418 19.553234 0.488105 0.496462 -1
1 2.596436 1.517073 19.597622 0.431621 0.496462 -1
1 2.630271 1.517073 19.597622 0.431621 0.503538 -1
1 2.596436 1.351418 19.553234 0.511895 0.496462 -1
1 2.630271 1.351418 19.586163 0.511895 0.503538 -1
1 2.596436 1.202225 19.626137 0.461026 0.496462 -1
1 2.630271 1.202225 19.626137 0.461026 0.503538 -1
1 2.596436 1.517073 20.171471 0.437235 0.496462 -1
1 2.630271 1.500610 20.142956 0.437235 0.503538 -1
1 2.630271 1.351418 20.182930 0.488105 0.503538 -1
1 2.596436 1.351418 20.182930 0.488105 0.496462 -1
1 2.630271 1.609826 20.033741 0.460328 0.503538 -1
1 2.596436 1.638341 20.050201 0.460328 0.496462 -1
1 2.596436 1.682728 19.884544 0.397568 0.496462 -1
1 2.630271 1.649802 19.884544 0.397568 0.503538 -1
1 2.630271 1.638341 19.718891 0.672117 0.503538 -1
1 2.596436 1.609826 19.735355 0.672117 0.496462 -1
1 2.596436 1.682728 19.884544 0.602432 0.496462 -1
1 2.630271 1.682728 19.884544 0.602432 0.503538 -1
1 2.630271 1.064494 19.718891 0.585936 0.503538 -1
1 2.596436 1.093009 19.735355 0.585936 0.496462 -1
1 2.596436 1.185762 19.597622 0.544588 0.496462 -1
1 2.630271 1.185762 19.597622 0.544588 0.503538 -1
1 2.630271 1.517073 20.171471 0.568379 0.503538 -1
1 2.596436 1.517073 20.171471 0.568379 0.496462 -1
1 2.596436 1.351418 20.215858 0.511895 0.496462 -1
1 2.630271 1.351418 20.215858 0.511895 0.503538 -1
1 2.596436 1.093009 20.033741 0.414064 0.496462 -1
1 2.630271 1.064494 20.050201 0.414064 0.503538 -1
1 2.630271 1.185762 20.171471 0.455412 0.503538 -1
1 2.596436 1.185762 20.171471 0.455412 0.496462 -1
1 2.630271 1.093009 19.735355 0.665191 0.503538 -1
1 2.596436 1.093009 19.735355 0.665191 0.496462 -1
1 2.596436 1.020107 19.884544 0.602432 0.496462 -1
1 2.630271 1.053033 19.884544 0.602432 0.503538 -1
1 2.630271 1.064494 20.050201 0.467254 0.503538 -1
1 2.596436 1.093009 20.033741 0.467254 0.496462 -1
1 2.596436 1.020107 19.884544 0.397568 0.496462 -1
1 2.630271 1.020107 19.884544 0.397568 0.503538 -1
1 2.596436 1.093009 19.735355 0.327883 0.496462 -1
1 2.630271 1.064494 19.718891 0.327883 0.503538 -1
1 2.596436 1.609826 19.735355 0.390273 0.496462 -1
1 2.630271 1.638341 19.718891 0.390273 0.503538 -1
1 2.596436 1.638341 20.050201 0.399996 0.496462 -1
1 2.630271 1.609826 20.033741 0.399996 0.503538 -1
1 2.596436 1.638341 20.050201 0.532746 0.496462 -1
1 2.630271 1.638341 20.050201 0.532746 0.503538 -1
1 2.630271 1.638341 20.050201 0.609727 0.503538 -1
1 2.596436 1.638341 20.050201 0.609727 0.496462 -1
1 2.596436 1.093009 19.735355 0.423786 0.496462 -1
1 2.630271 1.093009 19.735355 0.423786 0.503538 -1
1 2.596436 1.609826 19.735355 0.334809 0.496462 -1
1 2.630271 1.609826 19.735355 0.334809 0.503538 -1
1 2.596436 1.093009 20.033741 0.539672 0.496462 -1
1 2.630271 1.093009 20.033741 0.539672 0.503538 -1
1 2.605860 1.367732 17.496609 -0.606949 0.482542 -1
1 2.605860 1.341934 17.496609 -0.606949 0.491338 -1
1 2.605859 1.367732 19.577415 0.268369 0.482542 -1
1 2.605860 0.203126 17.533005 -0.591638 0.879635 -1
1 2.605860 1.182011 19.619343 0.286007 0.545867 -1
1 2.605860 1.204994 19.607624 0.281078 0.538030 -1
1 2.605860 0.226605 17.522316 -0.596135 0.871630 -1
1 2.605860 1.267161 20.180832 0.522205 0.516833 -1
1 2.605860 0.765074 22.261776 1.397580 0.688029 -1
1 2.605860 0.790872 22.261761 1.397574 0.679233 -1
1 2.605860 1.292430 20.186028 0.524390 0.508217 -1
1 2.605860 1.444026 20.181141 0.522335 0.456528 -1
1 2.605860 1.419151 20.187977 0.525211 0.465010 -1
1 2.605860 1.980911 22.264072 1.398547 0.273468 -1
1 2.605860 1.085470 20.052780 0.468338 0.578784 -1
1 2.605860 0.177963 20.654232 0.721346 0.888215 -1
1 2.605860 0.193851 20.674557 0.729896 0.882798 -1
1 2.605860 1.556983 19.655331 0.301146 0.418013 -1
1 2.605860 1.576836 19.671806 0.308077 0.411244 -1
1 2.605860 2.628793 18.392067 -0.230262 0.052561 -1
1 2.605860 2.610245 18.374138 -0.237804 0.058885 -1
1 2.605860 1.071743 20.030937 0.459149 0.583465 -1
1 2.598412 0.186633 19.884754 0.885259 0.496875 -1
1 2.620754 0.186633 19.897652 0.885259 0.499211 -1
1 2.598413 1.039282 19.884754 0.594533 0.496875 -1
1 2.620754 1.039282 19.871857 0.594533 0.501548 -1
1 2.598413 1.053393 19.804642 0.589721 0.496875 -1
1 2.620754 0.195515 19.535740 0.882230 0.501548 -1
1 2.598413 0.193551 19.548489 0.882900 0.496875 -1
1 2.598413 0.193551 20.223141 0.117100 0.496875 -1
1 2.620754 1.055548 19.979706 0.411013 0.501548 -1
1 2.598413 1.053392 19.966991 0.410278 0.496875 -1
1 2.620754 0.191587 20.210392 0.118305 0.499240 -1
1 2.620754 1.055548 19.791924 0.588987 0.501548 -1
1 2.605860 2.601388 17.528053 -0.593722 0.061905 -1
1 2.605860 2.578405 17.516335 -0.598651 0.069741 -1
1 2.605859 1.518175 19.619343 0.286006 0.431246 -1
1 2.605860 1.623986 20.030937 0.459149 0.395168 -1
1 2.605860 1.608099 20.051262 0.467699 0.400585 -1
1 2.605860 2.611618 20.737732 0.756472 0.058417 -1
1 2.598412 1.660151 19.884754 0.382837 0.496875 -1
1 2.620754 1.660151 19.897652 0.382837 0.499211 -1
1 2.598412 2.601048 19.884754 0.062021 0.496875 -1
1 2.620754 2.601048 19.871857 0.062021 0.501548 -1
1 2.605860 0.186546 18.492275 -0.188108 0.885288 -1
1 2.605860 1.128801 19.675648 0.309693 0.564010 -1
1 2.605860 1.147349 19.657719 0.302150 0.557685 -1
1 2.605860 0.193851 19.097073 0.066307 0.882798 -1
1 2.605860 1.071743 19.740692 0.337055 0.583465 -1
1 2.605860 1.085470 19.718849 0.327866 0.578784 -1
1 2.605860 1.267161 19.590797 0.273999 0.516833 -1
1 2.605860 0.798728 17.527668 -0.593883 0.676554 -1
1 2.605860 0.772930 17.527653 -0.593889 0.685350 -1
1 2.605860 1.576836 20.099823 0.488127 0.411244 -1
1 2.605860 1.556984 20.116299 0.495057 0.418013 -1
1 2.605860 2.628793 21.379562 1.026466 0.052561 -1
1 2.605859 1.367732 20.192173 0.526975 0.482542 -1
1 2.605859 1.341934 20.192173 0.526975 0.491338 -1
1 2.605859 1.367732 22.272980 1.402293 0.482542 -1
1 2.605860 2.611618 19.033897 0.039732 0.058417 -1
1 2.605860 2.597891 19.012054 0.030544 0.063097 -1
1 2.605860 1.623986 19.740692 0.337055 0.395168 -1
1 2.598413 1.649364 19.808273 0.386514 0.496875 -1
1 2.620754 1.651328 19.821022 0.387715 0.499239 -1
1 2.598413 2.603772 19.524624 0.061092 0.496875 -1
1 2.620754 2.601616 19.511906 0.061827 0.501548 -1
1 2.605860 0.219432 22.267113 1.399825 0.874075 -1
1 2.605860 1.204994 20.164005 0.515126 0.538030 -1
1 2.605860 1.182011 20.152287 0.510197 0.545867 -1
1 2.605860 0.195952 22.256424 1.395329 0.882081 -1
1 2.605859 1.341934 19.577415 0.268369 0.491338 -1
1 2.598413 2.603772 20.247005 0.061092 0.496875 -1
1 2.620754 2.605927 20.234287 0.060357 0.501548 -1
1 2.598413 1.649364 19.963356 0.386514 0.496875 -1
1 2.620754 1.647400 19.976105 0.385314 0.499239 -1
1 2.605860 1.419151 19.583652 0.270993 0.465010 -1
1 2.605860 1.444026 19.590488 0.273869 0.456528 -1
1 2.605860 1.951088 17.515049 -0.599191 0.283636 -1
1 2.605860 2.610245 21.397491 1.034008 0.058885 -1
1 2.605860 0.177963 19.117397 0.074857 0.888215 -1
1 2.605860 0.166694 18.508751 -0.181178 0.892057 -1
1 2.605860 1.518176 20.152287 0.510197 0.431246 -1
1 2.605860 1.494697 20.162979 0.514694 0.439251 -1
1 2.605860 2.603491 22.258785 1.396322 0.061188 -1
1 2.605860 2.597891 20.759575 0.765660 0.063097 -1
1 2.596436 1.185762 19.597622 0.276870 0.544588 -1
1 2.596436 1.202225 19.626137 0.288866 0.538974 -1
1 2.596436 1.351418 19.553234 0.258198 0.488105 -1
1 2.596436 1.093009 19.735355 0.334809 0.576214 -1
1 2.605860 1.608099 19.720367 0.328505 0.400585 -1
1 2.596436 1.517073 19.597622 0.276870 0.431621 -1
1 2.596436 1.500610 19.626137 0.288866 0.437235 -1
1 2.596436 1.609826 19.735355 0.334809 0.399996 -1
1 2.605860 0.186546 21.279354 0.984312 0.885288 -1
1 2.605860 1.147349 20.113911 0.494053 0.557685 -1
1 2.605860 1.128801 20.095982 0.486511 0.564010 -1
1 2.605860 0.166694 21.262878 0.977382 0.892057 -1
1 2.596436 1.351418 20.215858 0.536939 0.488105 -1
1 2.596436 1.351418 20.182930 0.523088 0.488105 -1
1 2.596436 1.185762 20.171471 0.518267 0.544588 -1
1 2.596436 1.517073 20.171471 0.518267 0.431621 -1
242
0.033292 -0.002076 0.999444
0.000000 0.000000 1.000000
0.037540 -0.047844 0.998149
0.033297 -0.002076 0.999443
0.037545 -0.047850 0.998149
-0.248704 -0.000443 0.968579
0.000000 -0.151371 0.988477
-0.504615 0.331376 0.797216
-0.491462 0.556223 0.670135
-0.033292 -0.002076 -0.999444
0.000000 0.000000 -1.000000
-0.037540 -0.047844 -0.998149
-0.033297 -0.002076 -0.999443
-0.037545 -0.047850 -0.998149
0.000000 -0.004354 -0.999991
0.000000 -0.004354 -0.999991
0.000000 -0.004354 -0.999991
0.000000 -0.004354 0.999991
0.000000 -0.004354 0.999991
0.000000 -0.004354 0.999991
-0.999268 -0.002229 -0.038177
-0.999990 -0.004455 0.000000
-0.998703 -0.001486 -0.050899
-0.997707 -0.044495 -0.050999
-0.997707 -0.044495 -0.050999
-0.999991 -0.004354 0.000000
-0.999991 -0.004354 0.000000
-0.500666 0.394689 0.770424
-0.693196 0.451347 0.561930
-0.267146 0.051696 0.962269
-0.255235 -0.137437 0.957061
-0.352966 0.604659 -0.714004
-0.658237 0.420503 -0.624421
-0.234777 0.558786 -0.795386
-0.248707 0.484673 -0.838592
-1.000000 -0.000000 -0.000000
-1.000000 0.000000 -0.000000
-1.000000 0.000000 -0.000000
-1.000000 -0.000000 -0.000000
-1.000000 -0.000000 -0.000000
-1.000000 -0.000000 -0.000000
-1.000000 -0.000000 -0.000000
-1.000000 0.000000 -0.000000
-1.000000 -0.000000 -0.000000
-1.000000 0.000000 -0.000000
-1.000000 0.000000 -0.000000
-1.000000 -0.000000 -0.000000
-1.000000 -0.000000 -0.000000
-1.000000 -0.000000 -0.000000
-1.000000 -0.000000 -0.000000
-1.000000 0.000000 -0.000000
-0.352955 -0.604664 0.714006
-0.658219 -0.420518 0.624430
-0.238232 -0.501799 0.831531
0.000000 -0.420968 0.907075
-0.491464 -0.146639 -0.858464
-0.504618 0.111623 -0.856096
-0.238235 -0.469228 -0.850335
0.000014 -0.575060 -0.818112
-0.833921 0.551884 -0.000000
-0.833921 0.551883 0.000000
-0.833921 0.551884 -0.000000
0.000000 0.551867 0.833932
0.000000 0.551880 0.833924
0.000000 0.551880 0.833924
0.000000 0.551880 0.833924
0.000000 -1.000000 0.000000
-0.369787 -0.865115 -0.338871
0.000025 -0.898469 -0.439037
-0.503984 -0.848473 -0.161534
-0.695994 -0.715200 0.063879
0.000000 0.965926 -0.258819
0.000000 0.999615 -0.027760
-0.255237 0.957061 0.137437
-0.369797 0.865112 0.338867
0.000000 0.898471 0.439033
-0.503988 0.848471 0.161532
-0.695995 0.715200 -0.063879
0.000000 -0.965926 0.258817
0.000000 -0.999615 0.027761
-0.255236 -0.957061 -0.137435
-0.494814 -0.368353 0.787067
-0.500666 -0.469862 0.727024
-0.377297 -0.600090 0.705365
0.000000 -0.707104 0.707110
-0.693201 0.260971 -0.671838
-0.500666 0.469866 -0.727021
-0.696010 0.063877 -0.715186
-0.494750 -0.024928 -0.868678
-0.377296 0.600096 -0.705360
0.000000 0.707110 -0.707104
-1.000000 -0.000000 -0.000000
-1.000000 -0.000000 -0.000000
-1.000000 -0.000000 -0.000000
-1.000000 -0.000000 -0.000000
-1.000000 -0.000000 -0.000000
-1.000000 -0.000000 0.000000
-1.000000 -0.000000 -0.000000
-1.000000 -0.000000 -0.000000
-0.833921 0.551884 0.000000
-0.833921 0.551884 0.000000
0.000000 0.551893 0.833915
-0.833922 0.551883 -0.000000
-0.833922 0.551882 0.000000
-0.833921 0.551884 -0.000001
0.000000 0.551874 0.833927
0.000000 0.551894 -0.833914
0.000000 0.551880 -0.833924
0.000000 0.551880 -0.833924
0.000000 0.551880 -0.833924
-0.369801 0.865110 0.338869
-0.684909 0.703802 0.188583
-0.684909 0.515217 0.515219
-0.684914 0.515215 0.515214
-0.369799 -0.865112 -0.338866
-0.684906 -0.703805 -0.188583
-0.267145 -0.525902 -0.807502
-0.255246 -0.359506 -0.897555
-0.377296 -0.705364 -0.600091
-0.696561 -0.595129 -0.400780
-0.684905 -0.703805 0.188584
-0.684906 -0.703804 0.188584
-0.684907 0.703803 -0.188584
-0.684912 0.703798 -0.188585
0.000020 -0.707104 -0.707109
0.000040 -0.707101 -0.707112
-0.352958 0.714008 0.604660
0.000000 0.707108 0.707105
0.000000 1.000000 0.000000
0.000000 0.551873 -0.833928
0.000000 0.551893 -0.833915
-0.000008 -1.000000 -0.000000
-0.000008 -1.000000 -0.000000
-0.000008 -1.000000 -0.000000
0.022959 -0.069700 0.997304
0.022962 -0.069710 0.997303
-0.022962 -0.069710 -0.997303
-0.022959 -0.069700 -0.997304
-0.997035 -0.066764 -0.038262
-0.991098 -0.133134 0.000000
-0.997035 -0.066764 -0.038262
-0.991098 -0.133134 0.000000
-1.000000 0.000000 0.000000
-1.000000 -0.000000 -0.000000
-1.000000 0.000000 -0.000000
-1.000000 0.000000 -0.000000
-1.000000 0.000000 -0.000000
-1.000000 -0.000000 -0.000000
-1.000000 0.000000 -0.000000
-1.000000 0.000000 -0.000000
-1.000000 0.000000 -0.000000
-1.000000 0.000000 -0.000000
-1.000000 -0.000000 -0.000000
-1.000000 0.000000 -0.000000
-0.369796 0.726021 -0.579780
0.000000 0.829446 -0.558587
-0.504613 0.524712 -0.685597
-0.491459 0.302234 -0.816776
0.000000 -0.707115 0.707099
0.000000 -0.625339 0.780353
-0.248717 -0.484674 0.838589
0.000000 0.088963 -0.996035
0.000000 -0.088964 -0.996035
0.000000 0.475770 -0.879570
-0.255241 0.597557 -0.760117
-0.504636 -0.111622 0.856086
-0.491482 0.146636 0.858454
-0.238244 0.469226 0.850333
0.000000 0.575064 0.818108
-0.503990 -0.284339 -0.815565
-0.695985 -0.412924 -0.587450
-0.248704 0.000443 -0.968579
-0.234770 0.086226 -0.968219
-0.684900 -0.703810 -0.188582
-0.684895 -0.703815 -0.188585
-0.697325 -0.716575 -0.016038
-0.491462 -0.858464 0.146645
-0.377303 0.872373 -0.310819
-0.696571 0.644638 -0.315008
-0.259188 0.958688 -0.117213
0.000000 0.996035 0.088960
-0.377300 -0.705364 -0.600089
-0.696568 -0.595125 -0.400773
-0.259186 -0.580854 -0.771642
0.000000 -0.420977 -0.907071
0.000000 0.420977 0.907071
0.000000 0.575065 0.818108
0.000000 0.088963 0.996035
0.000000 -0.088964 0.996035
-0.369783 -0.726026 0.579781
-0.684882 -0.515238 0.515234
-0.255225 -0.597556 0.760123
0.000000 -0.475766 0.879572
-0.369800 0.865109 0.338873
0.000000 0.898467 0.439042
-0.504618 0.856095 0.111630
-0.491465 0.858465 -0.146630
-0.377287 -0.872382 0.310812
-0.696548 -0.644666 0.315004
-0.267139 -0.962271 0.051690
-0.255236 -0.957060 -0.137441
-0.369800 -0.865109 -0.338873
-0.684906 -0.703803 -0.188586
-0.369806 0.726026 -0.579767
-0.684916 0.515215 -0.515211
-0.684892 -0.515229 -0.515230
-0.684881 -0.515233 -0.515241
0.000000 0.965926 0.258817
0.000000 0.707110 0.707103
0.000000 0.707115 0.707099
-0.352957 -0.880653 0.316024
0.000000 -0.965924 0.258825
-0.352961 0.880657 -0.316008
0.000000 0.965928 -0.258810
-1.000000 -0.000000 -0.000000
-1.000000 0.000000 0.000000
-0.499960 0.000000 0.866048
-0.499960 0.000000 -0.866048
-0.496868 0.247759 -0.831708
-0.496498 0.247831 -0.831907
-1.000000 -0.000104 -0.000348
-0.497133 0.247724 0.831560
-0.496502 -0.247827 -0.831906
-0.497237 0.247687 -0.831509
-1.000000 0.000000 -0.000000
-1.000000 0.000000 -0.000002
-0.499960 0.000000 0.866048
-0.499956 0.000000 -0.866051
-1.000000 -0.000000 -0.000000
-1.000000 -0.000000 -0.000000
-1.000000 0.000121 0.000406
-0.496534 0.247284 0.832049
-0.497269 -0.247164 -0.831645
-1.000000 -0.000121 0.000407
-0.497269 0.247164 -0.831645
-0.496532 -0.247285 0.832050
-1.000000 0.000000 -0.000000
-1.000000 -0.000000 -0.000000
-1.000000 -0.000000 -0.000000
-1.000000 0.000000 -0.000000
-1.000000 0.000000 -0.000000
-1.000000 0.000000 -0.000000
290
1 0 1 2 0 1 2 1
1 2 3 0 2 2 0 1
1 4 5 6 3 1 4 1
1 6 7 4 4 4 3 1
1 8 9 10 5 6 7 1
1 10 11 8 7 8 5 1
1 12 13 14 9 10 11 1
1 14 15 12 11 11 9 1
1 16 17 18 12 10 13 1
1 18 19 16 13 13 12 1
1 20 21 22 14 14 14 1
1 22 23 20 14 14 14 1
1 24 25 26 15 16 15 1
1 26 27 24 15 15 15 1
1 28 29 30 17 17 17 1
1 30 31 28 17 17 17 1
1 32 33 34 18 19 18 1
1 34 35 32 18 18 18 1
1 36 37 38 20 21 22 1
1 38 39 36 22 23 20 1
1 40 41 42 20 21 22 1
1 42 43 40 22 24 20 1
1 44 45 46 25 25 25 1
1 46 47 44 25 25 25 1
1 48 49 50 26 26 26 1
1 50 51 48 26 26 26 1
1 52 53 54 27 28 29 1
1 54 55 52 29 30 27 1
1 56 57 58 31 32 33 1
1 58 59 56 33 34 31 1
1 60 61 62 35 36 37 1
1 63 60 62 38 35 37 1
1 63 62 64 38 37 39 1
1 65 63 64 40 38 39 1
1 66 65 64 41 40 39 1
1 66 64 67 41 39 42 1
1 66 67 61 41 42 36 1
1 66 61 60 41 36 35 1
1 68 69 70 43 44 45 1
1 71 68 70 46 43 45 1
1 71 70 72 46 45 47 1
1 73 71 72 48 46 47 1
1 74 73 72 49 48 47 1
1 74 72 75 49 47 50 1
1 74 75 69 49 50 44 1
1 74 69 68 49 44 43 1
1 76 77 78 51 52 53 1
1 78 79 76 53 54 51 1
1 9 8 79 6 5 54 1
1 79 78 9 54 53 6 1
1 80 81 82 55 56 57 1
1 82 83 80 57 58 55 1
1 84 85 86 59 60 59 1
1 86 87 84 59 61 59 1
1 87 88 89 62 62 62 2
1 89 84 87 62 62 62 2
1 90 91 92 60 60 60 1
1 92 93 90 60 60 60 1
1 93 94 95 63 64 63 2
1 95 90 93 63 65 63 2
1 96 97 98 10 10 10 1
1 98 99 96 10 10 10 1
1 100 101 102 66 66 66 1
1 102 103 100 66 66 66 1
1 104 105 106 67 68 69 1
1 106 107 104 69 70 67 1
1 108 109 110 71 71 72 1
1 110 111 108 72 73 71 1
1 112 113 114 74 75 76 1
1 114 115 112 76 77 74 1
1 116 117 118 78 78 79 1
1 118 119 116 79 80 78 1
1 120 121 55 81 82 30 1
1 55 54 120 30 29 81 1
1 122 123 121 83 84 82 1
1 121 120 122 82 81 83 1
1 124 125 126 85 86 87 1
1 126 127 124 87 88 85 1
1 128 129 125 89 90 86 1
1 125 124 128 86 85 89 1
1 130 131 132 91 92 93 1
1 133 130 132 94 91 93 1
1 134 133 132 95 94 93 1
1 134 132 135 95 93 96 1
1 134 135 136 95 96 97 1
1 137 134 136 98 95 97 1
1 137 136 131 98 97 92 1
1 137 131 130 98 92 91 1
1 138 139 140 99 99 99 1
1 140 141 138 99 100 99 1
1 141 142 143 101 101 101 2
1 143 138 141 101 101 101 2
1 144 145 146 102 103 102 1
1 146 147 144 102 104 102 1
1 147 148 149 105 105 105 2
1 149 144 147 105 105 105 2
1 150 86 85 106 106 106 2
1 85 151 150 106 106 106 2
1 152 92 91 107 108 107 2
1 91 153 152 107 109 107 2
1 154 155 111 110 111 73 1
1 111 110 154 73 72 110 1
1 53 52 156 28 27 112 1
1 156 157 53 112 113 28 1
1 158 159 119 114 115 80 1
1 119 118 158 80 79 114 1
1 160 161 162 116 117 118 1
1 162 163 160 118 119 116 1
1 161 160 127 117 116 88 1
1 127 126 161 88 87 117 1
1 164 165 107 120 121 70 1
1 107 106 164 70 69 120 1
1 166 167 115 122 123 77 1
1 115 114 166 77 76 122 1
1 168 169 83 124 125 58 1
1 83 82 168 58 57 124 1
1 81 80 59 56 55 34 1
1 59 58 81 34 33 56 1
1 170 171 11 126 127 8 1
1 11 10 170 8 7 126 1
1 172 173 174 128 128 128 1
1 174 175 172 128 128 128 1
1 176 177 178 1 1 1 1
1 178 179 176 1 1 1 1
1 180 181 182 128 128 128 1
1 182 183 180 128 128 128 1
1 184 185 186 1 1 1 1
1 186 187 184 1 1 1 1
1 188 146 145 129 129 129 2
1 145 189 188 129 129 129 2
1 190 140 139 130 130 130 2
1 139 191 190 130 130 130 2
1 192 193 194 10 10 10 1
1 194 195 192 10 10 10 1
1 196 197 198 66 66 66 1
1 198 199 196 66 66 66 1
1 200 201 202 10 10 10 1
1 202 203 200 10 10 10 1
1 204 205 206 1 1 1 1
1 206 207 204 1 1 1 1
1 208 209 210 131 132 131 1
1 210 211 208 131 133 131 1
1 212 213 3 134 1 2 1
1 3 2 212 2 2 134 1
1 214 215 7 135 1 4 1
1 7 6 214 4 4 135 1
1 19 18 216 13 13 136 1
1 216 217 19 136 10 13 1
1 15 14 218 11 11 137 1
1 218 219 15 137 10 11 1
1 39 38 220 23 22 138 1
1 220 221 39 138 139 23 1
1 222 223 43 140 141 24 1
1 43 42 222 24 22 140 1
1 224 225 226 142 142 142 1
1 227 228 229 143 143 143 1
1 230 231 232 142 142 142 1
1 233 234 235 142 142 142 1
1 236 237 238 142 142 142 1
1 238 239 236 142 142 142 1
1 240 241 242 144 145 145 1
1 243 244 245 142 142 142 1
1 246 247 248 142 142 142 1
1 249 232 231 142 142 142 1
1 250 251 252 146 146 146 1
1 253 254 255 142 142 142 1
1 256 257 258 142 142 142 1
1 259 260 261 147 147 147 1
1 262 263 264 148 149 149 1
1 265 266 267 142 142 142 1
1 266 265 268 142 142 142 1
1 269 248 247 142 142 142 1
1 270 271 272 142 142 142 1
1 273 274 275 142 142 142 1
1 271 270 276 142 142 142 1
1 277 278 279 142 142 142 1
1 280 255 254 142 142 142 1
1 281 282 283 142 142 142 1
1 284 264 263 150 149 149 1
1 285 286 287 151 151 151 1
1 288 289 290 142 142 142 1
1 291 252 251 146 146 146 1
1 292 293 294 152 152 152 1
1 295 258 257 142 142 142 1
1 296 297 298 142 142 142 1
1 278 277 299 142 142 142 1
1 300 290 289 142 142 142 1
1 244 243 301 142 142 142 1
1 302 298 297 142 142 142 1
1 303 242 241 153 145 145 1
1 304 275 274 142 142 142 1
1 305 283 282 142 142 142 1
1 306 235 234 142 142 142 1
1 307 308 309 142 142 142 1
1 310 311 312 154 155 156 1
1 312 313 310 156 157 154 1
1 314 315 316 158 158 159 1
1 316 317 314 159 160 158 1
1 318 319 320 161 162 163 1
1 320 321 318 163 164 161 1
1 322 323 317 165 166 160 1
1 317 316 322 160 159 165 1
1 323 322 324 166 165 167 1
1 324 325 323 167 168 166 1
1 326 327 328 169 170 171 1
1 328 329 326 171 172 169 1
1 330 331 332 173 174 175 1
1 332 333 330 175 176 173 1
1 334 335 336 177 178 179 1
1 336 337 334 179 180 177 1
1 338 339 340 181 182 183 1
1 340 341 338 183 184 181 1
1 342 343 344 185 186 187 1
1 344 345 342 187 188 185 1
1 346 347 348 189 190 191 1
1 348 349 346 191 192 189 1
1 350 351 352 193 194 195 1
1 352 353 350 195 196 193 1
1 354 355 356 197 198 199 1
1 356 357 354 199 200 197 1
1 358 359 357 201 202 200 1
1 357 356 358 200 199 201 1
1 360 361 321 203 204 164 1
1 321 320 360 164 163 203 1
1 362 363 327 205 206 170 1
1 327 326 362 170 169 205 1
1 349 348 345 192 191 188 1
1 345 344 349 188 187 192 1
1 329 328 313 172 171 157 1
1 313 312 329 157 156 172 1
1 319 318 341 162 161 184 1
1 341 340 319 184 183 162 1
1 364 365 337 207 207 180 1
1 337 336 364 180 179 207 1
1 343 342 366 186 185 208 1
1 366 367 343 208 208 186 1
1 368 369 325 209 209 168 1
1 325 324 368 168 167 209 1
1 370 371 333 210 211 176 1
1 333 332 370 176 175 210 1
1 372 373 353 212 213 196 1
1 353 352 372 196 195 212 1
1 374 375 376 146 146 146 1
1 377 378 379 142 142 142 1
1 379 380 377 142 142 142 1
1 381 382 383 142 142 142 1
1 383 384 381 142 142 142 1
1 385 386 387 214 214 214 1
1 388 389 390 142 142 142 1
1 391 392 393 142 142 142 1
1 393 394 391 142 142 142 1
1 389 388 395 142 142 142 1
1 396 397 398 215 216 215 1
1 398 399 396 215 217 215 1
1 400 401 402 218 218 219 1
1 403 404 405 220 221 220 1
1 405 406 403 220 222 220 1
1 401 400 407 218 218 223 1
1 408 409 410 224 224 224 1
1 411 412 413 142 142 142 1
1 414 415 416 225 226 225 1
1 416 417 414 225 227 225 1
1 418 419 420 228 228 229 1
1 421 422 423 142 142 142 1
1 424 425 426 142 142 142 1
1 427 428 429 142 142 142 1
1 430 431 432 142 142 142 1
1 433 434 435 142 142 142 1
1 436 437 438 230 231 230 1
1 438 439 436 230 232 230 1
1 440 441 442 142 142 142 1
1 442 443 440 142 142 142 1
1 444 376 375 146 146 146 1
1 445 446 447 233 234 233 1
1 447 448 445 233 235 233 1
1 449 450 451 236 236 236 1
1 452 429 428 142 142 142 1
1 422 421 453 142 142 142 1
1 419 418 454 228 228 237 1
1 455 456 457 238 238 238 1
1 458 413 412 142 142 142 1
1 459 460 461 142 142 142 1
1 460 459 462 142 142 142 1
1 463 435 434 142 142 142 1
1 464 465 466 142 142 142 1
1 465 464 461 142 142 142 1
1 467 468 469 239 240 239 1
1 469 470 467 239 241 239 1
1 471 472 473 142 142 142 1
1 472 471 474 142 142 142 1
"LOD15" 1 4
60
1 -5.155496 3.600403 8.171876 0.854794 1.110082 -1
1 -5.413791 3.585475 8.171876 1.086360 1.110082 -1
1 -5.275738 1.196811 8.171876 1.086361 -0.687238 -1
1 -5.017444 1.211739 8.171876 0.854794 -0.687238 -1
1 -4.699062 3.427199 8.178365 1.215820 1.047175 -1
1 -4.978487 3.427199 8.178365 1.465912 1.047175 -1
1 -4.978487 1.202034 8.178365 1.465913 -0.624332 -1
1 -4.699062 1.202034 8.178365 1.215821 -0.624332 -1
1 -4.377565 3.578959 8.191424 1.543202 1.584023 -1
1 -4.617770 3.585902 8.191424 1.758281 1.584023 -1
1 -4.691057 1.050274 8.191424 1.758281 -0.321496 -1
1 -4.450852 1.043331 8.191424 1.543202 -0.321496 -1
1 -3.271713 3.564648 8.191758 -0.831946 -0.290249 -1
1 -3.548804 3.600676 8.191758 -1.082038 -0.290249 -1
1 -3.835713 1.394086 8.191758 -1.082039 1.381259 -1
1 -3.558621 1.358058 8.191758 -0.831947 1.381259 -1
1 -2.844010 3.499808 8.189391 -1.219352 1.976835 -1
1 -3.123020 3.484605 8.189391 -1.469444 1.976835 -1
1 -2.994687 1.129425 8.189391 -1.469444 0.205037 -1
1 -2.715677 1.144628 8.189391 -1.219352 0.205037 -1
1 -1.934925 3.086162 8.163595 0.130914 1.254756 -1
1 -1.940190 3.424223 8.163595 -0.171698 1.254756 -1
1 -4.086323 3.390796 8.163599 -0.171698 -0.357580 -1
1 -4.081058 3.052734 8.163599 0.130913 -0.357580 -1
1 -3.928528 3.577953 8.173121 1.215820 1.047175 -1
1 -4.119027 3.782331 8.168920 1.465912 1.047175 -1
1 -5.746175 2.264947 8.133023 1.465913 -0.624332 -1
1 -5.555677 2.060569 8.137226 1.215821 -0.624332 -1
1 -3.784888 1.107963 8.173123 1.215820 1.047175 -1
1 -3.721968 1.380178 8.168920 1.465912 1.047175 -1
1 -5.889812 1.880700 8.133022 1.465913 -0.624332 -1
1 -5.952732 1.608485 8.137225 1.215821 -0.624332 -1
1 -4.082501 3.497243 8.197358 -1.219352 1.976835 -1
1 -4.361827 3.489836 8.197358 -1.469444 1.976835 -1
1 -4.299301 1.131990 8.197358 -1.469444 0.205037 -1
1 -4.019975 1.139398 8.197358 -1.219352 0.205037 -1
1 1.579024 2.936862 8.150104 1.215820 1.047175 -1
1 1.540411 3.213604 8.150253 1.465912 1.047175 -1
1 -0.663388 2.906106 8.158754 1.465913 -0.624332 -1
1 -0.624774 2.629364 8.158605 1.215821 -0.624332 -1
1 1.442356 1.289256 8.147205 1.215820 1.047175 -1
1 1.458706 1.568140 8.141374 1.465912 1.047175 -1
1 -0.762527 1.698790 8.161660 1.465913 -0.624332 -1
1 -0.778877 1.419905 8.167491 1.215821 -0.624332 -1
1 0.222986 3.573335 8.181474 0.854794 1.110082 -1
1 -0.034065 3.601955 8.188165 1.086360 1.110082 -1
1 -0.298920 1.224012 8.184588 1.086361 -0.687238 -1
1 -0.041870 1.195392 8.177896 0.854794 -0.687238 -1
1 0.552716 3.415386 8.176133 1.215820 1.047175 -1
1 0.274013 3.434078 8.183373 1.465912 1.047175 -1
1 0.125110 1.213901 8.183373 1.465913 -0.624332 -1
1 0.403813 1.195209 8.176131 1.215821 -0.624332 -1
1 0.800302 3.578959 8.180858 1.543202 1.584023 -1
1 0.560179 3.585902 8.187081 1.758281 1.584023 -1
1 0.486917 1.050274 8.188981 1.758281 -0.321496 -1
1 0.727040 1.043331 8.182755 1.543202 -0.321496 -1
1 1.095421 3.497243 8.179145 -1.219352 1.976835 -1
1 0.816189 3.489835 8.186381 -1.469444 1.976835 -1
1 0.878695 1.131990 8.184762 -1.469444 0.205037 -1
1 1.157926 1.139398 8.177524 -1.219352 0.205037 -1
26
0.000000 0.000000 1.000000
0.000002 0.000000 1.000000
0.000002 0.000000 1.000000
0.000002 0.000000 1.000000
-0.022055 -0.000000 0.999757
-0.022054 -0.000002 0.999757
-0.022056 0.000001 0.999757
-0.012333 0.018288 0.999757
-0.012332 0.018290 0.999757
-0.012333 0.018286 0.999757
0.003858 -0.000003 0.999993
0.010324 0.020298 0.999741
0.010325 0.020300 0.999741
0.010324 0.020297 0.999741
0.025541 -0.004349 0.999664
0.025537 -0.004348 0.999664
0.025544 -0.004349 0.999664
0.025857 -0.001735 0.999664
0.025853 -0.001734 0.999664
0.025860 -0.001735 0.999664
0.025914 -0.000000 0.999664
0.025910 0.000000 0.999664
0.025918 -0.000001 0.999664
0.025910 -0.000000 0.999664
0.025907 0.000000 0.999664
0.025914 -0.000000 0.999664
30
1 0 1 2 0 0 0 1
1 2 3 0 0 0 0 1
1 4 5 6 0 0 0 1
1 6 7 4 0 0 0 1
1 8 9 10 0 0 0 1
1 10 11 8 0 0 0 1
1 12 13 14 0 0 0 1
1 14 15 12 0 0 0 1
1 16 17 18 0 0 0 1
1 18 19 16 0 0 0 1
1 20 21 22 1 2 1 1
1 22 23 20 1 3 1 1
1 24 25 26 4 5 4 1
1 26 27 24 4 6 4 1
1 28 29 30 7 8 7 1
1 30 31 28 7 9 7 1
1 32 33 34 0 0 0 1
1 34 35 32 0 0 0 1
1 36 37 38 10 10 10 1
1 38 39 36 10 10 10 1
1 40 41 42 11 12 11 1
1 42 43 40 11 13 11 1
1 44 45 46 14 15 14 1
1 46 47 44 14 16 14 1
1 48 49 50 17 18 17 1
1 50 51 48 17 19 17 1
1 52 53 54 20 21 20 1
1 54 55 52 20 22 20 1
1 56 57 58 23 24 23 1
1 58 59 56 23 25 23 1
"LOD16" 1 5
72
1 4.746737 3.097071 10.513690 0.753210 0.828947 -1
1 4.746737 3.285448 10.476220 1.051353 0.828947 -1
1 4.331057 3.285448 10.476220 1.051353 0.171053 -1
1 4.331057 3.097071 10.513690 0.753210 0.171053 -1
1 4.746737 3.445147 10.369514 1.304106 0.828947 -1
1 4.331057 3.445147 10.369514 1.304106 0.171053 -1
1 4.746737 3.445147 10.369514 -0.050897 0.828947 -1
1 4.746737 3.551854 10.209815 0.201857 0.828947 -1
1 4.331057 3.551854 10.209813 0.201857 0.171053 -1
1 4.331057 3.445147 10.369514 -0.050897 0.171053 -1
1 4.746737 3.589325 10.021436 0.500000 0.828947 -1
1 4.331057 3.589325 10.021436 0.500000 0.171053 -1
1 4.746737 3.551854 9.833058 0.798143 0.828947 -1
1 4.331057 3.551854 9.833058 0.798143 0.171053 -1
1 4.746737 3.445147 9.673360 1.050897 0.828947 -1
1 4.331057 3.445147 9.673360 1.050897 0.171053 -1
1 4.746737 3.445147 9.673360 -0.304107 0.828947 -1
1 4.746737 3.285448 9.566653 -0.051353 0.828947 -1
1 4.331057 3.285448 9.566653 -0.051353 0.171053 -1
1 4.331057 3.445147 9.673360 -0.304107 0.171053 -1
1 4.746737 3.097071 9.529181 0.246790 0.828947 -1
1 4.331057 3.097071 9.529181 0.246790 0.171053 -1
1 4.746737 2.908693 9.566653 0.544933 0.828947 -1
1 4.331057 2.908693 9.566653 0.544933 0.171053 -1
1 4.746737 2.748994 9.673360 0.797687 0.828947 -1
1 4.331057 2.748994 9.673360 0.797687 0.171053 -1
1 4.746737 2.748994 9.673360 -0.050897 0.828947 -1
1 4.746737 2.642287 9.833058 0.201857 0.828947 -1
1 4.331057 2.642287 9.833058 0.201857 0.171053 -1
1 4.331057 2.748994 9.673360 -0.050897 0.171053 -1
1 4.746737 2.604816 10.021436 0.500000 0.828947 -1
1 4.331057 2.604816 10.021436 0.500000 0.171053 -1
1 4.746737 2.642287 10.209815 0.798143 0.828947 -1
1 4.331057 2.642287 10.209813 0.798143 0.171053 -1
1 4.746737 2.748994 10.369514 1.050897 0.828947 -1
1 4.331057 2.748994 10.369514 1.050897 0.171053 -1
1 4.746737 2.748994 10.369514 0.202313 0.828947 -1
1 4.746737 2.908693 10.476220 0.455067 0.828947 -1
1 4.331057 2.908693 10.476220 0.455067 0.171053 -1
1 4.331057 2.748994 10.369514 0.202313 0.171053 -1
1 4.331057 3.097071 10.513690 1.279086 0.246790 -1
1 4.331057 3.285448 10.476220 1.219781 -0.051353 -1
1 4.331057 3.272505 10.444974 1.170327 -0.030868 -1
1 4.331057 3.097071 10.479869 1.225557 0.246790 -1
1 4.331057 3.445147 10.369514 1.050897 -0.304106 -1
1 4.331057 3.421232 10.345597 1.013047 -0.266256 -1
1 4.331057 3.551854 10.209813 0.798143 -0.472991 -1
1 4.331057 3.520607 10.196872 0.777659 -0.423537 -1
1 4.331057 3.589325 10.021436 0.500000 -0.532295 -1
1 4.331057 3.555504 10.021436 0.500000 -0.478767 -1
1 4.331057 3.551854 9.833058 0.201857 -0.472991 -1
1 4.331057 3.520607 9.846002 0.222342 -0.423537 -1
1 4.331057 3.445147 9.673360 -0.050897 -0.304106 -1
1 4.331057 3.421232 9.697276 -0.013046 -0.266256 -1
1 4.331057 3.285448 9.566653 -0.219781 -0.051353 -1
1 4.331057 3.272505 9.597899 -0.170327 -0.030869 -1
1 4.331057 3.097071 9.529181 -0.279085 0.246790 -1
1 4.331057 3.097071 9.563003 -0.225557 0.246790 -1
1 4.331057 2.908693 9.566653 -0.219781 0.544933 -1
1 4.331057 2.921636 9.597899 -0.170327 0.524449 -1
1 4.331057 2.748994 9.673360 -0.050897 0.797687 -1
1 4.331057 2.772909 9.697276 -0.013046 0.759836 -1
1 4.331057 2.642287 9.833058 0.201857 0.966571 -1
1 4.331057 2.673534 9.846002 0.222341 0.917117 -1
1 4.331057 2.604816 10.021436 0.500000 1.025876 -1
1 4.331057 2.638638 10.021436 0.500000 0.972347 -1
1 4.331057 2.642287 10.209813 0.798143 0.966571 -1
1 4.331057 2.673534 10.196872 0.777659 0.917117 -1
1 4.331057 2.748994 10.369514 1.050897 0.797687 -1
1 4.331057 2.772910 10.345597 1.013046 0.759837 -1
1 4.331057 2.908693 10.476220 1.219781 0.544933 -1
1 4.331057 2.921636 10.444974 1.170327 0.524449 -1
35
0.000000 0.066158 0.997809
0.000000 0.442965 0.896539
0.000000 0.320719 0.947174
0.000000 -0.066157 0.997809
0.000000 0.555567 0.831472
-0.000001 0.831471 0.555568
-0.000001 0.947173 0.320722
-0.000001 0.896538 0.442966
0.000000 0.831473 0.555566
0.000000 0.997809 -0.066160
-0.000000 0.997809 0.066159
0.000000 0.896537 -0.442968
0.000000 0.947173 -0.320723
0.000000 0.831470 -0.555570
0.000000 0.555567 -0.831472
0.000000 0.320725 -0.947172
0.000000 0.442967 -0.896538
0.000000 -0.066161 -0.997809
0.000000 0.066161 -0.997809
0.000000 -0.442968 -0.896537
0.000000 -0.320725 -0.947172
0.000000 -0.555568 -0.831471
0.000000 -0.831469 -0.555572
0.000000 -0.947173 -0.320722
0.000000 -0.896537 -0.442969
-0.000000 -0.997809 0.066158
0.000000 -0.997809 -0.066158
-0.000001 -0.896538 0.442966
-0.000001 -0.947174 0.320720
0.000000 -0.831469 0.555572
-0.000001 -0.831470 0.555570
0.000000 -0.555568 0.831471
0.000000 -0.320719 0.947174
0.000000 -0.442965 0.896539
-1.000000 0.000000 0.000000
64
1 0 1 2 0 1 2 1
1 2 3 0 2 3 0 1
1 1 4 5 1 4 4 1
1 5 2 1 4 2 1 1
1 6 7 8 5 6 7 1
1 8 9 6 7 8 5 1
1 7 10 11 6 9 10 1
1 11 8 7 10 7 6 1
1 10 12 13 9 11 12 1
1 13 11 10 12 10 9 1
1 12 14 15 11 13 13 1
1 15 13 12 13 12 11 1
1 16 17 18 14 15 16 1
1 18 19 16 16 14 14 1
1 17 20 21 15 17 18 1
1 21 18 17 18 16 15 1
1 20 22 23 17 19 20 1
1 23 21 20 20 18 17 1
1 22 24 25 19 21 21 1
1 25 23 22 21 20 19 1
1 26 27 28 22 23 24 1
1 28 29 26 24 22 22 1
1 27 30 31 23 25 26 1
1 31 28 27 26 24 23 1
1 30 32 33 25 27 28 1
1 33 31 30 28 26 25 1
1 32 34 35 27 29 30 1
1 35 33 32 30 28 27 1
1 36 37 38 31 32 33 1
1 38 39 36 33 31 31 1
1 37 0 3 32 0 3 1
1 3 38 37 3 33 32 1
1 40 41 42 34 34 34 1
1 42 43 40 34 34 34 1
1 41 44 45 34 34 34 1
1 45 42 41 34 34 34 1
1 44 46 47 34 34 34 1
1 47 45 44 34 34 34 1
1 46 48 49 34 34 34 1
1 49 47 46 34 34 34 1
1 48 50 51 34 34 34 1
1 51 49 48 34 34 34 1
1 50 52 53 34 34 34 1
1 53 51 50 34 34 34 1
1 52 54 55 34 34 34 1
1 55 53 52 34 34 34 1
1 54 56 57 34 34 34 1
1 57 55 54 34 34 34 1
1 56 58 59 34 34 34 1
1 59 57 56 34 34 34 1
1 58 60 61 34 34 34 1
1 61 59 58 34 34 34 1
1 60 62 63 34 34 34 1
1 63 61 60 34 34 34 1
1 62 64 65 34 34 34 1
1 65 63 62 34 34 34 1
1 64 66 67 34 34 34 1
1 67 65 64 34 34 34 1
1 66 68 69 34 34 34 1
1 69 67 66 34 34 34 1
1 68 70 71 34 34 34 1
1 71 69 68 34 34 34 1
1 70 40 43 34 34 34 1
1 43 71 70 34 34 34 1
"LOD17" 1 6
16
1 4.331057 3.272505 10.444974 0.877683 1.334477 -1
1 4.331057 3.421232 10.345597 0.784817 1.198086 -1
1 4.331057 3.520607 10.196872 0.646827 1.107615 -1
1 4.331057 3.555504 10.021436 0.484718 1.076838 -1
1 4.331057 3.520607 9.846002 0.323171 1.110440 -1
1 4.331057 3.421232 9.697276 0.186780 1.203305 -1
1 4.331057 3.272505 9.597899 0.096309 1.341296 -1
1 4.331057 3.097071 9.563003 0.065532 1.503404 -1
1 4.331057 2.921636 9.597899 0.099134 1.664951 -1
1 4.331057 2.772909 9.697276 0.191999 1.801342 -1
1 4.331057 2.673534 9.846002 0.329990 1.891813 -1
1 4.331057 2.638638 10.021436 0.492099 1.922590 -1
1 4.331057 2.673534 10.196872 0.653645 1.888988 -1
1 4.331057 2.772910 10.345597 0.790036 1.796123 -1
1 4.331057 2.921636 10.444974 0.880507 1.658132 -1
1 4.331057 3.097071 10.479869 0.911284 1.496024 -1
1
-1.000000 0.000000 0.000000
14
1 0 1 2 0 0 0 1
1 2 3 4 0 0 0 1
1 4 5 6 0 0 0 1
1 2 4 6 0 0 0 1
1 6 7 8 0 0 0 1
1 8 9 10 0 0 0 1
1 6 8 10 0 0 0 1
1 10 11 12 0 0 0 1
1 12 13 14 0 0 0 1
1 10 12 14 0 0 0 1
1 6 10 14 0 0 0 1
1 2 6 14 0 0 0 1
1 0 2 14 0 0 0 1
1 15 0 14 0 0 0 1
"LOD18" 1 7
4
1 2.603401 0.238321 8.662871 0.210825 3.077585 -1
1 2.603401 0.238321 11.080756 3.064427 0.233926 -1
1 2.603401 2.126257 11.080756 0.844037 -1.994229 -1
1 2.603401 2.126257 8.662871 -2.009565 0.849430 -1
1
-1.000000 0.000000 -0.000000
2
1 0 1 2 0 0 0 1
1 2 3 0 0 0 0 1

Materials: 9
"_7_-_Default"
0.584314 0.584314 0.584314 1.000000
0.584314 0.584314 0.584314 1.000000
0.894118 0.894118 0.894118 1.000000
0.000000 0.000000 0.000000 1.000000
125.440002
1.000000
"METAL05.tga"
""
"_5_-_Default"
0.584314 0.584314 0.584314 1.000000
0.584314 0.584314 0.584314 1.000000
0.894118 0.894118 0.894118 1.000000
0.000000 0.000000 0.000000 1.000000
125.440002
1.000000
"CON_35.tga"
""
"_6_-_Default"
0.584314 0.584314 0.584314 1.000000
0.584314 0.584314 0.584314 1.000000
0.894118 0.894118 0.894118 1.000000
0.000000 0.000000 0.000000 1.000000
125.440002
1.000000
"BRICK30.tga"
""
"_9_-_Default"
0.584314 0.584314 0.584314 1.000000
0.584314 0.584314 0.584314 1.000000
0.894118 0.894118 0.894118 1.000000
0.000000 0.000000 0.000000 1.000000
125.440002
1.000000
"METALL_3.tga"
""
"_8_-_Default"
0.584314 0.584314 0.584314 1.000000
0.584314 0.584314 0.584314 1.000000
0.894118 0.894118 0.894118 1.000000
0.000000 0.000000 0.000000 1.000000
125.440002
1.000000
"WOOD09.tga"
""
"_3_-_Default"
0.584314 0.584314 0.584314 1.000000
0.584314 0.584314 0.584314 1.000000
0.894118 0.894118 0.894118 1.000000
0.000000 0.000000 0.000000 1.000000
125.440002
1.000000
"CLOCK_1.tga"
""
"_2_-_Default"
0.584314 0.584314 0.584314 1.000000
0.584314 0.584314 0.584314 1.000000
0.894118 0.894118 0.894118 1.000000
0.000000 0.000000 0.000000 1.000000
125.440002
1.000000
"CLOCK.tga"
""
"_0_-_Default"
0.584314 0.584314 0.584314 1.000000
0.584314 0.584314 0.584314 1.000000
0.894118 0.894118 0.894118 1.000000
0.000000 0.000000 0.000000 1.000000
125.440002
1.000000
"GITTER1.tga"
""
"Material"
0.117647 0.117647 0.117647 1.000000
0.752941 0.752941 0.752941 1.000000
0.752941 0.752941 0.752941 1.000000
0.000000 0.000000 0.000000 1.000000
125.440002
1.000000
""
""

Bones: 0
GroupComments: 0
MaterialComments: 0
BoneComments: 0
ModelComment: 0
