// MilkShape 3D ASCII

Frames: 30
Frame: 1

Meshes: 4
"Object0311" 1 0
56
1 -0.834119 0.051247 1.331204 0.659771 0.622550 -1
1 -0.834119 0.051247 0.051536 0.659771 0.377450 -1
1 0.834120 0.051247 0.051536 0.340229 0.377450 -1
1 0.834119 0.051247 1.331204 0.340229 0.622550 -1
1 -0.490962 6.276628 1.095755 0.405959 0.577453 -1
1 0.490962 6.276628 1.095755 0.594041 0.577454 -1
1 0.490962 6.276628 0.286985 0.594041 0.422547 -1
1 -0.490962 6.276628 0.286985 0.405959 0.422547 -1
1 -0.834119 0.051247 1.331204 0.340229 0.999500 -1
1 0.834119 0.051247 1.331204 0.659771 0.999500 -1
1 0.490962 5.477869 1.095755 0.594041 0.128678 -1
1 -0.490962 5.477869 1.095755 0.405959 0.128678 -1
1 0.834119 0.051247 1.331204 0.377450 0.999500 -1
1 0.834120 0.051247 0.051536 0.622550 0.999500 -1
1 0.490962 5.477869 0.286985 0.577453 0.128678 -1
1 0.490962 5.477869 1.095755 0.422546 0.128678 -1
1 0.834120 0.051247 0.051536 0.340229 0.999500 -1
1 -0.834119 0.051247 0.051536 0.659771 0.999500 -1
1 -0.490962 5.477869 0.286985 0.594041 0.128678 -1
1 0.490962 5.477869 0.286985 0.405959 0.128678 -1
1 -0.834119 0.051247 0.051536 0.377450 0.999500 -1
1 -0.834119 0.051247 1.331204 0.622550 0.999500 -1
1 -0.490962 5.477869 1.095755 0.577453 0.128678 -1
1 -0.490962 5.477869 0.286985 0.422547 0.128678 -1
1 0.490962 6.276628 1.095755 0.594041 0.000500 -1
1 -0.490962 6.276628 1.095755 0.405959 0.000500 -1
1 1.619721 5.919378 1.095755 0.422546 0.057828 -1
1 1.619721 5.919378 0.286985 0.577453 0.057828 -1
1 1.619721 6.276628 0.286986 0.577453 0.000500 -1
1 1.619721 6.276628 1.095755 0.422546 0.000500 -1
1 -0.490962 6.276628 0.286985 0.594041 0.000500 -1
1 0.490962 6.276628 0.286985 0.405959 0.000500 -1
1 -1.619721 5.919378 0.286985 0.422546 0.057828 -1
1 -1.619721 5.919378 1.095755 0.577453 0.057828 -1
1 -1.619721 6.276628 1.095755 0.577453 0.000500 -1
1 -1.619721 6.276628 0.286985 0.422546 0.000500 -1
1 0.490962 5.477869 1.095755 0.405959 0.577454 -1
1 0.490962 5.477869 0.286985 0.405959 0.422547 -1
1 1.619721 5.919378 0.286985 0.189751 0.422547 -1
1 1.619721 5.919378 1.095755 0.189751 0.577454 -1
1 1.619721 6.276628 0.286986 0.189751 0.000500 -1
1 1.619721 5.919378 0.286985 0.189751 0.057828 -1
1 1.619721 6.276628 1.095755 0.810249 0.577454 -1
1 1.619721 6.276628 0.286986 0.810249 0.422547 -1
1 1.619721 5.919378 1.095755 0.810249 0.057828 -1
1 1.619721 6.276628 1.095755 0.810249 0.000500 -1
1 -0.490962 5.477869 0.286985 0.594041 0.422547 -1
1 -0.490962 5.477869 1.095755 0.594041 0.577453 -1
1 -1.619721 5.919378 1.095755 0.810249 0.577453 -1
1 -1.619721 5.919378 0.286985 0.810249 0.422546 -1
1 -1.619721 6.276628 1.095755 0.189751 0.000500 -1
1 -1.619721 5.919378 1.095755 0.189751 0.057828 -1
1 -1.619721 6.276628 0.286985 0.189751 0.422546 -1
1 -1.619721 6.276628 1.095755 0.189751 0.577453 -1
1 -1.619721 5.919378 0.286985 0.810249 0.057828 -1
1 -1.619721 6.276628 0.286985 0.810249 0.000500 -1
21
0.000000 -1.000000 0.000000
0.000000 1.000000 0.000000
0.000000 0.043347 0.999060
0.000000 0.021679 0.999765
0.998007 0.063110 0.000000
0.998007 0.063110 0.000001
0.998007 0.063110 0.000000
0.000000 0.043347 -0.999060
-0.000001 0.021680 -0.999765
-0.998007 0.063110 0.000000
-0.998007 0.063110 0.000000
0.000000 0.000000 1.000000
1.000000 0.000000 0.000000
0.000000 0.000000 -1.000000
0.000000 0.000000 -1.000000
0.000000 0.000000 -1.000000
-1.000000 0.000000 0.000000
0.364271 -0.931293 0.000000
0.000001 0.000000 -1.000000
-0.000001 0.000003 -1.000000
-0.364271 -0.931293 0.000000
36
1 0 1 2 0 0 0 1
1 2 3 0 0 0 0 1
1 4 5 6 1 1 1 1
1 6 7 4 1 1 1 1
1 8 9 10 2 2 2 1
1 10 11 8 2 3 2 1
1 12 13 14 4 5 4 1
1 14 15 12 4 6 4 1
1 16 17 18 7 7 7 1
1 18 19 16 7 8 7 1
1 20 21 22 9 9 9 1
1 22 23 20 9 10 9 1
1 11 10 24 11 11 11 2
1 24 25 11 11 11 11 2
1 26 27 28 12 12 12 1
1 28 29 26 12 12 12 1
1 19 18 30 13 14 14 2
1 30 31 19 14 15 13 2
1 32 33 34 16 16 16 1
1 34 35 32 16 16 16 1
1 36 37 38 17 17 17 1
1 38 39 36 17 17 17 1
1 19 31 40 13 15 18 2
1 40 41 19 19 19 8 1
1 6 5 42 1 1 1 1
1 42 43 6 1 1 1 1
1 24 10 44 11 11 11 2
1 44 45 24 11 11 11 2
1 46 47 48 20 20 20 1
1 48 49 46 20 20 20 1
1 11 25 50 11 11 11 2
1 50 51 11 11 11 3 1
1 4 7 52 1 1 1 1
1 52 53 4 1 1 1 1
1 30 18 54 14 14 14 2
1 54 55 30 14 14 14 2
"Object0312" 1 1
276
1 -0.496185 5.329170 0.742817 0.425945 -0.132309 -1
1 -0.496185 5.329170 0.657801 0.547395 -0.132309 -1
1 -0.499182 5.458773 0.657801 0.547395 -0.317458 -1
1 -0.499182 5.458773 0.742817 0.425945 -0.317458 -1
1 -0.560104 4.570427 0.742817 1.463028 0.574055 -1
1 -0.604212 4.546327 0.742817 1.526040 0.574055 -1
1 -0.604212 4.546327 0.657801 1.526040 0.452605 -1
1 -0.560104 4.570427 0.657801 1.463028 0.452605 -1
1 -0.655483 4.564050 0.742817 1.599284 0.574055 -1
1 -0.655483 4.564050 0.657801 1.599283 0.452605 -1
1 -0.655483 4.564050 0.742817 0.574055 0.960719 -1
1 -0.683711 4.604514 0.742817 0.574055 0.902913 -1
1 -0.683711 4.604514 0.657801 0.452605 0.902913 -1
1 -0.655483 4.564050 0.657801 0.452605 0.960719 -1
1 -0.527460 5.458172 0.657801 0.452605 -0.316598 -1
1 -0.527724 5.329170 0.657801 0.452605 -0.132309 -1
1 -0.527724 5.329170 0.742817 0.574055 -0.132309 -1
1 -0.527460 5.458172 0.742817 0.574055 -0.316598 -1
1 -0.580197 4.590410 0.742817 -0.491733 0.574055 -1
1 -0.580197 4.590410 0.657801 -0.491733 0.452605 -1
1 -0.606121 4.574601 0.657801 -0.528768 0.452605 -1
1 -0.606121 4.574601 0.742817 -0.528768 0.574055 -1
1 -0.636789 4.585348 0.657801 -0.572578 0.452605 -1
1 -0.636789 4.585348 0.742817 -0.572579 0.574055 -1
1 -0.636789 4.585348 0.742817 0.425945 0.930293 -1
1 -0.636789 4.585348 0.657801 0.547395 0.930293 -1
1 -0.656434 4.612197 0.657801 0.547395 0.891937 -1
1 -0.656434 4.612197 0.742817 0.425945 0.891937 -1
1 -0.499182 5.458773 0.742817 -0.375997 0.574055 -1
1 -0.499182 5.458773 0.657801 -0.375997 0.452605 -1
1 -0.527460 5.458172 0.657801 -0.416394 0.452605 -1
1 -0.527460 5.458172 0.742817 -0.416394 0.574055 -1
1 -0.496185 5.329170 0.657801 1.371715 -0.132309 -1
1 -0.527724 5.329170 0.657801 1.416772 -0.132309 -1
1 -0.527460 5.458172 0.657801 1.416394 -0.316598 -1
1 -0.499182 5.458773 0.657801 1.375997 -0.317458 -1
1 -0.560104 4.570427 0.657801 1.463028 0.951609 -1
1 -0.604212 4.546327 0.657801 1.526040 0.986037 -1
1 -0.606121 4.574601 0.657801 1.528768 0.945646 -1
1 -0.580197 4.590410 0.657801 1.491733 0.923061 -1
1 -0.655483 4.564050 0.657801 1.599283 0.960719 -1
1 -0.636789 4.585348 0.657801 1.572578 0.930293 -1
1 -0.683711 4.604514 0.657801 1.639610 0.902913 -1
1 -0.656434 4.612197 0.657801 1.600643 0.891937 -1
1 -0.683711 4.604514 0.657801 -0.639610 0.452605 -1
1 -0.683711 4.604514 0.742817 -0.639610 0.574055 -1
1 -0.656434 4.612197 0.742817 -0.600643 0.574055 -1
1 -0.656434 4.612197 0.657801 -0.600643 0.452605 -1
1 -0.683711 4.604514 0.742817 -0.639610 0.902913 -1
1 -0.655483 4.564050 0.742817 -0.599284 0.960719 -1
1 -0.636789 4.585348 0.742817 -0.572579 0.930293 -1
1 -0.656434 4.612197 0.742817 -0.600643 0.891937 -1
1 -0.604212 4.546327 0.742817 -0.526040 0.986037 -1
1 -0.606121 4.574601 0.742817 -0.528768 0.945646 -1
1 -0.560104 4.570427 0.742817 -0.463028 0.951609 -1
1 -0.580197 4.590410 0.742817 -0.491733 0.923061 -1
1 -0.542434 4.623144 0.742817 -0.437786 0.876299 -1
1 -0.570712 4.624996 0.742817 -0.478183 0.873653 -1
1 -0.560104 4.570427 0.742817 0.425945 0.951609 -1
1 -0.560104 4.570427 0.657801 0.547395 0.951609 -1
1 -0.542434 4.623144 0.657801 0.547395 0.876299 -1
1 -0.542434 4.623144 0.742817 0.425945 0.876299 -1
1 -0.580197 4.590410 0.657801 0.452605 0.923061 -1
1 -0.580197 4.590410 0.742817 0.574055 0.923061 -1
1 -0.570712 4.624996 0.742817 0.574055 0.873653 -1
1 -0.570712 4.624996 0.657801 0.452605 0.873653 -1
1 -0.570712 4.624996 0.657801 1.478183 0.873653 -1
1 -0.542434 4.623144 0.657801 1.437786 0.876299 -1
1 -0.496185 5.329170 0.742817 -0.371715 -0.132309 -1
1 -0.527724 5.329170 0.742817 -0.416772 -0.132309 -1
1 -0.499182 5.458773 0.742817 -0.375997 -0.317458 -1
1 -0.527460 5.458172 0.742817 -0.416394 -0.316598 -1
1 -0.520033 5.355983 0.263229 1.405784 -0.170614 -1
1 -0.520033 5.449496 0.263229 1.405784 -0.304204 -1
1 0.516738 5.449496 0.263229 -0.075317 -0.304204 -1
1 0.516738 5.355983 0.263229 -0.075317 -0.170614 -1
1 -0.520033 5.355983 1.118727 -0.405784 -0.170614 -1
1 0.516738 5.355983 1.118727 1.075317 -0.170614 -1
1 0.516738 5.449496 1.118727 1.075317 -0.304204 -1
1 -0.520033 5.449496 1.118727 -0.405784 -0.304204 -1
1 -0.520033 5.355983 0.263229 1.405784 -0.111070 -1
1 0.516738 5.355983 0.263229 -0.075317 -0.111069 -1
1 0.516738 5.355983 1.118727 -0.075317 1.111070 -1
1 -0.520033 5.355983 1.118727 1.405784 1.111069 -1
1 0.516738 5.355983 0.263229 1.111069 -0.170614 -1
1 0.516738 5.449496 0.263229 1.111069 -0.304204 -1
1 0.516738 5.449496 1.118727 -0.111070 -0.304204 -1
1 0.516738 5.355983 1.118727 -0.111070 -0.170614 -1
1 0.516738 5.449496 0.263229 1.075317 -0.111069 -1
1 -0.520033 5.449496 0.263229 -0.405784 -0.111070 -1
1 -0.520033 5.449496 1.118727 -0.405784 1.111069 -1
1 0.516738 5.449496 1.118727 1.075317 1.111070 -1
1 -0.520033 5.449496 0.263229 -0.111070 -0.304204 -1
1 -0.520033 5.355983 0.263229 -0.111070 -0.170614 -1
1 -0.520033 5.355983 1.118727 1.111069 -0.170614 -1
1 -0.520033 5.449496 1.118727 1.111069 -0.304204 -1
1 0.492520 5.329170 0.742817 0.574055 -0.132309 -1
1 0.495518 5.458773 0.742817 0.574055 -0.317458 -1
1 0.495518 5.458773 0.657801 0.452605 -0.317458 -1
1 0.492520 5.329170 0.657801 0.452605 -0.132309 -1
1 0.556440 4.570427 0.742817 -0.132034 0.574056 -1
1 0.556440 4.570427 0.657802 -0.132034 0.452605 -1
1 0.600548 4.546327 0.657801 -0.195045 0.452605 -1
1 0.600548 4.546327 0.742817 -0.195045 0.574056 -1
1 0.650978 4.569786 0.657801 -0.267089 0.452605 -1
1 0.650978 4.569786 0.742817 -0.267089 0.574056 -1
1 0.650978 4.569786 0.742817 0.425944 0.952525 -1
1 0.650978 4.569786 0.657801 0.547395 0.952525 -1
1 0.664948 4.617104 0.657801 0.547395 0.884927 -1
1 0.664948 4.617104 0.742817 0.425944 0.884927 -1
1 0.523796 5.458172 0.657801 0.547395 -0.316598 -1
1 0.523796 5.458172 0.742817 0.425945 -0.316598 -1
1 0.524060 5.329170 0.742817 0.425945 -0.132309 -1
1 0.524060 5.329170 0.657801 0.547395 -0.132309 -1
1 0.576533 4.590410 0.742817 1.160738 0.574056 -1
1 0.602457 4.574601 0.742817 1.197773 0.574056 -1
1 0.602457 4.574601 0.657801 1.197773 0.452605 -1
1 0.576533 4.590410 0.657802 1.160738 0.452605 -1
1 0.626505 4.584072 0.742817 1.232127 0.574056 -1
1 0.626505 4.584072 0.657801 1.232127 0.452605 -1
1 0.626505 4.584072 0.742817 0.574056 0.932115 -1
1 0.636642 4.615759 0.742817 0.574056 0.886848 -1
1 0.636642 4.615759 0.657801 0.452605 0.886848 -1
1 0.626505 4.584072 0.657801 0.452605 0.932115 -1
1 0.495518 5.458773 0.742817 1.045003 0.574055 -1
1 0.523796 5.458172 0.742817 1.085400 0.574055 -1
1 0.523796 5.458172 0.657801 1.085400 0.452605 -1
1 0.495518 5.458773 0.657801 1.045003 0.452605 -1
1 0.492520 5.329170 0.657801 -0.040720 -0.132309 -1
1 0.495518 5.458773 0.657801 -0.045003 -0.317458 -1
1 0.523796 5.458172 0.657801 -0.085400 -0.316598 -1
1 0.524060 5.329170 0.657801 -0.085777 -0.132309 -1
1 0.556440 4.570427 0.657802 -0.132034 0.951609 -1
1 0.576533 4.590410 0.657802 -0.160738 0.923061 -1
1 0.602457 4.574601 0.657801 -0.197773 0.945646 -1
1 0.600548 4.546327 0.657801 -0.195045 0.986037 -1
1 0.626505 4.584072 0.657801 -0.232127 0.932115 -1
1 0.650978 4.569786 0.657801 -0.267089 0.952525 -1
1 0.636642 4.615759 0.657801 -0.246608 0.886848 -1
1 0.664948 4.617104 0.657801 -0.287046 0.884927 -1
1 0.664948 4.617104 0.657801 1.287046 0.452605 -1
1 0.636642 4.615759 0.657801 1.246608 0.452605 -1
1 0.636642 4.615759 0.742817 1.246608 0.574056 -1
1 0.664948 4.617104 0.742817 1.287046 0.574056 -1
1 0.664948 4.617104 0.742817 1.287046 0.884927 -1
1 0.636642 4.615759 0.742817 1.246608 0.886848 -1
1 0.626505 4.584072 0.742817 1.232127 0.932115 -1
1 0.650978 4.569786 0.742817 1.267089 0.952525 -1
1 0.602457 4.574601 0.742817 1.197773 0.945646 -1
1 0.600548 4.546327 0.742817 1.195045 0.986037 -1
1 0.576533 4.590410 0.742817 1.160738 0.923061 -1
1 0.556440 4.570427 0.742817 1.132034 0.951609 -1
1 0.538770 4.623144 0.742817 1.106792 0.876299 -1
1 0.567048 4.624996 0.742817 1.147189 0.873653 -1
1 0.556440 4.570427 0.742817 0.574056 0.951609 -1
1 0.538770 4.623144 0.742817 0.574056 0.876299 -1
1 0.538770 4.623144 0.657802 0.452605 0.876299 -1
1 0.556440 4.570427 0.657802 0.452605 0.951609 -1
1 0.576533 4.590410 0.657802 0.547395 0.923061 -1
1 0.567048 4.624996 0.657802 0.547395 0.873653 -1
1 0.567048 4.624996 0.742817 0.425944 0.873653 -1
1 0.576533 4.590410 0.742817 0.425944 0.923061 -1
1 0.538770 4.623144 0.657802 -0.106792 0.876299 -1
1 0.567048 4.624996 0.657802 -0.147189 0.873653 -1
1 0.492520 5.329170 0.742817 1.040720 -0.132309 -1
1 0.524060 5.329170 0.742817 1.085777 -0.132309 -1
1 0.523796 5.458172 0.742817 1.085400 -0.316598 -1
1 0.495518 5.458773 0.742817 1.045003 -0.317458 -1
1 0.662565 6.421922 0.597794 0.352590 0.554925 -1
1 0.560133 6.813557 0.597794 0.576503 0.554925 -1
1 0.560133 6.813557 0.789661 0.576503 0.445227 -1
1 0.662565 6.421922 0.789661 0.352590 0.445227 -1
1 0.560133 6.813557 0.597794 0.189171 0.554925 -1
1 0.253103 7.120455 0.597794 0.364711 0.554925 -1
1 0.253103 7.120455 0.789661 0.364711 0.445227 -1
1 0.560133 6.813557 0.789661 0.189171 0.445227 -1
1 -0.282073 7.120455 0.597794 0.670692 0.554925 -1
1 -0.282073 7.120455 0.789661 0.670692 0.445227 -1
1 -0.282073 7.120455 0.597794 0.248032 0.554925 -1
1 -0.582916 6.813557 0.597794 0.423497 0.554925 -1
1 -0.582916 6.813557 0.789661 0.423497 0.445227 -1
1 -0.282073 7.120455 0.789661 0.248032 0.445227 -1
1 -0.676864 6.421922 0.597794 0.647409 0.554925 -1
1 -0.676864 6.421922 0.789661 0.647409 0.445227 -1
1 -0.680556 6.239043 0.597794 0.751968 0.554925 -1
1 -0.680556 6.239043 0.789661 0.751968 0.445227 -1
1 0.673822 6.239044 0.597794 0.248032 0.554925 -1
1 0.673822 6.239044 0.789661 0.248032 0.445227 -1
1 -0.676864 6.421922 0.597794 0.896409 0.647409 -1
1 -0.582916 6.813557 0.597794 0.842696 0.423497 -1
1 -0.282073 7.120455 0.597794 0.670692 0.248032 -1
1 0.253103 7.120455 0.597794 0.364711 0.248032 -1
1 0.560133 6.813557 0.597794 0.189171 0.423497 -1
1 0.662565 6.421922 0.597794 0.130607 0.647410 -1
1 0.673822 6.239044 0.597794 0.124171 0.751968 -1
1 -0.680556 6.239043 0.597794 0.898520 0.751968 -1
1 0.662565 6.421922 0.789661 0.869394 0.647410 -1
1 0.560133 6.813557 0.789661 0.810829 0.423497 -1
1 0.253103 7.120455 0.789661 0.635289 0.248032 -1
1 -0.282073 7.120455 0.789661 0.329308 0.248032 -1
1 -0.582916 6.813557 0.789661 0.157304 0.423497 -1
1 -0.676864 6.421922 0.789661 0.103591 0.647409 -1
1 -0.680556 6.239043 0.789661 0.101480 0.751968 -1
1 0.673822 6.239044 0.789661 0.875829 0.751968 -1
1 -0.887382 6.403980 0.531934 0.342333 0.592579 -1
1 -0.927545 6.527586 0.531934 0.413003 0.592579 -1
1 -0.927545 6.527586 0.855786 0.413003 0.407421 -1
1 -0.887382 6.403980 0.855786 0.342333 0.407421 -1
1 -0.927545 6.527586 0.531934 1.039733 0.592579 -1
1 -1.032691 6.603979 0.531934 1.099849 0.592579 -1
1 -1.032691 6.603979 0.855786 1.099849 0.407421 -1
1 -0.927545 6.527586 0.855786 1.039733 0.407421 -1
1 -1.162658 6.603979 0.531934 1.174156 0.592579 -1
1 -1.162658 6.603979 0.855786 1.174156 0.407421 -1
1 -1.267804 6.527586 0.531934 1.234272 0.592579 -1
1 -1.267804 6.527586 0.855786 1.234272 0.407421 -1
1 -1.267804 6.527586 0.531934 0.586997 0.592579 -1
1 -1.307966 6.403980 0.531934 0.657667 0.592579 -1
1 -1.307966 6.403980 0.855786 0.657667 0.407421 -1
1 -1.267804 6.527586 0.855786 0.586997 0.407421 -1
1 -1.316252 6.257330 0.531934 0.741512 0.592579 -1
1 -1.316252 6.257330 0.855786 0.741512 0.407421 -1
1 -0.879097 6.257330 0.531934 0.258488 0.592579 -1
1 -0.879097 6.257330 0.855786 0.258488 0.407421 -1
1 -1.307966 6.403980 0.531934 1.257235 0.657667 -1
1 -1.267804 6.527586 0.531934 1.234272 0.586997 -1
1 -1.162658 6.603979 0.531934 1.174156 0.543320 -1
1 -1.032691 6.603979 0.531934 1.099849 0.543320 -1
1 -0.927545 6.527586 0.531934 1.039733 0.586997 -1
1 -0.887382 6.403980 0.531934 1.016771 0.657667 -1
1 -0.879097 6.257330 0.531934 1.012034 0.741512 -1
1 -1.316252 6.257330 0.531934 1.261972 0.741512 -1
1 -0.887382 6.403980 0.855786 -0.016771 0.657667 -1
1 -0.927545 6.527586 0.855786 -0.039733 0.586997 -1
1 -1.032691 6.603979 0.855786 -0.099849 0.543320 -1
1 -1.162658 6.603979 0.855786 -0.174156 0.543320 -1
1 -1.267804 6.527586 0.855786 -0.234273 0.586997 -1
1 -1.307966 6.403980 0.855786 -0.257235 0.657667 -1
1 -1.316252 6.257330 0.855786 -0.261972 0.741512 -1
1 -0.879097 6.257330 0.855786 -0.012034 0.741512 -1
1 1.340919 6.403980 0.531934 0.342332 0.592579 -1
1 1.300757 6.527586 0.531934 0.413003 0.592579 -1
1 1.300757 6.527586 0.855786 0.413003 0.407421 -1
1 1.340919 6.403980 0.855786 0.342332 0.407421 -1
1 1.300757 6.527586 0.531934 -0.234273 0.592579 -1
1 1.195612 6.603979 0.531934 -0.174157 0.592579 -1
1 1.195611 6.603979 0.855786 -0.174157 0.407421 -1
1 1.300757 6.527586 0.855786 -0.234273 0.407421 -1
1 1.065644 6.603979 0.531934 -0.099849 0.592579 -1
1 1.065644 6.603979 0.855786 -0.099849 0.407421 -1
1 0.960498 6.527586 0.531934 -0.039733 0.592579 -1
1 0.960498 6.527586 0.855786 -0.039733 0.407421 -1
1 0.960498 6.527586 0.531934 0.586997 0.592579 -1
1 0.920336 6.403980 0.531934 0.657668 0.592579 -1
1 0.920336 6.403980 0.855786 0.657668 0.407421 -1
1 0.960498 6.527586 0.855786 0.586997 0.407421 -1
1 0.912050 6.257330 0.531934 0.741513 0.592579 -1
1 0.912050 6.257330 0.855786 0.741513 0.407421 -1
1 1.349205 6.257330 0.531934 0.258487 0.592579 -1
1 1.349205 6.257330 0.855786 0.258487 0.407421 -1
1 0.920336 6.403980 0.531934 -0.016771 0.657668 -1
1 0.960498 6.527586 0.531934 -0.039733 0.586997 -1
1 1.065644 6.603979 0.531934 -0.099849 0.543320 -1
1 1.195612 6.603979 0.531934 -0.174157 0.543320 -1
1 1.300757 6.527586 0.531934 -0.234273 0.586997 -1
1 1.340919 6.403980 0.531934 -0.257235 0.657668 -1
1 1.349205 6.257330 0.531934 -0.261972 0.741513 -1
1 0.912050 6.257330 0.531934 -0.012034 0.741513 -1
1 1.340919 6.403980 0.855786 1.257235 0.657668 -1
1 1.300757 6.527586 0.855786 1.234272 0.586997 -1
1 1.195611 6.603979 0.855786 1.174157 0.543320 -1
1 1.065644 6.603979 0.855786 1.099849 0.543320 -1
1 0.960498 6.527586 0.855786 1.039733 0.586997 -1
1 0.920336 6.403980 0.855786 1.016771 0.657668 -1
1 0.912050 6.257330 0.855786 1.012034 0.741513 -1
1 1.349205 6.257330 0.855786 1.261972 0.741513 -1
120
0.999733 0.023118 0.000000
0.479487 -0.877549 0.000000
-0.062715 -0.998031 0.000000
0.227987 -0.973664 0.000000
0.479487 -0.877549 0.000000
-0.326706 -0.945126 0.000000
-0.820155 -0.572141 0.000000
-0.820155 -0.572141 0.000000
-0.999998 0.002047 0.000000
-0.999504 0.031504 0.000000
-0.520649 0.853771 0.000000
-0.258880 0.965909 0.000000
0.051286 0.998684 0.000000
0.330711 0.943732 0.000000
0.807037 0.590501 0.000000
-0.021242 0.999774 0.000000
0.000000 0.000000 -1.000000
0.000000 0.000000 -1.000000
0.000000 0.000000 -1.000000
-0.000000 -0.000002 -1.000000
-0.000002 -0.000009 -1.000000
-0.000001 -0.000006 -1.000000
-0.000003 -0.000006 -1.000000
-0.000004 -0.000007 -1.000000
0.000001 -0.000005 -1.000000
-0.000003 -0.000005 -1.000000
-0.271110 0.962548 0.000000
0.000000 0.000000 1.000000
-0.000000 -0.000000 1.000000
-0.000000 -0.000000 1.000000
0.948155 -0.317808 0.000000
-0.964392 0.264477 0.000000
-0.980290 0.197566 0.000000
-0.991593 0.129395 0.000000
0.000000 0.000000 -1.000000
-0.000000 -0.000000 1.000000
0.000000 -0.000000 1.000000
0.000000 -1.000000 0.000000
1.000000 0.000000 0.000000
0.000000 1.000000 0.000000
-1.000000 0.000000 0.000000
-0.999733 0.023126 0.000000
-0.479487 -0.877549 0.000000
-0.197826 -0.980237 0.000000
0.134077 -0.990971 0.000000
0.421784 -0.906696 0.000000
0.421784 -0.906696 0.000000
0.959074 -0.283157 0.000000
0.999998 0.002046 0.000000
0.999504 0.031504 0.000000
0.520650 0.853770 0.000000
-0.077942 0.996958 0.000000
0.247843 0.968800 0.000000
-0.366440 0.930442 0.000000
-0.952449 0.304699 0.000000
0.021242 0.999774 0.000000
0.000000 -0.000000 -1.000000
0.000000 -0.000001 -1.000000
-0.000013 0.000005 -1.000000
-0.000014 0.000014 -1.000000
-0.000017 0.000004 -1.000000
-0.000008 -0.000007 -1.000000
0.000000 -0.000004 -1.000000
-0.000001 -0.000002 -1.000000
-0.047452 0.998874 0.000000
0.000000 -0.000000 1.000000
0.000000 -0.000000 1.000000
-0.948156 -0.317807 0.000000
0.964391 0.264479 0.000000
0.991593 0.129396 0.000000
0.980289 0.197567 0.000000
0.000000 -0.000000 -1.000000
0.000000 -0.000000 1.000000
0.981790 0.189968 0.000000
0.967456 0.253038 0.000000
0.992051 0.125833 0.000000
0.706955 0.707259 0.000000
0.252661 0.967555 0.000000
0.505321 0.862931 0.000000
-0.714116 0.700027 0.000000
-0.915742 0.401766 0.000000
-0.826785 0.562518 0.000000
-0.995788 0.091684 0.000000
-0.986613 0.163079 0.000000
-0.999796 0.020184 0.000000
0.998111 0.061439 0.000000
0.000000 0.000000 -1.000000
0.000001 -0.000000 -1.000000
0.000000 0.000000 -1.000000
0.000000 0.000001 -1.000000
-0.000000 0.000000 -1.000000
0.000000 0.000000 1.000000
0.000002 0.000001 1.000000
0.000001 0.000000 1.000000
0.000000 -0.000001 1.000000
0.000001 -0.000000 1.000000
0.000003 -0.000000 1.000000
0.000001 0.000000 1.000000
0.974014 0.226486 0.000000
0.951054 0.309024 0.000000
0.989916 0.141655 0.000000
0.587786 0.809017 0.000000
0.204814 0.978801 0.000000
0.409627 0.912253 0.000000
-0.409627 0.912253 0.000000
-0.204814 0.978801 0.000000
-0.587785 0.809017 0.000000
-0.951056 0.309017 0.000000
-0.989916 0.141657 0.000000
-0.974015 0.226484 0.000000
-0.998408 0.056412 0.000000
0.998408 0.056405 0.000000
0.974015 0.226484 0.000000
0.951056 0.309017 0.000000
0.989916 0.141657 0.000000
0.587787 0.809016 0.000001
0.204815 0.978801 0.000001
0.409629 0.912252 0.000001
0.587785 0.809017 0.000000
0.998408 0.056412 0.000000
190
1 0 1 2 0 0 0 1
1 2 3 0 0 0 0 1
1 4 5 6 1 2 3 1
1 6 7 4 3 4 1 1
1 5 8 9 2 5 5 1
1 9 6 5 5 3 2 1
1 10 11 12 6 7 6 1
1 12 13 10 6 6 6 1
1 14 15 16 8 9 9 1
1 16 17 14 9 8 8 1
1 18 19 20 10 10 11 1
1 20 21 18 11 12 10 1
1 21 20 22 12 11 13 1
1 22 23 21 13 13 12 1
1 24 25 26 14 14 14 1
1 26 27 24 14 14 14 1
1 28 29 30 15 15 15 1
1 30 31 28 15 15 15 1
1 32 33 34 16 17 18 1
1 34 35 32 18 18 16 1
1 36 37 38 19 20 21 1
1 38 39 36 21 18 19 1
1 37 40 41 20 22 23 1
1 41 38 37 23 21 20 1
1 40 42 43 22 24 25 1
1 43 41 40 25 23 22 1
1 44 45 46 26 26 26 1
1 46 47 44 26 26 26 1
1 48 49 50 27 27 27 1
1 50 51 48 27 27 27 1
1 49 52 53 27 27 27 1
1 53 50 49 27 27 27 1
1 52 54 55 27 27 27 1
1 55 53 52 27 27 27 1
1 56 57 55 28 29 27 1
1 55 54 56 27 27 28 1
1 58 59 60 30 30 30 1
1 60 61 58 30 30 30 1
1 62 63 64 31 31 32 1
1 64 65 62 32 33 31 1
1 36 39 66 19 18 34 1
1 66 67 36 34 17 19 1
1 68 69 57 35 36 29 1
1 57 56 68 29 28 35 1
1 65 64 16 33 32 9 1
1 16 15 65 9 9 33 1
1 67 66 33 17 34 17 1
1 33 32 67 17 16 17 1
1 68 70 71 35 27 27 1
1 71 69 68 27 36 35 1
1 72 73 74 18 18 18 1
1 74 75 72 18 18 18 1
1 76 77 78 27 27 27 1
1 78 79 76 27 27 27 1
1 80 81 82 37 37 37 1
1 82 83 80 37 37 37 1
1 84 85 86 38 38 38 1
1 86 87 84 38 38 38 1
1 88 89 90 39 39 39 1
1 90 91 88 39 39 39 1
1 92 93 94 40 40 40 1
1 94 95 92 40 40 40 1
1 96 97 98 41 41 41 1
1 98 99 96 41 41 41 1
1 100 101 102 42 42 43 1
1 102 103 100 43 44 42 1
1 103 102 104 44 43 45 1
1 104 105 103 45 46 44 1
1 106 107 108 47 47 47 1
1 108 109 106 47 47 47 1
1 110 111 112 48 48 49 1
1 112 113 110 49 49 48 1
1 114 115 116 50 51 52 1
1 116 117 114 52 50 50 1
1 115 118 119 51 53 53 1
1 119 116 115 53 52 51 1
1 120 121 122 54 54 54 1
1 122 123 120 54 54 54 1
1 124 125 126 55 55 55 1
1 126 127 124 55 55 55 1
1 128 129 130 56 18 18 1
1 130 131 128 18 57 56 1
1 132 133 134 58 59 60 1
1 134 135 132 60 61 58 1
1 135 134 136 61 60 62 1
1 136 137 135 62 63 61 1
1 137 136 138 63 62 18 1
1 138 139 137 18 18 63 1
1 140 141 142 64 64 64 1
1 142 143 140 64 64 64 1
1 144 145 146 27 27 27 1
1 146 147 144 27 27 27 1
1 147 146 148 27 27 27 1
1 148 149 147 27 27 27 1
1 149 148 150 27 27 27 1
1 150 151 149 27 27 27 1
1 152 151 150 65 27 27 1
1 150 153 152 27 66 65 1
1 154 155 156 67 67 67 1
1 156 157 154 67 67 67 1
1 158 159 160 68 69 70 1
1 160 161 158 70 68 68 1
1 132 162 163 58 57 71 1
1 163 133 132 71 59 58 1
1 164 152 153 72 65 66 1
1 153 165 164 66 36 72 1
1 159 113 112 69 49 49 1
1 112 160 159 49 70 69 1
1 162 128 131 57 56 57 1
1 131 163 162 57 71 57 1
1 164 165 166 72 36 27 1
1 166 167 164 27 27 72 1
1 168 169 170 73 74 74 1
1 170 171 168 74 75 73 1
1 172 173 174 76 77 78 1
1 174 175 172 78 76 76 1
1 173 176 177 77 39 39 1
1 177 174 173 39 78 77 1
1 178 179 180 79 80 81 1
1 180 181 178 81 79 79 1
1 179 182 183 80 82 83 1
1 183 180 179 83 81 80 1
1 182 184 185 82 84 84 1
1 185 183 182 84 83 82 1
1 186 168 171 85 73 75 1
1 186 171 187 85 75 85 1
1 188 189 190 86 87 88 1
1 190 191 192 88 89 90 1
1 188 190 192 86 88 90 1
1 192 193 194 90 18 18 1
1 188 192 194 86 90 18 1
1 195 188 194 18 86 18 1
1 196 197 198 91 92 93 1
1 198 199 200 93 94 95 1
1 196 198 200 91 93 95 1
1 200 201 202 95 96 97 1
1 196 200 202 91 95 97 1
1 203 196 202 27 91 97 1
1 204 205 206 98 99 99 1
1 206 207 204 99 100 98 1
1 208 209 210 101 102 103 1
1 210 211 208 103 101 101 1
1 209 212 213 102 104 105 1
1 213 210 209 105 103 102 1
1 212 214 215 104 106 106 1
1 215 213 212 106 105 104 1
1 216 217 218 107 108 109 1
1 218 219 216 109 107 107 1
1 217 220 221 108 110 110 1
1 221 218 217 110 109 108 1
1 222 204 207 111 98 100 1
1 222 207 223 111 100 111 1
1 224 225 226 18 18 18 1
1 226 227 228 18 18 18 1
1 224 226 228 18 18 18 1
1 228 229 230 18 18 18 1
1 224 228 230 18 18 18 1
1 231 224 230 18 18 18 1
1 232 233 234 27 27 27 1
1 234 235 236 27 27 27 1
1 232 234 236 27 27 27 1
1 236 237 238 27 27 27 1
1 232 236 238 27 27 27 1
1 239 232 238 27 27 27 1
1 240 241 242 112 113 113 1
1 242 243 240 113 114 112 1
1 244 245 246 115 116 117 1
1 246 247 244 117 118 115 1
1 245 248 249 116 104 105 1
1 249 246 245 105 117 116 1
1 248 250 251 104 106 106 1
1 251 249 248 106 105 104 1
1 252 253 254 107 108 109 1
1 254 255 252 109 107 107 1
1 253 256 257 108 110 110 1
1 257 254 253 110 109 108 1
1 258 240 243 119 112 114 1
1 258 243 259 119 114 119 1
1 260 261 262 18 18 18 1
1 262 263 264 18 18 18 1
1 260 262 264 18 18 18 1
1 264 265 266 18 18 18 1
1 260 264 266 18 18 18 1
1 267 260 266 18 18 18 1
1 268 269 270 27 27 27 1
1 270 271 272 27 27 27 1
1 268 270 272 27 27 27 1
1 272 273 274 27 27 27 1
1 268 272 274 27 27 27 1
1 275 268 274 27 27 27 1
"Object0313" 1 2
327
1 -0.575872 4.607071 0.703988 1.509863 18.642097 -1
1 -0.597776 4.637219 0.703988 1.610360 18.642097 -1
1 -0.597776 4.626568 0.846773 1.574853 18.166145 -1
1 -0.575872 4.596419 0.846773 1.474357 18.166145 -1
1 -0.597776 4.637219 0.703988 2.619872 18.642097 -1
1 -0.633219 4.625704 0.703988 2.738012 18.642097 -1
1 -0.633219 4.615052 0.846773 2.738012 18.166145 -1
1 -0.597776 4.626568 0.846773 2.619872 18.166145 -1
1 -0.633219 4.625704 0.703988 -0.571973 18.642097 -1
1 -0.633219 4.588438 0.703988 -0.447753 18.642097 -1
1 -0.633219 4.577785 0.846773 -0.412247 18.166145 -1
1 -0.633219 4.615052 0.846773 -0.536467 18.166145 -1
1 -0.633219 4.588438 0.703988 -1.738012 18.642097 -1
1 -0.597776 4.576921 0.703988 -1.619872 18.642097 -1
1 -0.597776 4.566270 0.846773 -1.619872 18.166145 -1
1 -0.633219 4.577785 0.846773 -1.738012 18.166145 -1
1 -0.597776 4.576921 0.703988 1.409367 18.642097 -1
1 -0.597776 4.566270 0.846773 1.373861 18.166145 -1
1 -0.597776 4.400888 1.978653 0.822590 14.393214 -1
1 -0.575872 4.370740 1.978653 0.722094 14.393214 -1
1 -0.633219 4.389373 1.978653 2.738012 14.393214 -1
1 -0.597776 4.400888 1.978653 2.619872 14.393214 -1
1 -0.633219 4.352107 1.978653 0.340016 14.393214 -1
1 -0.633219 4.389373 1.978653 0.215796 14.393214 -1
1 -0.597776 4.340590 1.978653 -1.619872 14.393214 -1
1 -0.633219 4.352107 1.978653 -1.738012 14.393214 -1
1 -0.597776 4.340590 1.978653 0.621597 14.393214 -1
1 -0.597776 4.227625 3.389410 0.245044 9.690692 -1
1 -0.575872 4.197475 3.389410 0.144547 9.690692 -1
1 -0.633218 4.216109 3.389410 2.738013 9.690692 -1
1 -0.597776 4.227625 3.389410 2.619872 9.690692 -1
1 -0.633218 4.178843 3.389410 0.917563 9.690692 -1
1 -0.633218 4.216109 3.389410 0.793343 9.690692 -1
1 -0.597776 4.167327 3.389410 -1.619872 9.690692 -1
1 -0.633218 4.178843 3.389410 -1.738013 9.690692 -1
1 -0.597776 4.167327 3.389410 0.044051 9.690692 -1
1 -0.597776 4.069335 4.988546 -0.282587 4.360234 -1
1 -0.575872 4.039187 4.988546 -0.383084 4.360234 -1
1 -0.633219 4.057820 4.988546 2.738013 4.360234 -1
1 -0.597776 4.069335 4.988546 2.619872 4.360234 -1
1 -0.633219 4.020553 4.988546 1.445194 4.360234 -1
1 -0.633219 4.057820 4.988546 1.320973 4.360234 -1
1 -0.597776 4.009038 4.988546 -1.619872 4.360234 -1
1 -0.633219 4.020553 4.988546 -1.738013 4.360234 -1
1 -0.597776 4.009038 4.988546 -0.483580 4.360234 -1
1 -0.597776 4.031302 6.181353 -0.409366 0.384210 -1
1 -0.575872 4.001153 6.181353 -0.509863 0.384210 -1
1 -0.633219 4.019786 6.181353 2.738013 0.384210 -1
1 -0.597776 4.031302 6.181353 2.619872 0.384210 -1
1 -0.633219 3.982520 6.181353 1.571973 0.384210 -1
1 -0.633219 4.019786 6.181353 1.447753 0.384210 -1
1 -0.597776 3.971004 6.181353 -1.619872 0.384210 -1
1 -0.633219 3.982520 6.181353 -1.738013 0.384210 -1
1 -0.597776 3.971004 6.181353 -0.610359 0.384210 -1
1 -0.575872 4.039296 7.342615 -0.382720 -3.486659 -1
1 -0.597776 4.069446 7.342615 -0.282224 -3.486659 -1
1 -0.597776 4.171406 8.811772 0.057644 -8.383853 -1
1 -0.575872 4.141256 8.811772 -0.042852 -8.383853 -1
1 -0.597776 4.069446 7.342615 2.619872 -3.486659 -1
1 -0.633219 4.057928 7.342615 2.738013 -3.486659 -1
1 -0.633219 4.159889 8.811772 2.738013 -8.383853 -1
1 -0.597776 4.171406 8.811772 2.619872 -8.383853 -1
1 -0.633219 4.057928 7.342615 1.320610 -3.486659 -1
1 -0.633219 4.020662 7.342615 1.444830 -3.486659 -1
1 -0.633219 4.122623 8.811772 1.104962 -8.383853 -1
1 -0.633219 4.159889 8.811772 0.980742 -8.383853 -1
1 -0.633219 4.020662 7.342615 -1.738013 -3.486659 -1
1 -0.597776 4.009148 7.342615 -1.619872 -3.486659 -1
1 -0.597776 4.111108 8.811772 -1.619872 -8.383853 -1
1 -0.633219 4.122623 8.811772 -1.738013 -8.383853 -1
1 -0.597776 4.009148 7.342615 -0.483217 -3.486659 -1
1 -0.597776 4.111108 8.811772 -0.143349 -8.383853 -1
1 -0.597776 4.350207 10.190459 0.653653 -12.979482 -1
1 -0.575872 4.320059 10.190459 0.553156 -12.979482 -1
1 -0.633219 4.338693 10.190459 2.738013 -12.979482 -1
1 -0.597776 4.350207 10.190459 2.619872 -12.979482 -1
1 -0.633219 4.301425 10.190459 0.508954 -12.979482 -1
1 -0.633219 4.338693 10.190459 0.384734 -12.979482 -1
1 -0.597776 4.289909 10.190459 -1.619872 -12.979482 -1
1 -0.633219 4.301425 10.190459 -1.738013 -12.979482 -1
1 -0.597776 4.289909 10.190459 0.452660 -12.979482 -1
1 -0.597776 4.620700 11.393664 1.555295 -16.990162 -1
1 -0.575872 4.590551 11.393664 1.454799 -16.990162 -1
1 -0.633219 4.609184 11.393664 2.738013 -16.990162 -1
1 -0.597776 4.620700 11.393664 2.619872 -16.990162 -1
1 -0.633219 4.571918 11.393664 -0.392688 -16.990162 -1
1 -0.633219 4.609184 11.393664 -0.516909 -16.990162 -1
1 -0.597776 4.560402 11.393664 -1.619872 -16.990162 -1
1 -0.633219 4.571918 11.393664 -1.738013 -16.990162 -1
1 -0.597776 4.560402 11.393664 1.354302 -16.990162 -1
1 -0.597776 4.637219 11.589248 1.610360 -17.642097 -1
1 -0.575872 4.607070 11.589248 1.509863 -17.642097 -1
1 -0.633219 4.625704 11.589248 2.738012 -17.642097 -1
1 -0.597776 4.637219 11.589248 2.619872 -17.642097 -1
1 -0.633219 4.588437 11.589248 -0.447753 -17.642097 -1
1 -0.633219 4.625704 11.589248 -0.571973 -17.642097 -1
1 -0.597776 4.576921 11.589248 -1.619872 -17.642097 -1
1 -0.633219 4.588437 11.589248 -1.738012 -17.642097 -1
1 -0.597776 4.576921 11.589248 1.409367 -17.642097 -1
1 -0.633219 4.625704 0.703988 2.738012 -0.571973 -1
1 -0.597776 4.637219 0.703988 2.619872 -0.610360 -1
1 -0.575872 4.607071 0.703988 2.546857 -0.509863 -1
1 -0.633219 4.588438 0.703988 2.738012 -0.447753 -1
1 -0.597776 4.576921 0.703988 2.619872 -0.409367 -1
1 -0.633219 4.625704 11.589248 -1.738012 -0.571973 -1
1 -0.633219 4.588437 11.589248 -1.738012 -0.447753 -1
1 -0.597776 4.576921 11.589248 -1.619872 -0.409367 -1
1 -0.597776 4.637219 11.589248 -1.619872 -0.610360 -1
1 -0.575872 4.607070 11.589248 -1.546857 -0.509863 -1
1 0.636618 4.607071 0.703988 1.509862 18.642097 -1
1 0.614713 4.637219 0.703988 1.610359 18.642097 -1
1 0.614713 4.626568 0.846773 1.574852 18.166145 -1
1 0.636618 4.596419 0.846773 1.474356 18.166145 -1
1 0.614713 4.637219 0.703988 -1.421761 18.642097 -1
1 0.579271 4.625704 0.703988 -1.303620 18.642097 -1
1 0.579271 4.615052 0.846773 -1.303620 18.166145 -1
1 0.614713 4.626568 0.846773 -1.421761 18.166145 -1
1 0.579271 4.625704 0.703988 -0.571972 18.642097 -1
1 0.579271 4.588438 0.703988 -0.447752 18.642097 -1
1 0.579271 4.577785 0.846773 -0.412246 18.166145 -1
1 0.579271 4.615052 0.846773 -0.536466 18.166145 -1
1 0.579271 4.588438 0.703988 2.303620 18.642097 -1
1 0.614713 4.576921 0.703988 2.421761 18.642097 -1
1 0.614713 4.566270 0.846773 2.421761 18.166145 -1
1 0.579271 4.577785 0.846773 2.303620 18.166145 -1
1 0.614713 4.576921 0.703988 1.409366 18.642097 -1
1 0.614713 4.566270 0.846773 1.373860 18.166145 -1
1 0.614713 4.487918 1.978653 1.112687 14.393214 -1
1 0.636618 4.457768 1.978653 1.012190 14.393214 -1
1 0.579271 4.476402 1.978653 -1.303620 14.393213 -1
1 0.614713 4.487918 1.978653 -1.421761 14.393214 -1
1 0.579271 4.439136 1.978653 0.049920 14.393213 -1
1 0.579271 4.476402 1.978653 -0.074300 14.393213 -1
1 0.614713 4.427620 1.978653 2.421761 14.393214 -1
1 0.579271 4.439136 1.978653 2.303620 14.393213 -1
1 0.614713 4.427620 1.978653 0.911694 14.393214 -1
1 0.614714 4.345304 3.389410 0.637306 9.690692 -1
1 0.636618 4.315155 3.389410 0.536810 9.690692 -1
1 0.579271 4.333788 3.389410 -1.303620 9.690692 -1
1 0.614714 4.345304 3.389410 -1.421761 9.690692 -1
1 0.579271 4.296522 3.389410 0.525300 9.690692 -1
1 0.579271 4.333788 3.389410 0.401080 9.690692 -1
1 0.614714 4.285006 3.389410 2.421761 9.690692 -1
1 0.579271 4.296522 3.389410 2.303620 9.690692 -1
1 0.614714 4.285006 3.389410 0.436314 9.690692 -1
1 0.614714 4.236484 4.988546 0.274575 4.360234 -1
1 0.636618 4.206335 4.988546 0.174078 4.360234 -1
1 0.579271 4.224968 4.988546 -1.303620 4.360234 -1
1 0.614714 4.236484 4.988546 -1.421761 4.360234 -1
1 0.579271 4.187703 4.988546 0.888032 4.360234 -1
1 0.579271 4.224968 4.988546 0.763812 4.360234 -1
1 0.614714 4.176186 4.988546 2.421761 4.360234 -1
1 0.579271 4.187703 4.988546 2.303620 4.360234 -1
1 0.614714 4.176186 4.988546 0.073582 4.360234 -1
1 0.614714 4.200921 6.181353 0.156031 0.384210 -1
1 0.636618 4.170773 6.181353 0.055534 0.384210 -1
1 0.579271 4.189405 6.181353 -1.303620 0.384210 -1
1 0.614714 4.200921 6.181353 -1.421761 0.384210 -1
1 0.579271 4.152140 6.181353 1.006576 0.384210 -1
1 0.579271 4.189405 6.181353 0.882355 0.384210 -1
1 0.614714 4.140623 6.181353 2.421761 0.384210 -1
1 0.579271 4.152140 6.181353 2.303620 0.384210 -1
1 0.614714 4.140623 6.181353 -0.044962 0.384210 -1
1 0.636618 4.206445 7.342615 0.174442 -3.486659 -1
1 0.614713 4.236593 7.342615 0.274938 -3.486659 -1
1 0.614713 4.319629 8.811772 0.551719 -8.383853 -1
1 0.636618 4.289479 8.811772 0.451223 -8.383853 -1
1 0.614713 4.236593 7.342615 -1.421760 -3.486659 -1
1 0.579271 4.225079 7.342615 -1.303620 -3.486659 -1
1 0.579271 4.308112 8.811772 -1.303620 -8.383853 -1
1 0.614713 4.319629 8.811772 -1.421761 -8.383853 -1
1 0.579271 4.225079 7.342615 0.763448 -3.486659 -1
1 0.579271 4.187811 7.342615 0.887669 -3.486659 -1
1 0.579271 4.270846 8.811772 0.610887 -8.383853 -1
1 0.579271 4.308112 8.811772 0.486667 -8.383853 -1
1 0.579271 4.187811 7.342615 2.303620 -3.486659 -1
1 0.614713 4.176296 7.342615 2.421761 -3.486659 -1
1 0.614713 4.259331 8.811772 2.421761 -8.383853 -1
1 0.579271 4.270846 8.811772 2.303620 -8.383853 -1
1 0.614713 4.176296 7.342615 0.073945 -3.486659 -1
1 0.614713 4.259331 8.811772 0.350726 -8.383853 -1
1 0.614713 4.437238 10.190459 0.943749 -12.979482 -1
1 0.636618 4.407088 10.190459 0.843253 -12.979482 -1
1 0.579272 4.425721 10.190459 -1.303620 -12.979482 -1
1 0.614713 4.437238 10.190459 -1.421761 -12.979482 -1
1 0.579272 4.388454 10.190459 0.218858 -12.979482 -1
1 0.579272 4.425721 10.190459 0.094637 -12.979482 -1
1 0.614713 4.376940 10.190459 2.421761 -12.979482 -1
1 0.579272 4.388454 10.190459 2.303620 -12.979482 -1
1 0.614713 4.376940 10.190459 0.742756 -12.979482 -1
1 0.614713 4.620700 11.393664 1.555294 -16.990162 -1
1 0.636618 4.590551 11.393664 1.454798 -16.990162 -1
1 0.579271 4.609184 11.393664 -1.303620 -16.990162 -1
1 0.614713 4.620700 11.393664 -1.421761 -16.990162 -1
1 0.579271 4.571918 11.393664 -0.392687 -16.990162 -1
1 0.579271 4.609184 11.393664 -0.516908 -16.990162 -1
1 0.614713 4.560402 11.393664 2.421761 -16.990162 -1
1 0.579271 4.571918 11.393664 2.303620 -16.990162 -1
1 0.614713 4.560402 11.393664 1.354301 -16.990162 -1
1 0.614713 4.637219 11.589246 1.610359 -17.642097 -1
1 0.636618 4.607070 11.589246 1.509862 -17.642097 -1
1 0.579271 4.625704 11.589246 -1.303620 -17.642097 -1
1 0.614713 4.637219 11.589246 -1.421761 -17.642097 -1
1 0.579271 4.588437 11.589246 -0.447752 -17.642097 -1
1 0.579271 4.625704 11.589246 -0.571972 -17.642097 -1
1 0.614713 4.576921 11.589246 2.421761 -17.642097 -1
1 0.579271 4.588437 11.589246 2.303620 -17.642097 -1
1 0.614713 4.576921 11.589246 1.409366 -17.642097 -1
1 0.579271 4.625704 0.703988 -1.303620 -0.571972 -1
1 0.614713 4.637219 0.703988 -1.421761 -0.610359 -1
1 0.636618 4.607071 0.703988 -1.494776 -0.509862 -1
1 0.579271 4.588438 0.703988 -1.303620 -0.447752 -1
1 0.614713 4.576921 0.703988 -1.421761 -0.409366 -1
1 0.579271 4.625704 11.589246 2.303620 -0.571972 -1
1 0.579271 4.588437 11.589246 2.303620 -0.447752 -1
1 0.614713 4.576921 11.589246 2.421761 -0.409366 -1
1 0.614713 4.637219 11.589246 2.421761 -0.610359 -1
1 0.636618 4.607070 11.589246 2.494776 -0.509862 -1
1 0.709589 4.607071 0.703988 1.509862 18.642097 -1
1 0.687684 4.637219 0.703988 1.610359 18.642097 -1
1 0.687684 4.626568 0.846773 1.574852 18.166145 -1
1 0.709589 4.596419 0.846773 1.474356 18.166145 -1
1 0.687684 4.637219 0.703988 -1.664998 18.642097 -1
1 0.652242 4.625704 0.703988 -1.546857 18.642097 -1
1 0.652242 4.615052 0.846773 -1.546857 18.166145 -1
1 0.687684 4.626568 0.846773 -1.664998 18.166145 -1
1 0.652242 4.625704 0.703988 -0.571972 18.642097 -1
1 0.652242 4.588438 0.703988 -0.447752 18.642097 -1
1 0.652242 4.577785 0.846773 -0.412246 18.166145 -1
1 0.652242 4.615052 0.846773 -0.536466 18.166145 -1
1 0.652242 4.588438 0.703988 2.546857 18.642097 -1
1 0.687684 4.576921 0.703988 2.664998 18.642097 -1
1 0.687684 4.566270 0.846773 2.664998 18.166145 -1
1 0.652242 4.577785 0.846773 2.546857 18.166145 -1
1 0.687684 4.576921 0.703988 1.409366 18.642097 -1
1 0.687684 4.566270 0.846773 1.373860 18.166145 -1
1 0.687684 4.552139 1.978653 1.326757 14.393214 -1
1 0.709589 4.521990 1.978653 1.226261 14.393214 -1
1 0.652242 4.540624 1.978653 -1.546857 14.393214 -1
1 0.687684 4.552139 1.978653 -1.664998 14.393214 -1
1 0.652242 4.503357 1.978653 -0.164151 14.393214 -1
1 0.652242 4.540624 1.978653 -0.288371 14.393214 -1
1 0.687684 4.491841 1.978653 2.664998 14.393214 -1
1 0.652242 4.503357 1.978653 2.546857 14.393214 -1
1 0.687684 4.491841 1.978653 1.125764 14.393214 -1
1 0.687685 4.436172 3.389410 0.940201 9.690692 -1
1 0.709589 4.406023 3.389410 0.839704 9.690692 -1
1 0.652242 4.424656 3.389410 -1.546857 9.690692 -1
1 0.687685 4.436172 3.389410 -1.664998 9.690692 -1
1 0.652242 4.387390 3.389410 0.222406 9.690692 -1
1 0.652242 4.424656 3.389410 0.098185 9.690692 -1
1 0.687685 4.375874 3.389410 2.664998 9.690692 -1
1 0.652242 4.387390 3.389410 2.546857 9.690692 -1
1 0.687685 4.375874 3.389410 0.739208 9.690692 -1
1 0.687685 4.363642 4.988546 0.698434 4.360234 -1
1 0.709589 4.333493 4.988546 0.597938 4.360234 -1
1 0.652242 4.352126 4.988546 -1.546857 4.360234 -1
1 0.687685 4.363642 4.988546 -1.664998 4.360234 -1
1 0.652242 4.314860 4.988546 0.464172 4.360234 -1
1 0.652242 4.352126 4.988546 0.339952 4.360234 -1
1 0.687685 4.303345 4.988546 2.664998 4.360234 -1
1 0.652242 4.314860 4.988546 2.546857 4.360234 -1
1 0.687685 4.303345 4.988546 0.497441 4.360234 -1
1 0.687685 4.345206 6.181353 0.636981 0.384210 -1
1 0.709589 4.315057 6.181353 0.536484 0.384210 -1
1 0.652242 4.333690 6.181353 -1.546857 0.384210 -1
1 0.687685 4.345206 6.181353 -1.664998 0.384210 -1
1 0.652242 4.296424 6.181353 0.525626 0.384210 -1
1 0.652242 4.333690 6.181353 0.401406 0.384210 -1
1 0.687685 4.284908 6.181353 2.664998 0.384210 -1
1 0.652242 4.296424 6.181353 2.546857 0.384210 -1
1 0.687685 4.284908 6.181353 0.435988 0.384210 -1
1 0.709589 4.333602 7.342615 0.598300 -3.486659 -1
1 0.687685 4.363751 7.342615 0.698797 -3.486659 -1
1 0.687684 4.419783 8.811772 0.885567 -8.383853 -1
1 0.709589 4.389633 8.811772 0.785070 -8.383853 -1
1 0.687685 4.363751 7.342615 -1.664997 -3.486659 -1
1 0.652242 4.352236 7.342615 -1.546857 -3.486659 -1
1 0.652242 4.408266 8.811772 -1.546857 -8.383853 -1
1 0.687684 4.419783 8.811772 -1.664997 -8.383853 -1
1 0.652242 4.352236 7.342615 0.339590 -3.486659 -1
1 0.652242 4.314969 7.342615 0.463810 -3.486659 -1
1 0.652242 4.371000 8.811772 0.277040 -8.383853 -1
1 0.652242 4.408266 8.811772 0.152820 -8.383853 -1
1 0.652242 4.314969 7.342615 2.546857 -3.486659 -1
1 0.687685 4.303453 7.342615 2.664997 -3.486659 -1
1 0.687684 4.359485 8.811772 2.664997 -8.383853 -1
1 0.652242 4.371000 8.811772 2.546857 -8.383853 -1
1 0.687685 4.303453 7.342615 0.497804 -3.486659 -1
1 0.687684 4.359485 8.811772 0.684574 -8.383853 -1
1 0.687684 4.531749 10.190459 1.258786 -12.979482 -1
1 0.709589 4.501599 10.190459 1.158290 -12.979482 -1
1 0.652242 4.520232 10.190459 -1.546857 -12.979482 -1
1 0.687684 4.531749 10.190459 -1.664997 -12.979482 -1
1 0.652242 4.482966 10.190459 -0.096180 -12.979482 -1
1 0.652242 4.520232 10.190459 -0.220400 -12.979482 -1
1 0.687684 4.471451 10.190459 2.664997 -12.979482 -1
1 0.652242 4.482966 10.190459 2.546857 -12.979482 -1
1 0.687684 4.471451 10.190459 1.057794 -12.979482 -1
1 0.687684 4.620700 11.393664 1.555294 -16.990162 -1
1 0.709589 4.590551 11.393664 1.454798 -16.990162 -1
1 0.652242 4.609184 11.393664 -1.546857 -16.990162 -1
1 0.687684 4.620700 11.393664 -1.664997 -16.990162 -1
1 0.652242 4.571918 11.393664 -0.392687 -16.990162 -1
1 0.652242 4.609184 11.393664 -0.516908 -16.990162 -1
1 0.687684 4.560402 11.393664 2.664997 -16.990162 -1
1 0.652242 4.571918 11.393664 2.546857 -16.990162 -1
1 0.687684 4.560402 11.393664 1.354301 -16.990162 -1
1 0.687684 4.637219 11.589246 1.610359 -17.642097 -1
1 0.709589 4.607070 11.589246 1.509862 -17.642097 -1
1 0.652242 4.625704 11.589246 -1.546857 -17.642097 -1
1 0.687684 4.637219 11.589246 -1.664998 -17.642097 -1
1 0.652242 4.588437 11.589246 -0.447752 -17.642097 -1
1 0.652242 4.625704 11.589246 -0.571972 -17.642097 -1
1 0.687684 4.576921 11.589246 2.664998 -17.642097 -1
1 0.652242 4.588437 11.589246 2.546857 -17.642097 -1
1 0.687684 4.576921 11.589246 1.409366 -17.642097 -1
1 0.652242 4.625704 0.703988 -1.546857 -0.571972 -1
1 0.687684 4.637219 0.703988 -1.664998 -0.610359 -1
1 0.709589 4.607071 0.703988 -1.738013 -0.509862 -1
1 0.652242 4.588438 0.703988 -1.546857 -0.447752 -1
1 0.687684 4.576921 0.703988 -1.664998 -0.409366 -1
1 0.652242 4.625704 11.589246 2.546857 -0.571972 -1
1 0.652242 4.588437 11.589246 2.546857 -0.447752 -1
1 0.687684 4.576921 11.589246 2.664998 -0.409366 -1
1 0.687684 4.637219 11.589246 2.664998 -0.610359 -1
1 0.709589 4.607070 11.589246 2.738013 -0.509862 -1
227
0.971754 0.235342 0.017556
0.808243 0.587218 0.043806
0.807144 0.586420 0.068043
0.999887 -0.000702 0.015012
-0.308230 0.948676 0.070770
-0.307148 0.945347 0.109447
-0.305601 0.940584 0.148018
-1.000000 0.000000 0.000000
-0.308241 -0.948672 -0.070773
-0.308253 -0.948668 -0.070769
-0.307156 -0.945344 -0.109449
-0.305608 -0.940582 -0.148019
0.808252 -0.587206 -0.043805
0.805578 -0.585263 -0.092253
0.804831 0.584739 0.101622
0.999958 0.000516 -0.009188
-0.304874 0.938346 0.162968
-0.305985 0.941757 0.139525
-1.000000 0.000000 0.000000
-1.000000 0.000000 0.000000
-0.304889 -0.938341 -0.162967
-0.306000 -0.941752 -0.139524
0.805970 -0.585555 -0.086819
0.807188 0.586439 0.067363
0.999996 0.000110 -0.002874
-0.307182 0.945435 0.108592
-0.307417 0.946182 0.101162
-1.000000 0.000000 0.000000
-1.000000 0.000000 -0.000000
-0.307190 -0.945432 -0.108592
-0.307417 -0.946182 -0.101162
0.807429 -0.586621 -0.062723
0.808422 0.587348 0.038418
0.971792 -0.235338 -0.015393
-0.308405 0.949229 0.062050
-0.308386 0.949235 0.062050
-1.000000 0.000000 -0.000000
-0.308400 -0.949231 -0.062050
-0.308386 -0.949235 -0.062050
0.808431 -0.587336 -0.038417
0.809028 0.587770 -0.000282
0.971906 0.235369 -0.000113
-0.309028 0.951053 -0.000456
-0.309022 0.951055 -0.000456
-0.309004 -0.951060 0.000456
-0.308993 -0.951064 0.000456
0.809021 -0.587779 0.000282
0.999990 -0.000086 -0.004422
0.808745 0.587564 -0.026456
0.807912 0.586959 -0.052515
0.999974 -0.000255 -0.007275
-0.308587 0.949644 -0.054322
-0.308760 0.950178 -0.042774
-0.307924 0.947630 -0.084742
-0.307349 0.945940 -0.103601
-0.308533 -0.949661 0.054322
-0.308706 -0.950195 0.042775
-0.307885 -0.947642 0.084743
-0.307342 -0.945943 0.103601
0.808562 -0.587450 0.033608
0.807350 -0.586563 0.064267
0.805412 0.585155 -0.094371
0.999935 -0.000692 -0.011395
-0.305433 0.940095 -0.151435
-0.303922 0.935471 -0.180349
-0.305441 -0.940092 0.151434
-0.303945 -0.935463 0.180348
0.803873 -0.584025 0.112706
0.804637 0.584598 -0.103939
0.999858 0.000904 0.016852
-0.304689 0.937805 -0.166394
-0.306646 0.943802 -0.123308
-0.304712 -0.937797 0.166393
-0.306662 -0.943798 0.123306
0.806637 -0.586039 0.076778
0.808029 0.587053 -0.049583
0.971713 -0.235327 0.019876
-0.308012 0.948007 -0.080071
-0.308024 -0.948003 0.080069
-0.308012 -0.948007 0.080067
0.808024 -0.587059 0.049585
0.000000 0.000000 -1.000000
0.000000 0.000000 1.000000
0.971751 0.235353 0.017557
0.808230 0.587236 0.043807
0.807863 0.586969 0.053148
0.999983 -0.000192 0.005781
-0.308238 0.948673 0.070770
-0.307874 0.947553 0.085772
-0.307440 0.946218 0.100758
-0.308249 -0.948669 -0.070773
-0.308261 -0.948666 -0.070769
-0.307881 -0.947550 -0.085774
-0.307440 -0.946218 -0.100760
0.808239 -0.587223 -0.043806
0.807431 -0.586643 -0.062485
0.807159 0.586445 0.067650
0.999997 0.000094 -0.002582
-0.307170 0.945386 0.109051
-0.307386 0.946061 0.102378
-0.307170 -0.945386 -0.109050
-0.307394 -0.946059 -0.102378
0.807382 -0.586604 -0.063483
0.807887 0.586962 0.052867
0.999992 0.000118 -0.003991
-0.307880 0.947590 0.085339
-0.308135 0.948384 0.074965
-0.307895 -0.947585 -0.085338
-0.308166 -0.948375 -0.074964
0.808156 -0.587136 -0.046417
0.808685 0.587539 0.028746
0.971843 -0.235348 -0.011515
-0.308671 0.950033 0.046471
-0.308671 0.950033 0.046471
-0.308705 -0.950022 -0.046471
-0.308717 -0.950018 -0.046471
0.808694 -0.587527 -0.028745
0.809019 0.587782 -0.000265
0.971903 0.235382 -0.000106
-0.309004 0.951060 -0.000430
-0.309001 0.951062 -0.000430
-0.309028 -0.951053 0.000430
-0.309024 -0.951054 0.000430
0.809023 -0.587777 0.000266
0.999995 -0.000043 -0.003122
0.808795 0.587637 -0.023104
0.808402 0.587349 -0.038829
0.999994 -0.000093 -0.003479
-0.308684 0.950075 -0.045521
-0.308779 0.950400 -0.037363
-0.308411 0.949182 -0.062743
-0.308240 0.948595 -0.071807
-1.000000 0.000000 0.000000
-1.000000 0.000000 0.000000
-0.308677 -0.950077 0.045521
-0.308786 -0.950397 0.037363
-0.308396 -0.949187 0.062744
-0.308210 -0.948605 0.071807
0.808686 -0.587567 0.028154
0.808207 -0.587219 0.044455
0.807400 0.586614 -0.063152
0.999967 -0.000337 -0.008094
-0.307435 0.946109 -0.101792
-0.306698 0.943867 -0.122685
-1.000000 0.000000 0.000000
-1.000000 0.000000 -0.000000
-0.307397 -0.946121 0.101793
-0.306675 -0.943874 0.122685
0.806656 -0.586086 0.076218
0.806666 0.586093 -0.076054
0.999966 0.000338 0.008196
-0.306698 0.943901 -0.122422
-0.307424 0.946169 -0.101265
-1.000000 0.000000 -0.000001
-1.000000 0.000000 -0.000000
-0.306698 -0.943901 0.122422
-0.307439 -0.946164 0.101264
0.807414 -0.586631 0.062823
0.808016 0.587071 -0.049585
0.971711 -0.235337 0.019877
-0.308020 0.948004 -0.080072
-0.308032 -0.948001 0.080069
-0.308020 -0.948005 0.080067
0.808011 -0.587077 0.049587
0.808290 0.587279 0.042079
0.999999 0.000031 -0.001069
-0.308298 0.948857 0.067986
-0.308355 0.949034 0.065201
-0.308305 -0.948855 -0.067988
-0.308355 -0.949034 -0.065203
0.808353 -0.587313 -0.040351
0.808304 0.587277 0.041836
0.999998 -0.000057 0.001987
-0.308306 0.948883 0.067593
-0.308191 0.948537 0.072769
-0.308306 -0.948883 -0.067593
-0.308198 -0.948535 -0.072768
0.808192 -0.587193 -0.045049
0.808336 0.587288 0.041059
0.999990 0.000100 -0.004456
-0.308327 0.948965 0.066335
-0.308542 0.949636 0.054719
-0.308342 -0.948960 -0.066335
-0.308557 -0.949631 -0.054718
0.808561 -0.587437 -0.033855
0.808892 0.587685 0.017868
0.971880 -0.235366 -0.007156
-0.308881 0.950661 0.028900
-0.308875 0.950663 0.028900
-0.308881 -0.950661 -0.028900
-0.308875 -0.950663 -0.028900
0.808890 -0.587688 -0.017868
0.809028 0.587770 -0.000151
0.971907 0.235367 -0.000060
-0.309028 0.951053 -0.000245
-0.309016 0.951057 -0.000245
-0.309005 -0.951061 0.000244
-0.309004 -0.951061 0.000244
0.809019 -0.587782 0.000151
0.999996 -0.000029 -0.002683
0.808952 0.587715 -0.013728
0.808635 0.587502 -0.030837
0.999986 -0.000111 -0.005209
-0.308883 0.950651 -0.029229
-0.308936 0.950823 -0.022208
-0.308641 0.949872 -0.049843
-0.308413 0.949135 -0.063433
-0.308875 -0.950653 0.029229
-0.308928 -0.950826 0.022208
-0.308626 -0.949877 0.049844
-0.308390 -0.949143 0.063433
0.808883 -0.587692 0.018070
0.808383 -0.587347 0.039262
0.808149 0.587159 -0.046259
1.000000 0.000019 0.000881
-0.308172 0.948392 -0.074718
-0.308216 0.948555 -0.072428
-0.308149 -0.948399 0.074718
-0.308209 -0.948558 0.072428
0.808196 -0.587205 0.044837
0.808172 0.587188 -0.045472
0.999999 -0.000032 -0.001273
-0.308186 0.948487 -0.073450
-0.308101 0.948252 -0.076761
-0.308193 -0.948484 0.073449
-0.308116 -0.948247 0.076760
0.808098 -0.587128 0.047528
318
1 0 1 2 0 1 2 1
1 2 3 0 2 3 0 1
1 4 5 6 4 4 5 1
1 6 7 4 5 6 4 1
1 8 9 10 7 7 7 1
1 10 11 8 7 7 7 1
1 12 13 14 8 9 10 1
1 14 15 12 10 11 8 1
1 16 0 3 12 0 3 1
1 3 17 16 3 13 12 1
1 3 2 18 3 2 14 1
1 18 19 3 14 15 3 1
1 7 6 20 6 5 16 1
1 20 21 7 16 17 6 1
1 11 10 22 7 7 18 1
1 22 23 11 18 19 7 1
1 15 14 24 11 10 20 1
1 24 25 15 20 21 11 1
1 17 3 19 13 3 15 1
1 19 26 17 15 22 13 1
1 19 18 27 15 14 23 1
1 27 28 19 23 24 15 1
1 21 20 29 17 16 25 1
1 29 30 21 25 26 17 1
1 23 22 31 19 18 27 1
1 31 32 23 27 28 19 1
1 25 24 33 21 20 29 1
1 33 34 25 29 30 21 1
1 26 19 28 22 15 24 1
1 28 35 26 24 31 22 1
1 28 27 36 24 23 32 1
1 36 37 28 32 33 24 1
1 30 29 38 26 25 34 1
1 38 39 30 34 35 26 1
1 32 31 40 28 27 36 1
1 40 41 32 36 36 28 1
1 34 33 42 30 29 37 1
1 42 43 34 37 38 30 1
1 35 28 37 31 24 33 1
1 37 44 35 33 39 31 1
1 36 45 46 32 40 41 1
1 46 37 36 41 33 32 1
1 38 47 48 34 42 43 1
1 48 39 38 43 35 34 1
1 40 49 50 36 7 7 1
1 50 41 40 7 36 36 1
1 42 51 52 37 44 45 1
1 52 43 42 45 38 37 1
1 37 46 53 33 41 46 1
1 53 44 37 46 39 33 1
1 54 55 56 47 48 49 1
1 56 57 54 49 50 47 1
1 58 59 60 51 52 53 1
1 60 61 58 53 54 51 1
1 62 63 64 7 7 7 1
1 64 65 62 7 7 7 1
1 66 67 68 55 56 57 1
1 68 69 66 57 58 55 1
1 70 54 57 59 47 50 1
1 57 71 70 50 60 59 1
1 57 56 72 50 49 61 1
1 72 73 57 61 62 50 1
1 61 60 74 54 53 63 1
1 74 75 61 63 64 54 1
1 65 64 76 7 7 7 1
1 76 77 65 7 7 7 1
1 69 68 78 58 57 65 1
1 78 79 69 65 66 58 1
1 71 57 73 60 50 62 1
1 73 80 71 62 67 60 1
1 73 72 81 62 61 68 1
1 81 82 73 68 69 62 1
1 75 74 83 64 63 70 1
1 83 84 75 70 71 64 1
1 77 76 85 7 7 7 1
1 85 86 77 7 7 7 1
1 79 78 87 66 65 72 1
1 87 88 79 72 73 66 1
1 80 73 82 67 62 69 1
1 82 89 80 69 74 67 1
1 82 81 90 69 68 75 1
1 90 91 82 75 76 69 1
1 84 83 92 71 70 77 1
1 92 93 84 77 77 71 1
1 86 85 94 7 7 7 1
1 94 95 86 7 7 7 1
1 88 87 96 73 72 78 1
1 96 97 88 78 79 73 1
1 89 82 91 74 69 76 1
1 91 98 89 76 80 74 1
1 99 100 101 81 81 81 1
1 102 99 101 81 81 81 1
1 103 102 101 81 81 81 1
1 104 105 106 82 82 82 1
1 107 104 106 82 82 82 1
1 108 107 106 82 82 82 1
1 55 54 46 48 47 41 1
1 46 45 55 41 40 48 1
1 59 58 48 52 51 43 1
1 48 47 59 43 42 52 1
1 63 62 50 7 7 7 1
1 50 49 63 7 7 7 1
1 67 66 52 56 55 45 1
1 52 51 67 45 44 56 1
1 54 70 53 47 59 46 1
1 53 46 54 46 41 47 1
1 109 110 111 83 84 85 1
1 111 112 109 85 86 83 1
1 113 114 115 87 87 88 1
1 115 116 113 88 89 87 1
1 117 118 119 7 7 7 1
1 119 120 117 7 7 7 1
1 121 122 123 90 91 92 1
1 123 124 121 92 93 90 1
1 125 109 112 94 83 86 1
1 112 126 125 86 95 94 1
1 112 111 127 86 85 96 1
1 127 128 112 96 97 86 1
1 116 115 129 89 88 98 1
1 129 130 116 98 99 89 1
1 120 119 131 7 7 7 1
1 131 132 120 7 7 7 1
1 124 123 133 93 92 100 1
1 133 134 124 100 101 93 1
1 126 112 128 95 86 97 1
1 128 135 126 97 102 95 1
1 128 127 136 97 96 103 1
1 136 137 128 103 104 97 1
1 130 129 138 99 98 105 1
1 138 139 130 105 106 99 1
1 132 131 140 7 7 7 1
1 140 141 132 7 7 7 1
1 134 133 142 101 100 107 1
1 142 143 134 107 108 101 1
1 135 128 137 102 97 104 1
1 137 144 135 104 109 102 1
1 137 136 145 104 103 110 1
1 145 146 137 110 111 104 1
1 139 138 147 106 105 112 1
1 147 148 139 112 113 106 1
1 141 140 149 7 7 7 1
1 149 150 141 7 7 7 1
1 143 142 151 108 107 114 1
1 151 152 143 114 115 108 1
1 144 137 146 109 104 111 1
1 146 153 144 111 116 109 1
1 145 154 155 110 117 118 1
1 155 146 145 118 111 110 1
1 147 156 157 112 119 120 1
1 157 148 147 120 113 112 1
1 149 158 159 7 7 7 1
1 159 150 149 7 7 7 1
1 151 160 161 114 121 122 1
1 161 152 151 122 115 114 1
1 146 155 162 111 118 123 1
1 162 153 146 123 116 111 1
1 163 164 165 124 125 126 1
1 165 166 163 126 127 124 1
1 167 168 169 128 129 130 1
1 169 170 167 130 131 128 1
1 171 172 173 7 7 132 1
1 173 174 171 132 133 7 1
1 175 176 177 134 135 136 1
1 177 178 175 136 137 134 1
1 179 163 166 138 124 127 1
1 166 180 179 127 139 138 1
1 166 165 181 127 126 140 1
1 181 182 166 140 141 127 1
1 170 169 183 131 130 142 1
1 183 184 170 142 143 131 1
1 174 173 185 133 132 144 1
1 185 186 174 144 145 133 1
1 178 177 187 137 136 146 1
1 187 188 178 146 147 137 1
1 180 166 182 139 127 141 1
1 182 189 180 141 148 139 1
1 182 181 190 141 140 149 1
1 190 191 182 149 150 141 1
1 184 183 192 143 142 151 1
1 192 193 184 151 152 143 1
1 186 185 194 145 144 153 1
1 194 195 186 153 154 145 1
1 188 187 196 147 146 155 1
1 196 197 188 155 156 147 1
1 189 182 191 148 141 150 1
1 191 198 189 150 157 148 1
1 191 190 199 150 149 158 1
1 199 200 191 158 159 150 1
1 193 192 201 152 151 160 1
1 201 202 193 160 160 152 1
1 195 194 203 154 153 7 1
1 203 204 195 7 7 154 1
1 197 196 205 156 155 161 1
1 205 206 197 161 162 156 1
1 198 191 200 157 150 159 1
1 200 207 198 159 163 157 1
1 208 209 210 81 81 81 1
1 211 208 210 81 81 81 1
1 212 211 210 81 81 81 1
1 213 214 215 82 82 82 1
1 216 213 215 82 82 82 1
1 217 216 215 82 82 82 1
1 164 163 155 125 124 118 1
1 155 154 164 118 117 125 1
1 168 167 157 129 128 120 1
1 157 156 168 120 119 129 1
1 172 171 159 7 7 7 1
1 159 158 172 7 7 7 1
1 176 175 161 135 134 122 1
1 161 160 176 122 121 135 1
1 163 179 162 124 138 123 1
1 162 155 163 123 118 124 1
1 218 219 220 83 84 164 1
1 220 221 218 164 165 83 1
1 222 223 224 87 87 166 1
1 224 225 222 166 167 87 1
1 226 227 228 7 7 7 1
1 228 229 226 7 7 7 1
1 230 231 232 90 91 168 1
1 232 233 230 168 169 90 1
1 234 218 221 94 83 165 1
1 221 235 234 165 170 94 1
1 221 220 236 165 164 171 1
1 236 237 221 171 172 165 1
1 225 224 238 167 166 173 1
1 238 239 225 173 174 167 1
1 229 228 240 7 7 7 1
1 240 241 229 7 7 7 1
1 233 232 242 169 168 175 1
1 242 243 233 175 176 169 1
1 235 221 237 170 165 172 1
1 237 244 235 172 177 170 1
1 237 236 245 172 171 178 1
1 245 246 237 178 179 172 1
1 239 238 247 174 173 180 1
1 247 248 239 180 181 174 1
1 241 240 249 7 7 7 1
1 249 250 241 7 7 7 1
1 243 242 251 176 175 182 1
1 251 252 243 182 183 176 1
1 244 237 246 177 172 179 1
1 246 253 244 179 184 177 1
1 246 245 254 179 178 185 1
1 254 255 246 185 186 179 1
1 248 247 256 181 180 187 1
1 256 257 248 187 188 181 1
1 250 249 258 7 7 7 1
1 258 259 250 7 7 7 1
1 252 251 260 183 182 189 1
1 260 261 252 189 190 183 1
1 253 246 255 184 179 186 1
1 255 262 253 186 191 184 1
1 254 263 264 185 192 193 1
1 264 255 254 193 186 185 1
1 256 265 266 187 194 195 1
1 266 257 256 195 188 187 1
1 258 267 268 7 7 7 1
1 268 259 258 7 7 7 1
1 260 269 270 189 196 197 1
1 270 261 260 197 190 189 1
1 255 264 271 186 193 198 1
1 271 262 255 198 191 186 1
1 272 273 274 199 200 201 1
1 274 275 272 201 202 199 1
1 276 277 278 203 204 205 1
1 278 279 276 205 206 203 1
1 280 281 282 7 7 7 1
1 282 283 280 7 7 7 1
1 284 285 286 207 208 209 1
1 286 287 284 209 210 207 1
1 288 272 275 211 199 202 1
1 275 289 288 202 212 211 1
1 275 274 290 202 201 213 1
1 290 291 275 213 214 202 1
1 279 278 292 206 205 215 1
1 292 293 279 215 216 206 1
1 283 282 294 7 7 7 1
1 294 295 283 7 7 7 1
1 287 286 296 210 209 217 1
1 296 297 287 217 218 210 1
1 289 275 291 212 202 214 1
1 291 298 289 214 219 212 1
1 291 290 299 214 213 220 1
1 299 300 291 220 221 214 1
1 293 292 301 216 215 222 1
1 301 302 293 222 223 216 1
1 295 294 303 7 7 7 1
1 303 304 295 7 7 7 1
1 297 296 305 218 217 224 1
1 305 306 297 224 225 218 1
1 298 291 300 219 214 221 1
1 300 307 298 221 226 219 1
1 300 299 308 221 220 158 1
1 308 309 300 158 159 221 1
1 302 301 310 223 222 160 1
1 310 311 302 160 160 223 1
1 304 303 312 7 7 7 1
1 312 313 304 7 7 7 1
1 306 305 314 225 224 161 1
1 314 315 306 161 162 225 1
1 307 300 309 226 221 159 1
1 309 316 307 159 163 226 1
1 317 318 319 81 81 81 1
1 320 317 319 81 81 81 1
1 321 320 319 81 81 81 1
1 322 323 324 82 82 82 1
1 325 322 324 82 82 82 1
1 326 325 324 82 82 82 1
1 273 272 264 200 199 193 1
1 264 263 273 193 192 200 1
1 277 276 266 204 203 195 1
1 266 265 277 195 194 204 1
1 281 280 268 7 7 7 1
1 268 267 281 7 7 7 1
1 285 284 270 208 207 197 1
1 270 269 285 197 196 208 1
1 272 288 271 199 211 198 1
1 271 264 272 198 193 199 1
"Object0314" 1 3
66
1 0.514182 6.790969 6.201148 0.333347 1.679527 -1
1 0.595221 6.488529 6.201148 0.250000 1.679527 -1
1 0.595221 6.488530 -4.645434 0.250000 -0.679527 -1
1 0.514182 6.790969 -4.645434 0.333347 -0.679527 -1
1 0.292781 7.012370 6.201148 0.416680 1.679527 -1
1 0.292781 7.012371 -4.645434 0.416680 -0.679527 -1
1 -0.009659 7.093410 6.201148 0.500000 1.679527 -1
1 -0.009659 7.093410 -4.645434 0.500000 -0.679527 -1
1 -0.312099 7.012370 6.201148 0.583320 1.679527 -1
1 -0.312099 7.012371 -4.645435 0.583320 -0.679527 -1
1 -0.533500 6.790969 6.201148 0.666654 1.679527 -1
1 -0.533500 6.790969 -4.645435 0.666653 -0.679527 -1
1 -0.614539 6.488529 6.201148 0.750000 1.679527 -1
1 -0.614539 6.488530 -4.645435 0.750000 -0.679527 -1
1 -0.533500 6.186090 6.201148 0.833347 1.679527 -1
1 -0.533500 6.186089 -4.645435 0.833347 -0.679527 -1
1 -0.312099 5.964688 6.201148 0.916680 1.679527 -1
1 -0.312099 5.964688 -4.645435 0.916680 -0.679527 -1
1 -0.009659 5.883650 6.201148 1.000000 1.679527 -1
1 -0.009659 5.883650 -4.645435 1.000000 -0.679527 -1
1 -0.009659 5.883650 -4.645435 0.000000 -0.679527 -1
1 0.292781 5.964688 -4.645435 0.083320 -0.679527 -1
1 0.292781 5.964688 6.201148 0.083320 1.679527 -1
1 -0.009659 5.883650 6.201148 0.000000 1.679527 -1
1 0.514182 6.186090 6.201148 0.166653 1.679527 -1
1 0.514182 6.186090 -4.645434 0.166654 -0.679527 -1
1 -0.965623 6.526839 6.201148 0.634513 3.252230 -1
1 -0.924709 6.414429 6.201148 0.750001 3.252230 -1
1 -0.924709 6.414429 -4.645435 0.750000 -2.252230 -1
1 -0.965623 6.526840 -4.645435 0.634513 -2.252230 -1
1 -1.069221 6.586653 6.201148 0.522679 3.252230 -1
1 -1.069221 6.586652 -4.645435 0.522681 -2.252230 -1
1 -1.187028 6.565880 6.201148 0.413662 3.252230 -1
1 -1.187028 6.565879 -4.645435 0.413664 -2.252230 -1
1 -1.263922 6.474241 6.201148 0.304734 3.252230 -1
1 -1.263922 6.474242 -4.645435 0.304735 -2.252230 -1
1 -1.263922 6.354616 6.201148 0.195265 3.252230 -1
1 -1.263922 6.354617 -4.645435 0.195265 -2.252230 -1
1 -1.187028 6.262979 6.201148 0.086337 3.252230 -1
1 -1.187028 6.262978 -4.645435 0.086336 -2.252230 -1
1 -1.069221 6.242206 6.201148 -0.022679 3.252230 -1
1 -1.069221 6.242205 -4.645435 -0.022681 -2.252230 -1
1 -1.069221 6.242205 -4.645435 0.977319 -2.252230 -1
1 -0.965623 6.302018 -4.645435 0.865487 -2.252230 -1
1 -0.965623 6.302018 6.201148 0.865488 3.252230 -1
1 -1.069221 6.242206 6.201148 0.977321 3.252230 -1
1 1.262680 6.526839 6.201148 0.634513 3.252230 -1
1 1.303594 6.414429 6.201148 0.750001 3.252230 -1
1 1.303594 6.414429 -4.645434 0.750000 -2.252230 -1
1 1.262680 6.526840 -4.645434 0.634513 -2.252230 -1
1 1.159081 6.586653 6.201148 0.522679 3.252230 -1
1 1.159081 6.586652 -4.645434 0.522681 -2.252230 -1
1 1.041274 6.565880 6.201148 0.413662 3.252230 -1
1 1.041274 6.565879 -4.645434 0.413664 -2.252230 -1
1 0.964380 6.474241 6.201148 0.304734 3.252230 -1
1 0.964380 6.474242 -4.645434 0.304735 -2.252230 -1
1 0.964380 6.354616 6.201148 0.195265 3.252230 -1
1 0.964380 6.354617 -4.645434 0.195265 -2.252230 -1
1 1.041274 6.262979 6.201148 0.086337 3.252230 -1
1 1.041274 6.262978 -4.645434 0.086336 -2.252230 -1
1 1.159081 6.242206 6.201148 -0.022679 3.252230 -1
1 1.159081 6.242205 -4.645434 -0.022681 -2.252230 -1
1 1.159081 6.242205 -4.645434 0.977319 -2.252230 -1
1 1.262680 6.302018 -4.645434 0.865487 -2.252230 -1
1 1.262680 6.302018 6.201148 0.865488 3.252230 -1
1 1.159081 6.242206 6.201148 0.977321 3.252230 -1
58
0.907072 0.420975 0.000000
0.996035 -0.088963 0.000000
0.996035 0.088963 0.000000
0.818111 0.575061 0.000000
0.575063 0.818109 0.000000
0.420976 0.907072 0.000000
0.088962 0.996035 0.000000
-0.088963 0.996035 0.000000
-0.420975 0.907072 0.000000
-0.575062 0.818110 0.000000
-0.818111 0.575061 0.000000
-0.907072 0.420974 0.000000
-0.996035 0.088963 0.000000
-0.996035 -0.088962 0.000000
-0.907073 -0.420974 0.000000
-0.818110 -0.575061 0.000000
-0.575061 -0.818111 0.000000
-0.420973 -0.907073 0.000000
-0.258819 -0.965926 0.000000
0.258819 -0.965926 0.000000
0.575061 -0.818110 0.000000
0.420974 -0.907073 0.000000
0.818110 -0.575061 0.000000
0.907072 -0.420975 -0.000000
0.837888 0.545842 0.000000
0.992721 -0.120440 0.000000
0.992721 0.120439 0.000000
0.683052 0.730370 0.000000
0.290995 0.956725 -0.000000
0.053770 0.998553 -0.000000
-0.392058 0.919941 -0.000000
-0.600662 0.799503 -0.000000
-0.891658 0.452711 0.000000
-0.974044 0.226357 0.000000
-0.974045 -0.226355 -0.000000
-0.891659 -0.452707 -0.000000
-0.600665 -0.799501 0.000000
-0.392059 -0.919940 0.000000
-0.173651 -0.984807 0.000000
0.500004 -0.866023 0.000000
0.837887 -0.545843 0.000000
0.683053 -0.730369 0.000000
0.500001 -0.866025 0.000000
0.837887 0.545843 0.000000
0.683050 0.730372 0.000000
0.290992 0.956726 -0.000000
0.053768 0.998553 -0.000000
-0.392058 0.919941 -0.000000
-0.600662 0.799503 -0.000000
-0.891658 0.452711 0.000000
-0.974044 0.226357 0.000000
-0.974045 -0.226355 -0.000000
-0.392059 -0.919940 0.000000
-0.173651 -0.984807 0.000000
0.500000 -0.866025 0.000000
0.837887 -0.545844 0.000000
0.683051 -0.730371 0.000000
0.499997 -0.866027 0.000000
60
1 0 1 2 0 1 2 1
1 2 3 0 2 3 0 1
1 4 0 3 4 0 3 1
1 3 5 4 3 5 4 1
1 6 4 5 6 4 5 1
1 5 7 6 5 7 6 1
1 8 6 7 8 6 7 1
1 7 9 8 7 9 8 1
1 10 8 9 10 8 9 1
1 9 11 10 9 11 10 1
1 12 10 11 12 10 11 1
1 11 13 12 11 13 12 1
1 14 12 13 14 12 13 1
1 13 15 14 13 15 14 1
1 16 14 15 16 14 15 1
1 15 17 16 15 17 16 1
1 18 16 17 18 16 17 1
1 17 19 18 17 18 18 1
1 20 21 22 19 20 21 1
1 22 23 20 21 19 19 1
1 24 22 21 22 21 20 1
1 21 25 24 20 23 22 1
1 1 24 25 1 22 23 1
1 25 2 1 23 2 1 1
1 26 27 28 24 25 26 1
1 28 29 26 26 27 24 1
1 30 26 29 28 24 27 1
1 29 31 30 27 29 28 1
1 32 30 31 30 28 29 1
1 31 33 32 29 31 30 1
1 34 32 33 32 30 31 1
1 33 35 34 31 33 32 1
1 36 34 35 34 32 33 1
1 35 37 36 33 35 34 1
1 38 36 37 36 34 35 1
1 37 39 38 35 37 36 1
1 40 38 39 38 36 37 1
1 39 41 40 37 38 38 1
1 42 43 44 39 40 41 1
1 44 45 42 41 42 39 1
1 27 44 43 25 41 40 1
1 43 28 27 40 26 25 1
1 46 47 48 43 25 26 1
1 48 49 46 26 44 43 1
1 50 46 49 45 43 44 1
1 49 51 50 44 46 45 1
1 52 50 51 47 45 46 1
1 51 53 52 46 48 47 1
1 54 52 53 49 47 48 1
1 53 55 54 48 50 49 1
1 56 54 55 51 49 50 1
1 55 57 56 50 35 51 1
1 58 56 57 36 51 35 1
1 57 59 58 35 52 36 1
1 60 58 59 53 36 52 1
1 59 61 60 52 53 53 1
1 62 63 64 54 55 56 1
1 64 65 62 56 57 54 1
1 47 64 63 25 56 55 1
1 63 48 47 55 26 25 1

Materials: 5
"_9_-_Default"
0.584314 0.584314 0.584314 1.000000
0.584314 0.584314 0.584314 1.000000
0.894118 0.894118 0.894118 1.000000
0.000000 0.000000 0.000000 1.000000
125.440002
1.000000
"CON_37.tga"
""
"_1_-_Default"
0.584314 0.584314 0.584314 1.000000
0.584314 0.584314 0.584314 1.000000
0.894118 0.894118 0.894118 1.000000
0.000000 0.000000 0.000000 1.000000
125.440002
1.000000
"ROSTY_9.tga"
""
"_3_-_Default"
0.584314 0.584314 0.584314 1.000000
0.584314 0.584314 0.584314 1.000000
0.894118 0.894118 0.894118 1.000000
0.000000 0.000000 0.000000 1.000000
125.440002
1.000000
"KABEL_1.tga"
""
"_0_-_Default"
0.584314 0.584314 0.584314 1.000000
0.584314 0.584314 0.584314 1.000000
0.894118 0.894118 0.894118 1.000000
0.000000 0.000000 0.000000 1.000000
125.440002
1.000000
"ROSTY_10.tga"
""
"Material"
0.117647 0.117647 0.117647 1.000000
0.752941 0.752941 0.752941 1.000000
0.752941 0.752941 0.752941 1.000000
0.000000 0.000000 0.000000 1.000000
125.440002
1.000000
""
""

Bones: 0
GroupComments: 0
MaterialComments: 0
BoneComments: 0
ModelComment: 0
