// MilkShape 3D ASCII

Frames: 30
Frame: 1

Meshes: 2
"Cylinder01" 1 0
113
1 0.217887 0.003920 0.042369 0.685019 1.824875 -1
1 0.176596 0.003920 0.001328 0.719439 1.824875 -1
1 0.127294 1.751924 -0.026649 0.719439 0.964552 -1
1 0.168584 1.751924 0.014391 0.685019 0.964552 -1
1 0.118380 0.003920 0.001505 0.753859 1.824875 -1
1 0.069077 1.751924 -0.026472 0.753859 0.964552 -1
1 0.077340 0.003920 0.042796 0.788279 1.824875 -1
1 0.028037 1.751924 0.014818 0.788279 0.964552 -1
1 0.077340 0.003920 0.042796 0.512918 1.824875 -1
1 0.077517 0.003920 0.101012 0.547339 1.824875 -1
1 0.028214 1.751924 0.073035 0.547339 0.964552 -1
1 0.028037 1.751924 0.014818 0.512918 0.964552 -1
1 0.118807 0.003920 0.142053 0.581759 1.824875 -1
1 0.069505 1.751924 0.114075 0.581759 0.964552 -1
1 0.177024 0.003920 0.141876 0.616179 1.824875 -1
1 0.127721 1.751924 0.113898 0.616179 0.964552 -1
1 0.218064 0.003920 0.100585 0.650599 1.824875 -1
1 0.168761 1.751924 0.072607 0.650599 0.964552 -1
1 0.073369 3.498828 -0.076743 0.719439 0.104229 -1
1 0.114646 3.500756 -0.035734 0.685019 0.104229 -1
1 0.015172 3.497339 -0.076534 0.753859 0.104229 -1
1 -0.025855 3.497162 -0.035231 0.788279 0.104229 -1
1 -0.025678 3.498399 0.022973 0.547339 0.104229 -1
1 -0.025855 3.497162 -0.035231 0.512918 0.104229 -1
1 0.015599 3.500327 0.063981 0.581759 0.104229 -1
1 0.073796 3.501816 0.063772 0.616179 0.104229 -1
1 0.114823 3.501993 0.022469 0.650599 0.104229 -1
1 0.028543 5.245866 -0.113751 0.719439 -0.756094 -1
1 0.069820 5.247793 -0.072742 0.685019 -0.756094 -1
1 -0.029654 5.244377 -0.113542 0.753859 -0.756094 -1
1 -0.070681 5.244200 -0.072239 0.788279 -0.756094 -1
1 -0.070504 5.245437 -0.014035 0.547339 -0.756094 -1
1 -0.070681 5.244200 -0.072239 0.512918 -0.756094 -1
1 -0.029227 5.247364 0.026973 0.581759 -0.756094 -1
1 0.028970 5.248853 0.026765 0.616179 -0.756094 -1
1 0.069997 5.249031 -0.014539 0.650599 -0.756094 -1
1 0.118380 0.003920 0.001505 0.478498 1.824875 -1
1 0.176596 0.003920 0.001328 0.444078 1.824875 -1
1 0.217887 0.003920 0.042369 0.409658 1.824875 -1
1 0.218064 0.003920 0.100585 0.375238 1.824875 -1
1 -0.070504 5.245437 -0.014035 0.822699 -0.756094 -1
1 -0.029227 5.247364 0.026973 0.857120 -0.756094 -1
1 0.028970 5.248853 0.026765 0.891540 -0.756094 -1
1 0.069997 5.249031 -0.014539 0.925960 -0.756094 -1
1 0.069820 5.247793 -0.072742 0.960380 -0.756094 -1
1 0.622012 4.353104 0.055372 0.100139 0.789936 -1
1 0.459314 4.181877 0.058999 0.211198 0.899885 -1
1 0.251655 4.069295 0.061384 0.350797 0.970134 -1
1 0.019363 4.026381 0.062293 0.505272 0.993806 -1
1 -0.214825 4.057331 0.061638 0.659502 0.968584 -1
1 -0.427985 4.159120 0.059481 0.798389 0.896937 -1
1 -0.599250 4.321781 0.056036 0.908338 0.785879 -1
1 -0.711856 4.529394 0.051638 0.978587 0.646280 -1
1 -0.754781 4.761634 0.046718 1.002259 0.491805 -1
1 -0.723822 4.995770 0.041758 0.977037 0.337575 -1
1 -0.622011 5.208880 0.037244 0.905390 0.198688 -1
1 -0.459313 5.380108 0.033617 0.794331 0.088739 -1
1 -0.251654 5.492689 0.031232 0.654732 0.018490 -1
1 -0.019362 5.535604 0.030323 0.500257 -0.005182 -1
1 0.214826 5.504652 0.030979 0.346028 0.020040 -1
1 0.427985 5.402864 0.033135 0.207141 0.091687 -1
1 0.599250 5.240202 0.036581 0.097191 0.202745 -1
1 0.711857 5.032590 0.040979 0.026943 0.342345 -1
1 0.754781 4.800349 0.045898 0.003270 0.496820 -1
1 0.723823 4.566215 0.050858 0.028492 0.651049 -1
1 0.754781 4.800349 0.045898 0.485539 0.710023 -1
1 0.711857 5.032590 0.040979 0.309082 0.694001 -1
1 0.711857 5.033240 0.071681 0.308587 0.715527 -1
1 0.754781 4.801000 0.076601 0.485045 0.731548 -1
1 0.599250 5.240202 0.036581 0.151338 0.657936 -1
1 0.599250 5.240852 0.067283 0.150843 0.679461 -1
1 0.599250 5.240202 0.036581 0.342064 0.927467 -1
1 0.427985 5.402864 0.033135 0.394643 0.808406 -1
1 0.427985 5.403515 0.063838 0.373117 0.799413 -1
1 0.599250 5.240852 0.067283 0.320539 0.918475 -1
1 0.214826 5.504652 0.030979 0.458588 0.659596 -1
1 0.214826 5.505303 0.061682 0.437063 0.650604 -1
1 -0.019362 5.535604 0.030323 0.527640 0.495604 -1
1 -0.019362 5.536254 0.061026 0.506115 0.486611 -1
1 -0.251654 5.492689 0.031232 0.595041 0.332482 -1
1 -0.251654 5.493339 0.061935 0.573516 0.323489 -1
1 -0.459313 5.380108 0.033617 0.654192 0.186198 -1
1 -0.459313 5.380758 0.064320 0.632667 0.177205 -1
1 -0.622011 5.208880 0.037244 0.699302 0.071072 -1
1 -0.622011 5.209531 0.067947 0.677777 0.062079 -1
1 -0.622011 5.208880 0.037244 0.824864 0.300698 -1
1 -0.723822 4.995770 0.041758 0.662942 0.274042 -1
1 -0.723822 4.996420 0.072461 0.663436 0.295567 -1
1 -0.622011 5.209531 0.067947 0.825359 0.322223 -1
1 -0.754781 4.761634 0.046718 0.485045 0.268452 -1
1 -0.754781 4.762284 0.077421 0.485539 0.289977 -1
1 -0.711856 4.529394 0.051638 0.308588 0.284473 -1
1 -0.711856 4.530045 0.082340 0.309082 0.305999 -1
1 -0.599250 4.321781 0.056036 0.150843 0.320539 -1
1 -0.599250 4.322433 0.086739 0.151337 0.342064 -1
1 -0.599250 4.321781 0.056036 0.320539 0.081525 -1
1 -0.427985 4.159120 0.059481 0.373117 0.200587 -1
1 -0.427985 4.159771 0.090184 0.394643 0.191594 -1
1 -0.599250 4.322433 0.086739 0.342064 0.072532 -1
1 -0.214825 4.057331 0.061638 0.437063 0.349397 -1
1 -0.214825 4.057981 0.092340 0.458588 0.340404 -1
1 0.019363 4.026381 0.062293 0.506115 0.513389 -1
1 0.019363 4.027031 0.092996 0.527640 0.504396 -1
1 0.251655 4.069295 0.061384 0.573516 0.676511 -1
1 0.251655 4.069945 0.092087 0.595041 0.667518 -1
1 0.459314 4.181877 0.058999 0.632667 0.822794 -1
1 0.459314 4.182527 0.089702 0.654192 0.813802 -1
1 0.622012 4.353104 0.055372 0.677777 0.937921 -1
1 0.622012 4.353753 0.086075 0.699303 0.928928 -1
1 0.622012 4.353104 0.055372 0.825358 0.677777 -1
1 0.723823 4.566215 0.050858 0.663436 0.704433 -1
1 0.723823 4.566865 0.081561 0.662942 0.725958 -1
1 0.622012 4.353753 0.086075 0.824864 0.699303 -1
110
0.861170 0.016158 -0.508060
0.249790 -0.008452 -0.968263
0.379940 -0.009945 -0.924958
0.922517 0.017750 -0.385549
-0.507813 -0.028104 -0.861009
-0.385224 -0.031819 -0.922275
-0.708907 -0.031272 -0.704609
-0.708822 -0.034876 -0.704525
-0.884170 -0.467157 0.002688
-0.489895 -0.822478 0.289020
-0.922516 -0.017753 0.385549
-0.999548 -0.029887 0.003256
-0.235848 -0.329501 0.914224
-0.379941 0.009935 0.924957
0.351317 -0.722330 0.595664
0.385225 0.031788 0.922275
0.967832 0.031293 0.249644
0.924526 0.035023 0.379506
0.379840 -0.011796 -0.924977
0.922409 0.017053 -0.385839
-0.385280 -0.033750 -0.922182
-0.708808 -0.039094 -0.704317
-0.922408 -0.017068 0.385840
-0.999621 -0.027302 0.003618
-0.379840 0.011791 0.924977
0.385280 0.033725 0.922183
0.924610 0.035899 0.379219
0.324088 0.727206 -0.605093
0.966448 0.019372 -0.256132
-0.249302 0.310917 -0.917158
-0.340019 0.879125 -0.333956
-0.966448 -0.019372 0.256132
-0.999667 -0.025574 0.003581
-0.502658 0.005415 0.864468
0.255579 0.027029 0.966410
0.864105 0.032811 0.502241
0.000000 -1.000000 0.000000
-0.025644 0.999447 -0.021162
-0.025643 0.999447 -0.021159
-0.025642 0.999447 -0.021154
-0.025638 0.999447 -0.021167
-0.025627 0.999447 -0.021178
0.000001 -0.021178 -0.999776
-0.000001 -0.021177 -0.999776
-0.000000 -0.021178 -0.999776
0.000000 -0.021179 -0.999776
0.000000 -0.021178 -0.999776
0.000001 -0.021177 -0.999776
0.000001 -0.021178 -0.999776
0.000003 -0.021178 -0.999776
0.000002 -0.021178 -0.999776
0.000003 -0.021179 -0.999776
0.000000 -0.021178 -0.999776
-0.000001 -0.021177 -0.999776
-0.000000 -0.021178 -0.999776
-0.000000 -0.021178 -0.999776
0.000000 -0.021178 -0.999776
0.000001 -0.021177 -0.999776
0.000001 -0.021178 -0.999776
0.000004 -0.021177 -0.999776
0.000001 -0.021178 -0.999776
0.000003 -0.021179 -0.999776
0.996929 0.078295 -0.001657
0.923936 0.382462 -0.008098
0.959080 0.283071 -0.005993
0.999633 -0.027090 0.000575
0.879071 0.476584 -0.010096
0.879071 0.476584 -0.010093
0.688742 0.724844 -0.015367
0.522624 0.852371 -0.018084
0.609491 0.792615 -0.016808
0.688743 0.724843 -0.015355
0.233589 0.972117 -0.020603
0.334672 0.942123 -0.019987
-0.078312 0.996706 -0.021083
0.027095 0.999409 -0.021161
-0.382547 0.923729 -0.019549
-0.283134 0.958866 -0.020283
-0.649338 0.760329 -0.016107
-0.565649 0.824461 -0.017457
-0.725009 0.688585 -0.014584
-0.725009 0.688585 -0.014587
-0.902355 0.430896 -0.009126
-0.972336 0.233536 -0.004947
-0.942334 0.334599 -0.007087
-0.902355 0.430897 -0.009125
-0.996929 -0.078296 0.001657
-0.999633 0.027089 -0.000574
-0.923936 -0.382461 0.008104
-0.959080 -0.283072 0.005994
-0.879073 -0.476581 0.010109
-0.879072 -0.476582 0.010101
-0.688741 -0.724845 0.015377
-0.522625 -0.852371 0.018073
-0.609491 -0.792615 0.016814
-0.688741 -0.724845 0.015376
-0.233586 -0.972118 0.020593
-0.334673 -0.942123 0.019967
0.078312 -0.996705 0.021114
-0.027094 -0.999409 0.021171
0.382548 -0.923728 0.019559
0.283132 -0.958866 0.020312
0.649337 -0.760331 0.016084
0.565650 -0.824461 0.017449
0.725007 -0.688587 0.014567
0.725007 -0.688587 0.014566
0.902356 -0.430895 0.009123
0.972335 -0.233536 0.004948
0.942334 -0.334598 0.007085
0.902356 -0.430895 0.009116
118
1 0 1 2 0 1 2 1
1 2 3 0 2 3 0 1
1 1 4 5 1 4 5 1
1 5 2 1 5 2 1 1
1 4 6 7 4 6 7 1
1 7 5 4 7 5 4 1
1 8 9 10 8 9 10 1
1 10 11 8 10 11 8 1
1 9 12 13 9 12 13 1
1 13 10 9 13 10 9 1
1 12 14 15 12 14 15 1
1 15 13 12 15 13 12 1
1 14 16 17 14 16 17 1
1 17 15 14 17 15 14 1
1 16 0 3 16 0 3 1
1 3 17 16 3 17 16 1
1 3 2 18 3 2 18 1
1 18 19 3 18 19 3 1
1 2 5 20 2 5 20 1
1 20 18 2 20 18 2 1
1 5 7 21 5 7 21 1
1 21 20 5 21 20 5 1
1 11 10 22 11 10 22 1
1 22 23 11 22 23 11 1
1 10 13 24 10 13 24 1
1 24 22 10 24 22 10 1
1 13 15 25 13 15 25 1
1 25 24 13 25 24 13 1
1 15 17 26 15 17 26 1
1 26 25 15 26 25 15 1
1 17 3 19 17 3 19 1
1 19 26 17 19 26 17 1
1 19 18 27 19 18 27 1
1 27 28 19 27 28 19 1
1 18 20 29 18 20 29 1
1 29 27 18 29 27 18 1
1 20 21 30 20 21 30 1
1 30 29 20 30 29 20 1
1 23 22 31 23 22 31 1
1 31 32 23 31 32 23 1
1 22 24 33 22 24 33 1
1 33 31 22 33 31 22 1
1 24 25 34 24 25 34 1
1 34 33 24 34 33 24 1
1 25 26 35 25 26 35 1
1 35 34 25 35 34 25 1
1 26 19 28 26 19 28 1
1 28 35 26 28 35 26 1
1 14 12 9 14 12 9 1
1 9 8 36 9 8 36 1
1 36 37 38 36 36 36 1
1 9 36 38 9 36 36 1
1 14 9 38 14 9 36 1
1 39 14 38 36 14 36 1
1 27 29 30 27 29 30 1
1 30 40 41 30 37 38 1
1 41 42 43 38 39 40 1
1 30 41 43 30 38 40 1
1 27 30 43 27 30 40 1
1 44 27 43 41 27 40 1
1 45 46 47 42 43 44 1
1 47 48 49 44 45 46 1
1 49 50 51 46 47 48 1
1 47 49 51 44 46 48 1
1 51 52 53 48 49 50 1
1 53 54 55 50 51 52 1
1 51 53 55 48 50 52 1
1 55 56 57 52 53 54 1
1 57 58 59 54 55 56 1
1 55 57 59 52 54 56 1
1 59 60 61 56 57 58 1
1 61 62 63 58 59 60 1
1 59 61 63 56 58 60 1
1 55 59 63 52 56 60 1
1 51 55 63 48 52 60 1
1 47 51 63 44 48 60 1
1 45 47 63 42 44 60 1
1 64 45 63 61 42 60 1
1 65 66 67 62 63 64 1
1 67 68 65 64 65 62 1
1 66 69 70 63 66 67 1
1 70 67 66 67 64 63 1
1 71 72 73 68 69 70 1
1 73 74 71 70 71 68 1
1 72 75 76 69 72 73 1
1 76 73 72 73 70 69 1
1 75 77 78 72 74 75 1
1 78 76 75 75 73 72 1
1 77 79 80 74 76 77 1
1 80 78 77 77 75 74 1
1 79 81 82 76 78 79 1
1 82 80 79 79 77 76 1
1 81 83 84 78 80 81 1
1 84 82 81 81 79 78 1
1 85 86 87 82 83 84 1
1 87 88 85 84 85 82 1
1 86 89 90 83 86 87 1
1 90 87 86 87 84 83 1
1 89 91 92 86 88 89 1
1 92 90 89 89 87 86 1
1 91 93 94 88 90 91 1
1 94 92 91 91 89 88 1
1 95 96 97 92 93 94 1
1 97 98 95 94 95 92 1
1 96 99 100 93 96 97 1
1 100 97 96 97 94 93 1
1 99 101 102 96 98 99 1
1 102 100 99 99 97 96 1
1 101 103 104 98 100 101 1
1 104 102 101 101 99 98 1
1 103 105 106 100 102 103 1
1 106 104 103 103 101 100 1
1 105 107 108 102 104 105 1
1 108 106 105 105 103 102 1
1 109 110 111 106 107 108 1
1 111 112 109 108 109 106 1
1 110 65 68 107 62 65 1
1 68 111 110 65 108 107 1
"Cylinder02" 1 1
20
1 0.754781 4.801000 0.076601 0.003270 0.496820 -1
1 0.711857 5.033240 0.071681 0.026943 0.342345 -1
1 0.599250 5.240852 0.067283 0.097191 0.202745 -1
1 0.427985 5.403515 0.063838 0.207141 0.091687 -1
1 0.214826 5.505303 0.061682 0.346028 0.020040 -1
1 -0.019362 5.536254 0.061026 0.500257 -0.005182 -1
1 -0.251654 5.493339 0.061935 0.654732 0.018490 -1
1 -0.459313 5.380758 0.064320 0.794331 0.088739 -1
1 -0.622011 5.209531 0.067947 0.905390 0.198688 -1
1 -0.723822 4.996420 0.072461 0.977037 0.337575 -1
1 -0.754781 4.762284 0.077421 1.002259 0.491805 -1
1 -0.711856 4.530045 0.082340 0.978587 0.646280 -1
1 -0.599250 4.322433 0.086739 0.908338 0.785879 -1
1 -0.427985 4.159771 0.090184 0.798389 0.896937 -1
1 -0.214825 4.057981 0.092340 0.659502 0.968584 -1
1 0.019363 4.027031 0.092996 0.505272 0.993806 -1
1 0.251655 4.069945 0.092087 0.350797 0.970134 -1
1 0.459314 4.182527 0.089702 0.211198 0.899885 -1
1 0.622012 4.353753 0.086075 0.100139 0.789936 -1
1 0.723823 4.566865 0.081561 0.028492 0.651049 -1
20
0.000001 0.021179 0.999776
0.000002 0.021180 0.999776
0.000000 0.021178 0.999776
-0.000001 0.021177 0.999776
-0.000000 0.021178 0.999776
-0.000000 0.021179 0.999776
0.000000 0.021178 0.999776
0.000001 0.021177 0.999776
-0.000000 0.021178 0.999776
-0.000003 0.021179 0.999776
-0.000001 0.021179 0.999776
-0.000004 0.021178 0.999776
-0.000001 0.021178 0.999776
-0.000001 0.021177 0.999776
-0.000000 0.021178 0.999776
-0.000000 0.021179 0.999776
0.000000 0.021178 0.999776
0.000001 0.021177 0.999776
0.000000 0.021178 0.999776
0.000003 0.021178 0.999776
18
1 0 1 2 0 1 2 1
1 2 3 4 2 3 4 1
1 4 5 6 4 5 6 1
1 2 4 6 2 4 6 1
1 6 7 8 6 7 8 1
1 8 9 10 8 9 10 1
1 6 8 10 6 8 10 1
1 10 11 12 10 11 12 1
1 12 13 14 12 13 14 1
1 10 12 14 10 12 14 1
1 14 15 16 14 15 16 1
1 16 17 18 16 17 18 1
1 14 16 18 14 16 18 1
1 10 14 18 10 14 18 1
1 6 10 18 6 10 18 1
1 2 6 18 2 6 18 1
1 0 2 18 0 2 18 1
1 19 0 18 19 0 18 1

Materials: 3
"_2_-_Default"
0.584314 0.584314 0.584314 1.000000
0.584314 0.584314 0.584314 1.000000
0.894118 0.894118 0.894118 1.000000
0.000000 0.000000 0.000000 1.000000
125.440002
1.000000
"ROSTY_17.tga"
""
"_1_-_Default"
0.584314 0.584314 0.584314 1.000000
0.584314 0.584314 0.584314 1.000000
0.894118 0.894118 0.894118 1.000000
0.000000 0.000000 0.000000 1.000000
125.440002
1.000000
"SIGN_5.tga"
""
"Material"
0.117647 0.117647 0.117647 1.000000
0.752941 0.752941 0.752941 1.000000
0.752941 0.752941 0.752941 1.000000
0.000000 0.000000 0.000000 1.000000
125.440002
1.000000
""
""

Bones: 0
GroupComments: 0
MaterialComments: 0
BoneComments: 0
ModelComment: 0
