// MilkShape 3D ASCII

Frames: 30
Frame: 1

Meshes: 2
"Cylinder01" 1 0
113
1 0.217887 -0.001870 0.047772 0.685019 1.824875 -1
1 0.176596 -0.001870 0.006732 0.719439 1.824875 -1
1 0.127294 1.746134 -0.021246 0.719439 0.964552 -1
1 0.168584 1.746134 0.019794 0.685019 0.964552 -1
1 0.118380 -0.001870 0.006909 0.753859 1.824875 -1
1 0.069077 1.746134 -0.021069 0.753859 0.964552 -1
1 0.077340 -0.001870 0.048199 0.788279 1.824875 -1
1 0.028037 1.746134 0.020221 0.788279 0.964552 -1
1 0.077340 -0.001870 0.048199 0.512918 1.824875 -1
1 0.077517 -0.001870 0.106416 0.547339 1.824875 -1
1 0.028214 1.746134 0.078438 0.547339 0.964552 -1
1 0.028037 1.746134 0.020221 0.512918 0.964552 -1
1 0.118807 -0.001870 0.147456 0.581759 1.824875 -1
1 0.069504 1.746134 0.119478 0.581759 0.964552 -1
1 0.177023 -0.001870 0.147279 0.616179 1.824875 -1
1 0.127721 1.746134 0.119301 0.616179 0.964552 -1
1 0.218064 -0.001870 0.105988 0.650599 1.824875 -1
1 0.168761 1.746134 0.078010 0.650599 0.964552 -1
1 0.073369 3.493039 -0.071340 0.719439 0.104229 -1
1 0.114646 3.494967 -0.030331 0.685019 0.104229 -1
1 0.015172 3.491550 -0.071131 0.753859 0.104229 -1
1 -0.025855 3.491373 -0.029828 0.788279 0.104229 -1
1 -0.025678 3.492610 0.028376 0.547339 0.104229 -1
1 -0.025855 3.491373 -0.029828 0.512918 0.104229 -1
1 0.015599 3.494537 0.069384 0.581759 0.104229 -1
1 0.073796 3.496027 0.069175 0.616179 0.104229 -1
1 0.114823 3.496204 0.027872 0.650599 0.104229 -1
1 0.028543 5.240076 -0.108348 0.719439 -0.756094 -1
1 0.069820 5.242003 -0.067339 0.685019 -0.756094 -1
1 -0.029655 5.238587 -0.108139 0.753859 -0.756094 -1
1 -0.070681 5.238410 -0.066836 0.788279 -0.756094 -1
1 -0.070504 5.239647 -0.008632 0.547339 -0.756094 -1
1 -0.070681 5.238410 -0.066836 0.512918 -0.756094 -1
1 -0.029227 5.241574 0.032376 0.581759 -0.756094 -1
1 0.028970 5.243063 0.032168 0.616179 -0.756094 -1
1 0.069997 5.243241 -0.009136 0.650599 -0.756094 -1
1 0.118380 -0.001870 0.006909 0.478498 1.824875 -1
1 0.176596 -0.001870 0.006732 0.444078 1.824875 -1
1 0.217887 -0.001870 0.047772 0.409658 1.824875 -1
1 0.218064 -0.001870 0.105988 0.375238 1.824875 -1
1 -0.070504 5.239647 -0.008632 0.822699 -0.756094 -1
1 -0.029227 5.241574 0.032376 0.857120 -0.756094 -1
1 0.028970 5.243063 0.032168 0.891540 -0.756094 -1
1 0.069997 5.243241 -0.009136 0.925960 -0.756094 -1
1 0.069820 5.242003 -0.067339 0.960380 -0.756094 -1
1 0.622012 4.347314 0.060775 0.100139 0.789936 -1
1 0.459314 4.176087 0.064402 0.211198 0.899885 -1
1 0.251655 4.063505 0.066787 0.350797 0.970134 -1
1 0.019362 4.020591 0.067696 0.505272 0.993806 -1
1 -0.214825 4.051541 0.067041 0.659502 0.968584 -1
1 -0.427985 4.153330 0.064884 0.798389 0.896937 -1
1 -0.599250 4.315991 0.061439 0.908338 0.785879 -1
1 -0.711856 4.523604 0.057041 0.978587 0.646280 -1
1 -0.754781 4.755844 0.052121 1.002259 0.491805 -1
1 -0.723822 4.989980 0.047161 0.977037 0.337575 -1
1 -0.622011 5.203092 0.042647 0.905390 0.198688 -1
1 -0.459313 5.374318 0.039020 0.794331 0.088739 -1
1 -0.251654 5.486899 0.036635 0.654732 0.018490 -1
1 -0.019362 5.529814 0.035726 0.500257 -0.005182 -1
1 0.214826 5.498862 0.036382 0.346028 0.020040 -1
1 0.427985 5.397075 0.038538 0.207141 0.091687 -1
1 0.599250 5.234413 0.041984 0.097191 0.202745 -1
1 0.711857 5.026801 0.046382 0.026943 0.342345 -1
1 0.754781 4.794560 0.051301 0.003270 0.496820 -1
1 0.723823 4.560425 0.056261 0.028492 0.651049 -1
1 0.754781 4.794560 0.051301 0.485539 0.710023 -1
1 0.711857 5.026801 0.046382 0.309082 0.694001 -1
1 0.711856 5.027452 0.077084 0.308587 0.715527 -1
1 0.754781 4.795211 0.082004 0.485045 0.731548 -1
1 0.599250 5.234413 0.041984 0.151338 0.657936 -1
1 0.599250 5.235064 0.072686 0.150843 0.679461 -1
1 0.599250 5.234413 0.041984 0.342064 0.927467 -1
1 0.427985 5.397075 0.038538 0.394643 0.808406 -1
1 0.427985 5.397725 0.069241 0.373117 0.799413 -1
1 0.599250 5.235064 0.072686 0.320539 0.918475 -1
1 0.214826 5.498862 0.036382 0.458588 0.659596 -1
1 0.214826 5.499513 0.067085 0.437063 0.650604 -1
1 -0.019362 5.529814 0.035726 0.527640 0.495604 -1
1 -0.019362 5.530464 0.066429 0.506115 0.486611 -1
1 -0.251654 5.486899 0.036635 0.595041 0.332482 -1
1 -0.251654 5.487549 0.067338 0.573516 0.323489 -1
1 -0.459313 5.374318 0.039020 0.654192 0.186198 -1
1 -0.459313 5.374969 0.069723 0.632667 0.177205 -1
1 -0.622011 5.203092 0.042647 0.699302 0.071072 -1
1 -0.622011 5.203742 0.073350 0.677777 0.062079 -1
1 -0.622011 5.203092 0.042647 0.824864 0.300698 -1
1 -0.723822 4.989980 0.047161 0.662942 0.274042 -1
1 -0.723822 4.990630 0.077864 0.663436 0.295567 -1
1 -0.622011 5.203742 0.073350 0.825359 0.322223 -1
1 -0.754781 4.755844 0.052121 0.485045 0.268452 -1
1 -0.754781 4.756495 0.082824 0.485539 0.289977 -1
1 -0.711856 4.523604 0.057041 0.308588 0.284473 -1
1 -0.711856 4.524255 0.087744 0.309082 0.305999 -1
1 -0.599250 4.315991 0.061439 0.150843 0.320539 -1
1 -0.599250 4.316642 0.092142 0.151337 0.342064 -1
1 -0.599250 4.315991 0.061439 0.320539 0.081525 -1
1 -0.427985 4.153330 0.064884 0.373117 0.200587 -1
1 -0.427985 4.153981 0.095587 0.394643 0.191594 -1
1 -0.599250 4.316642 0.092142 0.342064 0.072532 -1
1 -0.214825 4.051541 0.067041 0.437063 0.349397 -1
1 -0.214825 4.052192 0.097743 0.458588 0.340404 -1
1 0.019362 4.020591 0.067696 0.506115 0.513389 -1
1 0.019362 4.021240 0.098399 0.527640 0.504396 -1
1 0.251655 4.063505 0.066787 0.573516 0.676511 -1
1 0.251655 4.064156 0.097490 0.595041 0.667518 -1
1 0.459314 4.176087 0.064402 0.632667 0.822794 -1
1 0.459314 4.176737 0.095105 0.654192 0.813802 -1
1 0.622012 4.347314 0.060775 0.677777 0.937921 -1
1 0.622012 4.347963 0.091478 0.699303 0.928928 -1
1 0.622012 4.347314 0.060775 0.825358 0.677777 -1
1 0.723823 4.560425 0.056261 0.663436 0.704433 -1
1 0.723823 4.561075 0.086964 0.662942 0.725958 -1
1 0.622012 4.347963 0.091478 0.824864 0.699303 -1
109
0.861170 0.016157 -0.508060
0.249790 -0.008452 -0.968263
0.379940 -0.009945 -0.924958
0.922517 0.017750 -0.385549
-0.507814 -0.028104 -0.861008
-0.385224 -0.031819 -0.922274
-0.708906 -0.031272 -0.704610
-0.708822 -0.034876 -0.704525
-0.884170 -0.467157 0.002688
-0.489894 -0.822478 0.289021
-0.922517 -0.017753 0.385549
-0.999548 -0.029887 0.003256
-0.235849 -0.329501 0.914224
-0.379940 0.009935 0.924958
0.351316 -0.722330 0.595664
0.385224 0.031788 0.922275
0.967832 0.031293 0.249643
0.924526 0.035023 0.379506
0.379840 -0.011796 -0.924977
0.922409 0.017053 -0.385839
-0.385280 -0.033750 -0.922182
-0.708809 -0.039094 -0.704316
-0.922408 -0.017068 0.385839
-0.999621 -0.027302 0.003618
-0.379840 0.011791 0.924977
0.385280 0.033725 0.922183
0.924610 0.035899 0.379221
0.324089 0.727206 -0.605093
0.966447 0.019372 -0.256133
-0.249301 0.310918 -0.917158
-0.340020 0.879125 -0.333956
-0.966448 -0.019372 0.256132
-0.999667 -0.025574 0.003581
-0.502658 0.005415 0.864468
0.255581 0.027029 0.966410
0.864104 0.032811 0.502242
0.000000 -1.000000 0.000000
-0.025644 0.999447 -0.021162
-0.025643 0.999447 -0.021159
-0.025642 0.999447 -0.021154
-0.025638 0.999447 -0.021167
-0.025627 0.999447 -0.021178
0.000000 -0.021178 -0.999776
-0.000001 -0.021177 -0.999776
-0.000000 -0.021178 -0.999776
0.000000 -0.021177 -0.999776
-0.000000 -0.021178 -0.999776
-0.000001 -0.021180 -0.999776
0.000000 -0.021179 -0.999776
0.000002 -0.021178 -0.999776
0.000000 -0.021178 -0.999776
-0.000001 -0.021178 -0.999776
-0.000000 -0.021178 -0.999776
0.000000 -0.021178 -0.999776
-0.000000 -0.021178 -0.999776
-0.000000 -0.021179 -0.999776
0.000000 -0.021178 -0.999776
0.000001 -0.021177 -0.999776
0.000001 -0.021178 -0.999776
0.000002 -0.021178 -0.999776
0.000001 -0.021178 -0.999776
0.000001 -0.021179 -0.999776
0.996929 0.078295 -0.001658
0.923936 0.382462 -0.008101
0.959080 0.283071 -0.005995
0.999633 -0.027089 0.000575
0.879071 0.476584 -0.010096
0.879071 0.476584 -0.010095
0.688741 0.724845 -0.015356
0.522622 0.852373 -0.018057
0.609489 0.792616 -0.016791
0.688741 0.724845 -0.015355
0.233587 0.972118 -0.020593
0.334671 0.942124 -0.019958
-0.078312 0.996706 -0.021104
0.027095 0.999409 -0.021171
-0.382546 0.923730 -0.019549
-0.283132 0.958866 -0.020293
-0.649336 0.760331 -0.016107
-0.565648 0.824462 -0.017457
-0.725007 0.688587 -0.014586
-0.725007 0.688587 -0.014587
-0.902356 0.430895 -0.009127
-0.972336 0.233535 -0.004947
-0.942335 0.334597 -0.007088
-0.902356 0.430895 -0.009126
-0.996929 -0.078296 0.001659
-0.999633 0.027089 -0.000573
-0.923936 -0.382461 0.008100
-0.959080 -0.283071 0.005996
-0.879072 -0.476581 0.010094
-0.688740 -0.724846 0.015365
-0.522625 -0.852371 0.018073
-0.609490 -0.792615 0.016807
-0.688739 -0.724847 0.015354
-0.233587 -0.972118 0.020583
-0.334675 -0.942122 0.019967
0.078313 -0.996706 0.021093
-0.027094 -0.999409 0.021151
0.382548 -0.923728 0.019559
0.283134 -0.958866 0.020302
0.649337 -0.760331 0.016084
0.565650 -0.824461 0.017449
0.725007 -0.688587 0.014567
0.725007 -0.688587 0.014566
0.902356 -0.430895 0.009123
0.972336 -0.233536 0.004948
0.942334 -0.334598 0.007085
0.902356 -0.430895 0.009116
118
1 0 1 2 0 1 2 1
1 2 3 0 2 3 0 1
1 1 4 5 1 4 5 1
1 5 2 1 5 2 1 1
1 4 6 7 4 6 7 1
1 7 5 4 7 5 4 1
1 8 9 10 8 9 10 1
1 10 11 8 10 11 8 1
1 9 12 13 9 12 13 1
1 13 10 9 13 10 9 1
1 12 14 15 12 14 15 1
1 15 13 12 15 13 12 1
1 14 16 17 14 16 17 1
1 17 15 14 17 15 14 1
1 16 0 3 16 0 3 1
1 3 17 16 3 17 16 1
1 3 2 18 3 2 18 1
1 18 19 3 18 19 3 1
1 2 5 20 2 5 20 1
1 20 18 2 20 18 2 1
1 5 7 21 5 7 21 1
1 21 20 5 21 20 5 1
1 11 10 22 11 10 22 1
1 22 23 11 22 23 11 1
1 10 13 24 10 13 24 1
1 24 22 10 24 22 10 1
1 13 15 25 13 15 25 1
1 25 24 13 25 24 13 1
1 15 17 26 15 17 26 1
1 26 25 15 26 25 15 1
1 17 3 19 17 3 19 1
1 19 26 17 19 26 17 1
1 19 18 27 19 18 27 1
1 27 28 19 27 28 19 1
1 18 20 29 18 20 29 1
1 29 27 18 29 27 18 1
1 20 21 30 20 21 30 1
1 30 29 20 30 29 20 1
1 23 22 31 23 22 31 1
1 31 32 23 31 32 23 1
1 22 24 33 22 24 33 1
1 33 31 22 33 31 22 1
1 24 25 34 24 25 34 1
1 34 33 24 34 33 24 1
1 25 26 35 25 26 35 1
1 35 34 25 35 34 25 1
1 26 19 28 26 19 28 1
1 28 35 26 28 35 26 1
1 14 12 9 14 12 9 1
1 9 8 36 9 8 36 1
1 36 37 38 36 36 36 1
1 9 36 38 9 36 36 1
1 14 9 38 14 9 36 1
1 39 14 38 36 14 36 1
1 27 29 30 27 29 30 1
1 30 40 41 30 37 38 1
1 41 42 43 38 39 40 1
1 30 41 43 30 38 40 1
1 27 30 43 27 30 40 1
1 44 27 43 41 27 40 1
1 45 46 47 42 43 44 1
1 47 48 49 44 45 46 1
1 49 50 51 46 47 48 1
1 47 49 51 44 46 48 1
1 51 52 53 48 49 50 1
1 53 54 55 50 51 52 1
1 51 53 55 48 50 52 1
1 55 56 57 52 53 54 1
1 57 58 59 54 55 56 1
1 55 57 59 52 54 56 1
1 59 60 61 56 57 58 1
1 61 62 63 58 59 60 1
1 59 61 63 56 58 60 1
1 55 59 63 52 56 60 1
1 51 55 63 48 52 60 1
1 47 51 63 44 48 60 1
1 45 47 63 42 44 60 1
1 64 45 63 61 42 60 1
1 65 66 67 62 63 64 1
1 67 68 65 64 65 62 1
1 66 69 70 63 66 67 1
1 70 67 66 67 64 63 1
1 71 72 73 68 69 70 1
1 73 74 71 70 71 68 1
1 72 75 76 69 72 73 1
1 76 73 72 73 70 69 1
1 75 77 78 72 74 75 1
1 78 76 75 75 73 72 1
1 77 79 80 74 76 77 1
1 80 78 77 77 75 74 1
1 79 81 82 76 78 79 1
1 82 80 79 79 77 76 1
1 81 83 84 78 80 81 1
1 84 82 81 81 79 78 1
1 85 86 87 82 83 84 1
1 87 88 85 84 85 82 1
1 86 89 90 83 86 87 1
1 90 87 86 87 84 83 1
1 89 91 92 86 88 89 1
1 92 90 89 89 87 86 1
1 91 93 94 88 90 90 1
1 94 92 91 90 89 88 1
1 95 96 97 91 92 93 1
1 97 98 95 93 94 91 1
1 96 99 100 92 95 96 1
1 100 97 96 96 93 92 1
1 99 101 102 95 97 98 1
1 102 100 99 98 96 95 1
1 101 103 104 97 99 100 1
1 104 102 101 100 98 97 1
1 103 105 106 99 101 102 1
1 106 104 103 102 100 99 1
1 105 107 108 101 103 104 1
1 108 106 105 104 102 101 1
1 109 110 111 105 106 107 1
1 111 112 109 107 108 105 1
1 110 65 68 106 62 65 1
1 68 111 110 65 107 106 1
"Cylinder02" 1 1
41
1 0.754781 4.794560 0.051301 0.001019 0.500000 -1
1 0.711857 5.026801 0.046382 0.051199 0.500000 -1
1 0.599250 5.234413 0.041984 0.101182 0.500000 -1
1 0.427985 5.397075 0.038538 0.150973 0.500000 -1
1 0.214826 5.498862 0.036382 0.200593 0.500000 -1
1 -0.019362 5.529814 0.035726 0.250081 0.500000 -1
1 -0.251654 5.486899 0.036635 0.299485 0.500000 -1
1 -0.459313 5.374318 0.039020 0.348863 0.500000 -1
1 -0.622011 5.203092 0.042647 0.398272 0.500000 -1
1 -0.723822 4.989980 0.047161 0.447769 0.500000 -1
1 -0.754781 4.755844 0.052121 0.497403 0.500000 -1
1 -0.711856 4.523604 0.057041 0.547210 0.500000 -1
1 -0.599250 4.315991 0.061439 0.597211 0.500000 -1
1 -0.427985 4.153330 0.064884 0.647408 0.500000 -1
1 -0.214825 4.051541 0.067041 0.697783 0.500000 -1
1 0.019362 4.020591 0.067696 0.748301 0.500000 -1
1 0.251655 4.063505 0.066787 0.798910 0.500000 -1
1 0.459314 4.176087 0.064402 0.849548 0.500000 -1
1 0.622012 4.347314 0.060775 0.900151 0.500000 -1
1 0.723823 4.560425 0.056261 0.950658 0.500000 -1
1 0.723823 4.560425 0.056261 -0.049342 0.500000 -1
1 0.754781 4.795211 0.082004 0.995117 0.540125 -1
1 0.711856 5.027452 0.077084 0.984998 0.384174 -1
1 0.599250 5.235064 0.072686 0.927183 0.238984 -1
1 0.427985 5.397725 0.069241 0.827332 0.118765 -1
1 0.214826 5.499513 0.067085 0.695218 0.035286 -1
1 -0.019362 5.530464 0.066429 0.543773 -0.003282 -1
1 -0.251654 5.487549 0.067338 0.387823 0.006837 -1
1 -0.459313 5.374969 0.069723 0.242633 0.064651 -1
1 -0.622011 5.203742 0.073350 0.122414 0.164503 -1
1 -0.723822 4.990630 0.077864 0.038935 0.296617 -1
1 -0.754781 4.756495 0.082824 0.000367 0.448061 -1
1 -0.711856 4.524255 0.087744 0.010485 0.604011 -1
1 -0.599250 4.316642 0.092142 0.068300 0.749202 -1
1 -0.427985 4.153981 0.095587 0.168152 0.869421 -1
1 -0.214825 4.052192 0.097743 0.300266 0.952900 -1
1 0.019362 4.021240 0.098399 0.451710 0.991468 -1
1 0.251655 4.064156 0.097490 0.607660 0.981349 -1
1 0.459314 4.176737 0.095105 0.752851 0.923534 -1
1 0.622012 4.347963 0.091478 0.873070 0.823683 -1
1 0.723823 4.561075 0.086964 0.956549 0.691569 -1
21
0.000000 0.000000 0.000000
-0.000001 0.021178 0.999776
-0.000002 0.021178 0.999776
-0.000001 0.021178 0.999776
-0.000001 0.021177 0.999776
-0.000000 0.021178 0.999776
0.000000 0.021179 0.999776
-0.000000 0.021178 0.999776
0.000000 0.021178 0.999776
-0.000001 0.021179 0.999776
-0.000002 0.021179 0.999776
-0.000001 0.021178 0.999776
-0.000002 0.021178 0.999776
-0.000001 0.021178 0.999776
-0.000001 0.021178 0.999776
-0.000000 0.021178 0.999776
0.000000 0.021179 0.999776
-0.000000 0.021178 0.999776
-0.000000 0.021178 0.999776
-0.000000 0.021178 0.999776
-0.000002 0.021179 0.999776
58
1 0 1 1 0 0 0 1
1 1 0 0 0 0 0 1
1 1 2 2 0 0 0 1
1 2 1 1 0 0 0 1
1 2 3 3 0 0 0 1
1 3 2 2 0 0 0 1
1 3 4 4 0 0 0 1
1 4 3 3 0 0 0 1
1 4 5 5 0 0 0 1
1 5 4 4 0 0 0 1
1 5 6 6 0 0 0 1
1 6 5 5 0 0 0 1
1 6 7 7 0 0 0 1
1 7 6 6 0 0 0 1
1 7 8 8 0 0 0 1
1 8 7 7 0 0 0 1
1 8 9 9 0 0 0 1
1 9 8 8 0 0 0 1
1 9 10 10 0 0 0 1
1 10 9 9 0 0 0 1
1 10 11 11 0 0 0 1
1 11 10 10 0 0 0 1
1 11 12 12 0 0 0 1
1 12 11 11 0 0 0 1
1 12 13 13 0 0 0 1
1 13 12 12 0 0 0 1
1 13 14 14 0 0 0 1
1 14 13 13 0 0 0 1
1 14 15 15 0 0 0 1
1 15 14 14 0 0 0 1
1 15 16 16 0 0 0 1
1 16 15 15 0 0 0 1
1 16 17 17 0 0 0 1
1 17 16 16 0 0 0 1
1 17 18 18 0 0 0 1
1 18 17 17 0 0 0 1
1 18 19 19 0 0 0 1
1 19 18 18 0 0 0 1
1 20 0 0 0 0 0 1
1 0 20 20 0 0 0 1
1 21 22 23 1 2 3 1
1 23 24 25 3 4 5 1
1 25 26 27 5 6 7 1
1 23 25 27 3 5 7 1
1 27 28 29 7 8 9 1
1 29 30 31 9 10 11 1
1 27 29 31 7 9 11 1
1 31 32 33 11 12 13 1
1 33 34 35 13 14 15 1
1 31 33 35 11 13 15 1
1 35 36 37 15 16 17 1
1 37 38 39 17 18 19 1
1 35 37 39 15 17 19 1
1 31 35 39 11 15 19 1
1 27 31 39 7 11 19 1
1 23 27 39 3 7 19 1
1 21 23 39 1 3 19 1
1 40 21 39 20 1 19 1

Materials: 3
"_2_-_Default"
0.584314 0.584314 0.584314 1.000000
0.584314 0.584314 0.584314 1.000000
0.894118 0.894118 0.894118 1.000000
0.000000 0.000000 0.000000 1.000000
125.440002
1.000000
"ROSTY_17.tga"
""
"_1_-_Default"
0.584314 0.584314 0.584314 1.000000
0.584314 0.584314 0.584314 1.000000
0.894118 0.894118 0.894118 1.000000
0.000000 0.000000 0.000000 1.000000
125.440002
1.000000
"SIGN_6.tga"
""
"Material"
0.117647 0.117647 0.117647 1.000000
0.752941 0.752941 0.752941 1.000000
0.752941 0.752941 0.752941 1.000000
0.000000 0.000000 0.000000 1.000000
125.440002
1.000000
""
""

Bones: 0
GroupComments: 0
MaterialComments: 0
BoneComments: 0
ModelComment: 0
