// MilkShape 3D ASCII

Frames: 30
Frame: 1

Meshes: 2
"Object0111" 1 0
85
1 -0.458760 8.780869 1.501738 0.914356 0.632923 -1
1 0.004587 8.780535 1.574907 0.935501 0.499371 -1
1 -0.877440 8.781422 1.288205 0.852646 0.753601 -1
1 -1.209537 8.782129 0.956814 0.756877 0.849323 -1
1 -1.422902 8.782932 0.538165 0.635891 0.910822 -1
1 -1.496369 8.783745 0.074410 0.501869 0.931998 -1
1 -1.423386 8.784494 -0.389403 0.367831 0.910963 -1
1 -1.210466 8.785099 -0.807643 0.246963 0.849591 -1
1 -0.878715 8.785507 -1.139874 0.150951 0.753970 -1
1 -0.460269 8.785675 -1.353159 0.089313 0.633358 -1
1 0.003002 8.785587 -1.426692 0.068063 0.499827 -1
1 0.002774 8.545822 -1.654080 1.320039 -0.926998 -1
1 0.003002 8.785587 -1.426692 1.319957 -1.021155 -1
1 0.466753 8.785254 -1.353523 1.180190 -1.021023 -1
1 0.536497 8.545437 -1.569387 1.180379 -0.926847 -1
1 0.885022 8.784704 -1.140568 1.040418 -1.020807 -1
1 1.018238 8.544804 -1.324113 1.040591 -0.926598 -1
1 1.217125 8.783993 -0.808600 0.900492 -1.020528 -1
1 1.400398 8.543987 -0.942493 0.900835 -0.926277 -1
1 1.430487 8.783192 -0.390527 0.760571 -1.020214 -1
1 1.645934 8.543064 -0.460902 0.760868 -0.925914 -1
1 1.504362 8.782377 0.073227 0.620641 -1.019893 -1
1 1.730821 8.542128 0.072733 0.620973 -0.925547 -1
1 1.430978 8.781630 0.537040 0.480892 -1.019600 -1
1 1.646495 8.541265 0.607013 0.481087 -0.925209 -1
1 1.218058 8.781023 0.955857 0.341362 -1.019361 -1
1 1.401469 8.540567 1.088221 0.341693 -0.924935 -1
1 0.886307 8.780615 1.287510 0.202382 -1.019202 -1
1 1.019718 8.540096 1.470717 0.202512 -0.924750 -1
1 0.468262 8.780447 1.501373 0.063556 -1.019135 -1
1 0.538230 8.539904 1.716373 0.063578 -0.924674 -1
1 0.004587 8.780535 1.574907 -0.075075 -1.019170 -1
1 0.004596 8.540007 1.800907 -0.075157 -0.924714 -1
1 -0.458760 8.780869 1.501738 -0.213643 -1.019301 -1
1 -0.529129 8.540390 1.716792 -0.213935 -0.924865 -1
1 -0.877440 8.781422 1.288205 -0.352727 -1.019518 -1
1 -1.010462 8.541021 1.471519 -0.352904 -0.925113 -1
1 -1.209537 8.782129 0.956814 -0.491921 -1.019796 -1
1 -1.393027 8.541842 1.089322 -0.492350 -0.925435 -1
1 -1.422902 8.782932 0.538165 -0.631709 -1.020111 -1
1 -1.638564 8.542765 0.608309 -0.631954 -0.925797 -1
1 -1.496369 8.783745 0.074410 -0.771722 -1.020431 -1
1 -1.723048 8.543699 0.074097 -0.772055 -0.926165 -1
1 -1.423386 8.784494 -0.389403 -0.911898 -1.020725 -1
1 -1.639127 8.544561 -0.459607 -0.912145 -0.926503 -1
1 -1.210466 8.785099 -0.807643 -1.052020 -1.020963 -1
1 -1.394098 8.545261 -0.941393 -1.052267 -0.926777 -1
1 -0.878715 8.785507 -1.139874 -1.192092 -1.021123 -1
1 -1.011942 8.545729 -1.323313 -1.192217 -0.926961 -1
1 -0.460269 8.785675 -1.353159 -1.332067 -1.021189 -1
1 -0.530865 8.545923 -1.568967 -1.331985 -0.927037 -1
1 0.003002 8.785587 -1.426692 -1.471750 -1.021155 -1
1 0.002774 8.545822 -1.654080 -1.471668 -0.926998 -1
1 0.885022 8.784704 -1.140568 0.150750 0.245599 -1
1 0.466753 8.785254 -1.353523 0.089208 0.366158 -1
1 1.217125 8.783993 -0.808600 0.246687 0.149876 -1
1 1.430487 8.783192 -0.390527 0.367506 0.088377 -1
1 1.504362 8.782377 0.073227 0.501528 0.067085 -1
1 1.430978 8.781630 0.537040 0.635566 0.088235 -1
1 1.218058 8.781023 0.955857 0.756601 0.149607 -1
1 0.886307 8.780615 1.287510 0.852446 0.245229 -1
1 0.468262 8.780447 1.501373 0.914251 0.365723 -1
1 -0.000194 2.053291 -1.665025 -1.470907 1.622624 -1
1 -0.533831 2.053391 -1.579912 -1.332131 1.622585 -1
1 -0.533831 2.053391 -1.579912 1.459575 1.622585 -1
1 -0.530865 8.545923 -1.568967 1.459721 -0.927037 -1
1 0.533528 2.052905 -1.580331 1.181971 1.622776 -1
1 -0.000194 2.053291 -1.665025 1.320799 1.622624 -1
1 1.015273 2.052272 -1.335058 1.042862 1.623024 -1
1 1.397426 2.051455 -0.953437 0.903564 1.623345 -1
1 1.642962 2.050531 -0.471848 0.763789 1.623708 -1
1 1.727852 2.049594 0.061789 0.623797 1.624076 -1
1 1.643529 2.048733 0.596069 0.483534 1.624414 -1
1 1.398497 2.048036 1.077276 0.343525 1.624688 -1
1 1.016746 2.047566 1.459773 0.203548 1.624872 -1
1 0.535261 2.047373 1.705428 0.063723 1.624948 -1
1 0.001628 2.047475 1.789964 -0.075917 1.624908 -1
1 -0.532098 2.047859 1.705848 -0.215526 1.624757 -1
1 -1.013434 2.048492 1.460573 -0.355173 1.624509 -1
1 -1.395996 2.049309 1.078377 -0.495078 1.624187 -1
1 -1.641532 2.050231 0.597364 -0.634874 1.623825 -1
1 -1.726020 2.051169 0.063151 -0.774879 1.623457 -1
1 -1.642096 2.052030 -0.470552 -0.914592 1.623119 -1
1 -1.397067 2.052728 -0.952336 -1.054098 1.622845 -1
1 -1.014914 2.053197 -1.334256 -1.193254 1.622661 -1
106
0.000451 0.999998 0.001706
0.000456 0.999998 0.001684
0.000456 0.999998 0.001689
0.000458 0.999999 0.001679
0.000457 0.999998 0.001683
0.000456 0.999998 0.001683
0.000457 0.999998 0.001684
0.000458 0.999999 0.001682
0.000456 0.999998 0.001683
0.000457 0.999998 0.001683
0.000455 0.999998 0.001683
0.114604 0.683205 -0.721177
0.114230 0.683570 -0.720891
0.188268 0.686993 -0.701852
0.261384 0.686639 -0.678384
0.396362 0.686500 -0.609602
0.458280 0.686573 -0.564444
0.565341 0.686517 -0.457257
0.610450 0.686424 -0.395187
0.679390 0.686064 -0.260280
0.703266 0.685792 -0.187368
0.727069 0.685532 -0.037630
0.727075 0.685439 0.039181
0.703306 0.685357 0.188802
0.679622 0.685265 0.261774
0.610911 0.684917 0.397085
0.565840 0.684867 0.459110
0.458835 0.684972 0.565937
0.396874 0.684994 0.610961
0.261847 0.684701 0.680162
0.188629 0.684336 0.704346
0.038855 0.684288 0.728176
-0.037760 0.684343 0.728182
-0.187589 0.684612 0.704356
-0.260628 0.684912 0.680418
-0.395625 0.685116 0.611634
-0.457621 0.685111 0.566751
-0.564908 0.685218 0.459733
-0.610032 0.685402 0.397599
-0.678817 0.685831 0.262381
-0.702534 0.686011 0.189302
-0.726438 0.686084 0.039708
-0.726518 0.686164 -0.036752
-0.702874 0.686471 -0.186349
-0.679093 0.686704 -0.259364
-0.610257 0.687006 -0.394474
-0.565171 0.686965 -0.456794
-0.458086 0.686811 -0.564311
-0.396135 0.686733 -0.609487
-0.261124 0.686936 -0.678184
-0.188273 0.687292 -0.701558
-0.114599 0.683329 -0.721060
-0.146362 0.368352 -0.918093
0.000453 0.999998 0.001690
0.000456 0.999998 0.001684
0.000456 0.999998 0.001686
0.000458 0.999998 0.001683
0.000457 0.999998 0.001684
0.000456 0.999998 0.001684
0.000460 0.999998 0.001682
0.000457 0.999998 0.001683
0.000453 0.999998 0.001684
0.000460 0.999998 0.001683
0.000458 0.999998 0.001683
-0.157504 0.001737 -0.987517
-0.000396 0.001686 -0.999999
-0.157505 0.001737 -0.987517
0.358627 0.001410 -0.933480
0.156724 0.001593 -0.987641
0.258539 0.001510 -0.966000
0.629176 0.001023 -0.777262
0.543947 0.001166 -0.839118
0.838663 0.000534 -0.544650
0.776555 0.000707 -0.630050
0.965887 -0.000005 -0.258964
0.933302 0.000178 -0.359093
0.998640 -0.000544 0.052135
0.998576 -0.000367 -0.053350
0.933569 -0.001031 0.358395
0.966142 -0.000876 0.258009
0.777368 -0.001416 0.629045
0.839151 -0.001301 0.543897
0.544887 -0.001663 0.838508
0.630266 -0.001597 0.776378
0.258636 -0.001747 0.965973
0.359072 -0.001738 0.933308
-0.052200 -0.001659 0.998635
0.052992 -0.001708 0.998594
-0.358516 -0.001410 0.933522
-0.257963 -0.001511 0.966154
-0.629381 -0.001022 0.777097
-0.544203 -0.001165 0.838953
-0.838525 -0.000535 0.544862
-0.776547 -0.000707 0.630058
-0.966002 0.000006 0.258534
-0.933291 -0.000179 0.359120
-0.998644 0.000545 -0.052051
-0.998598 0.000368 0.052936
-0.933752 0.001030 -0.357919
-0.966281 0.000876 -0.257488
-0.776928 0.001417 -0.629588
-0.839097 0.001301 -0.543980
-0.544725 0.001663 -0.838613
-0.629686 0.001598 -0.776848
-0.454772 0.001709 -0.890607
-0.454773 0.001709 -0.890606
98
1 0 1 2 0 1 2 1
1 3 2 1 3 2 1 1
1 3 1 4 3 1 4 1
1 5 4 1 5 4 1 1
1 5 1 6 5 1 6 1
1 7 6 1 7 6 1 1
1 7 1 8 7 1 8 1
1 9 8 1 9 8 1 1
1 9 1 10 9 1 10 1
1 11 12 13 11 12 13 1
1 11 13 14 11 13 14 1
1 14 13 15 14 13 15 1
1 14 15 16 14 15 16 1
1 16 15 17 16 15 17 1
1 16 17 18 16 17 18 1
1 18 17 19 18 17 19 1
1 18 19 20 18 19 20 1
1 20 19 21 20 19 21 1
1 20 21 22 20 21 22 1
1 22 21 23 22 21 23 1
1 22 23 24 22 23 24 1
1 24 23 25 24 23 25 1
1 24 25 26 24 25 26 1
1 26 25 27 26 25 27 1
1 26 27 28 26 27 28 1
1 28 27 29 28 27 29 1
1 28 29 30 28 29 30 1
1 30 29 31 30 29 31 1
1 30 31 32 30 31 32 1
1 32 31 33 32 31 33 1
1 32 33 34 32 33 34 1
1 34 33 35 34 33 35 1
1 34 35 36 34 35 36 1
1 36 35 37 36 35 37 1
1 36 37 38 36 37 38 1
1 38 37 39 38 37 39 1
1 38 39 40 38 39 40 1
1 40 39 41 40 39 41 1
1 40 41 42 40 41 42 1
1 42 41 43 42 41 43 1
1 42 43 44 42 43 44 1
1 44 43 45 44 43 45 1
1 44 45 46 44 45 46 1
1 46 45 47 46 45 47 1
1 46 47 48 46 47 48 1
1 48 47 49 48 47 49 1
1 48 49 50 48 49 50 1
1 50 49 51 50 49 51 1
1 50 51 52 50 51 52 1
1 53 54 55 53 54 55 1
1 56 55 54 56 55 54 1
1 56 54 57 56 54 57 1
1 58 57 54 58 57 54 1
1 58 54 59 59 60 60 2
1 60 59 54 61 60 60 2
1 60 54 61 62 54 63 1
1 1 61 54 1 63 54 1
1 1 54 10 1 54 10 1
1 62 63 52 64 64 52 1
1 11 64 65 65 66 66 2
1 66 67 14 67 68 69 2
1 14 67 11 69 68 65 2
1 68 66 16 70 67 71 2
1 16 66 14 71 67 69 2
1 69 68 18 72 70 73 2
1 18 68 16 73 70 71 2
1 70 69 20 74 72 75 2
1 20 69 18 75 72 73 2
1 71 70 22 76 74 77 2
1 22 70 20 77 74 75 2
1 72 71 24 78 76 79 2
1 24 71 22 79 76 77 2
1 73 72 26 80 78 81 2
1 26 72 24 81 78 79 2
1 74 73 28 82 80 83 2
1 28 73 26 83 80 81 2
1 75 74 30 84 82 85 2
1 30 74 28 85 82 83 2
1 76 75 32 86 84 87 2
1 32 75 30 87 84 85 2
1 77 76 34 88 86 89 2
1 34 76 32 89 86 87 2
1 78 77 36 90 88 91 2
1 36 77 34 91 88 89 2
1 79 78 38 92 90 93 2
1 38 78 36 93 90 91 2
1 80 79 40 94 92 95 2
1 40 79 38 95 92 93 2
1 81 80 42 96 94 97 2
1 42 80 40 97 94 95 2
1 82 81 44 98 96 99 2
1 44 81 42 99 96 97 2
1 83 82 46 100 98 101 2
1 46 82 44 101 98 99 2
1 84 83 48 102 100 103 2
1 48 83 46 103 100 101 2
1 63 84 50 104 102 105 2
1 50 84 48 105 102 103 2
"Object0112" 1 1
757
1 -0.147747 0.636628 -0.229793 -0.273532 1.002343 -1
1 0.051153 0.636591 -0.261639 -0.460627 1.002302 -1
1 -0.148050 -0.035407 -0.230925 -0.273755 0.269859 -1
1 0.050844 -0.035444 -0.262772 -0.460187 0.269819 -1
1 -0.290037 0.636454 -0.087657 -0.086316 1.002153 -1
1 -0.290344 -0.035580 -0.088790 -0.087112 0.269670 -1
1 -0.321659 0.636133 0.111617 0.101693 1.001803 -1
1 -0.321965 -0.035901 0.110482 0.100622 0.269320 -1
1 -0.230044 0.635790 0.290624 0.288753 1.001430 -1
1 -0.230347 -0.036244 0.289491 0.287824 0.268946 -1
1 -0.050606 0.635553 0.382384 0.475564 1.001171 -1
1 -0.050916 -0.036481 0.381252 0.475124 0.268688 -1
1 0.148281 0.635516 0.350542 0.661953 1.001131 -1
1 0.147978 -0.036518 0.349409 0.662177 0.268648 -1
1 0.290575 0.635690 0.208405 0.848437 1.001320 -1
1 0.290271 -0.036345 0.207272 0.849234 0.268837 -1
1 0.321794 0.636012 0.009133 1.036004 1.001671 -1
1 0.321487 -0.036023 0.008000 1.037073 0.269188 -1
1 0.230584 0.636356 -0.170454 1.223318 1.002047 -1
1 0.230278 -0.035678 -0.171586 1.224246 0.269563 -1
1 0.051153 0.636591 -0.261639 1.410142 1.002302 -1
1 0.050844 -0.035444 -0.262772 1.410582 0.269819 -1
1 -0.000194 2.053291 -1.665025 0.500857 -0.565863 -1
1 0.051153 0.636591 -0.261639 0.461225 0.193485 -1
1 -0.147747 0.636628 -0.229793 0.614743 0.193465 -1
1 -0.533831 2.053391 -1.579912 0.912737 -0.565917 -1
1 0.533528 2.052905 -1.580331 0.088910 -0.565656 -1
1 1.015273 2.052272 -1.335058 -0.282916 -0.565317 -1
1 0.230584 0.636356 -0.170454 0.322733 0.193611 -1
1 1.397426 2.051455 -0.953437 -0.577879 -0.564879 -1
1 1.642962 2.050531 -0.471848 0.912406 -0.564384 -1
1 0.321794 0.636012 0.009133 0.541167 0.193796 -1
1 0.230584 0.636356 -0.170454 0.679779 0.193611 -1
1 1.397426 2.051455 -0.953437 1.284114 -0.564879 -1
1 1.727852 2.049594 0.061789 0.500525 -0.563882 -1
1 1.643529 2.048733 0.596069 0.088148 -0.563420 -1
1 0.290575 0.635690 0.208405 0.387362 0.193968 -1
1 1.398497 2.048036 1.077276 -0.283265 -0.563047 -1
1 1.016746 2.047566 1.459773 -0.578491 -0.562795 -1
1 0.148281 0.635516 0.350542 0.277655 0.194061 -1
1 0.535261 2.047373 1.705428 0.912427 -0.562691 -1
1 0.148281 0.635516 0.350542 0.613742 0.194061 -1
1 1.016746 2.047566 1.459773 1.284055 -0.562795 -1
1 0.001628 2.047475 1.789964 0.500549 -0.562746 -1
1 -0.050606 0.635553 0.382384 0.460233 0.194041 -1
1 -0.532098 2.047859 1.705848 0.088600 -0.562952 -1
1 -1.013434 2.048492 1.460573 -0.282913 -0.563291 -1
1 -0.230044 0.635790 0.290624 0.321737 0.193914 -1
1 -1.395996 2.049309 1.078377 1.284114 -0.563729 -1
1 -0.230044 0.635790 0.290624 0.676098 0.193914 -1
1 -1.013434 2.048492 1.460573 1.579108 -0.563291 -1
1 -1.641532 2.050231 0.597364 0.912851 -0.564223 -1
1 -0.321659 0.636133 0.111617 0.537934 0.193731 -1
1 -1.726020 2.051169 0.063151 0.500526 -0.564726 -1
1 -1.642096 2.052030 -0.470552 0.088594 -0.565187 -1
1 -0.290037 0.636454 -0.087657 0.384126 0.193558 -1
1 -1.397067 2.052728 -0.952336 -0.283265 -0.565562 -1
1 -1.014914 2.053197 -1.334256 1.284055 -0.565813 -1
1 -0.290037 0.636454 -0.087657 0.724569 0.193558 -1
1 -1.397067 2.052728 -0.952336 1.579015 -0.565562 -1
1 -0.406097 0.315952 -0.063317 0.465119 0.819470 -1
1 -0.413824 0.315950 -0.059271 0.456173 0.819473 -1
1 -0.413844 0.263721 -0.047229 0.456150 0.879940 -1
1 -0.406117 0.261828 -0.051278 0.465096 0.882133 -1
1 -0.406068 0.370352 -0.051096 0.465153 0.756488 -1
1 -0.413794 0.368451 -0.047052 0.456208 0.758689 -1
1 -0.406028 0.413958 -0.016368 0.465199 0.706003 -1
1 -0.413755 0.410476 -0.013483 0.456253 0.710035 -1
1 -0.405989 0.437920 0.033920 0.534755 0.467804 -1
1 -0.413722 0.433807 0.035072 0.543708 0.469138 -1
1 -0.413755 0.410476 -0.013483 0.543747 0.412923 -1
1 -0.406028 0.413958 -0.016368 0.534801 0.409583 -1
1 -0.405959 0.437825 0.089943 0.534721 0.532665 -1
1 -0.413692 0.433716 0.088786 0.543674 0.531325 -1
1 -0.405946 0.413694 0.140152 0.534706 0.590795 -1
1 -0.413679 0.410222 0.137262 0.543659 0.587448 -1
1 -0.405946 0.369972 0.174731 0.534706 0.756928 -1
1 -0.413679 0.368085 0.170689 0.543659 0.759113 -1
1 -0.413679 0.410222 0.137262 0.543659 0.710329 -1
1 -0.405946 0.413694 0.140152 0.534706 0.706308 -1
1 -0.405965 0.315531 0.186768 0.534729 0.819957 -1
1 -0.413695 0.315541 0.182730 0.543678 0.819945 -1
1 -0.405995 0.261448 0.174548 0.534763 0.882573 -1
1 -0.413725 0.263355 0.170512 0.543712 0.880364 -1
1 -0.406035 0.217842 0.139822 0.534809 0.933057 -1
1 -0.413764 0.221331 0.136944 0.543758 0.929018 -1
1 -0.406071 0.193880 0.089533 0.465149 0.532190 -1
1 -0.413801 0.197998 0.088388 0.456200 0.530864 -1
1 -0.413764 0.221331 0.136944 0.456242 0.587080 -1
1 -0.406035 0.217842 0.139822 0.465191 0.590412 -1
1 -0.406101 0.193975 0.033509 0.465115 0.467328 -1
1 -0.413830 0.198088 0.034674 0.456166 0.468677 -1
1 -0.406117 0.218105 -0.016698 0.465096 0.409200 -1
1 -0.413844 0.221585 -0.013801 0.456150 0.412554 -1
1 -0.413844 0.221585 -0.013801 0.456150 0.928724 -1
1 -0.406117 0.218105 -0.016698 0.465096 0.932752 -1
1 -0.406101 0.315967 -0.071980 0.654803 0.819453 -1
1 -0.406097 0.315952 -0.063317 0.644773 0.819470 -1
1 -0.406117 0.261828 -0.051278 0.630835 0.882133 -1
1 -0.406120 0.258043 -0.058793 0.639536 0.886515 -1
1 -0.406068 0.374161 -0.058598 0.639309 0.752078 -1
1 -0.406068 0.370352 -0.051096 0.630624 0.756488 -1
1 -0.406028 0.420610 -0.021556 0.596424 0.698301 -1
1 -0.406028 0.413958 -0.016368 0.590417 0.706003 -1
1 -0.405985 0.446465 0.032201 0.534186 0.668368 -1
1 -0.405989 0.437920 0.033920 0.532196 0.678262 -1
1 -0.405956 0.446365 0.091690 0.465312 0.668484 -1
1 -0.405959 0.437825 0.089943 0.467335 0.678371 -1
1 -0.405939 0.420329 0.145360 0.403176 0.698627 -1
1 -0.405946 0.413694 0.140152 0.409205 0.706308 -1
1 -0.405942 0.373755 0.182246 0.360471 0.752548 -1
1 -0.405946 0.369972 0.174731 0.369172 0.756928 -1
1 -0.405962 0.315517 0.195431 0.345205 0.819974 -1
1 -0.405965 0.315531 0.186768 0.355236 0.819957 -1
1 -0.405995 0.257637 0.182050 0.360698 0.886984 -1
1 -0.405995 0.261448 0.174548 0.369383 0.882573 -1
1 -0.406035 0.211189 0.145008 0.403583 0.940760 -1
1 -0.406035 0.217842 0.139822 0.409588 0.933057 -1
1 -0.406074 0.185334 0.091251 0.465821 0.970693 -1
1 -0.406071 0.193880 0.089533 0.467810 0.960799 -1
1 -0.406107 0.185434 0.031762 0.534695 0.970578 -1
1 -0.406101 0.193975 0.033509 0.532672 0.960689 -1
1 -0.406124 0.211470 -0.021908 0.596831 0.940435 -1
1 -0.406117 0.218105 -0.016698 0.590800 0.932752 -1
1 -0.413834 0.315978 -0.076598 0.543838 0.819439 -1
1 -0.406101 0.315967 -0.071980 0.534885 0.819453 -1
1 -0.406120 0.258043 -0.058793 0.534908 0.886515 -1
1 -0.413853 0.256154 -0.062836 0.543861 0.888701 -1
1 -0.413804 0.376071 -0.062634 0.543804 0.749868 -1
1 -0.406068 0.374161 -0.058598 0.534847 0.752078 -1
1 -0.413758 0.424100 -0.024434 0.543750 0.694262 -1
1 -0.406028 0.420610 -0.021556 0.534801 0.698301 -1
1 -0.413715 0.450583 0.031056 0.456299 0.464488 -1
1 -0.405985 0.446465 0.032201 0.465249 0.465814 -1
1 -0.406028 0.420610 -0.021556 0.465199 0.403576 -1
1 -0.413758 0.424100 -0.024434 0.456250 0.400245 -1
1 -0.413682 0.450480 0.092857 0.456337 0.536038 -1
1 -0.405956 0.446365 0.091690 0.465283 0.534688 -1
1 -0.413666 0.423809 0.148258 0.456356 0.600179 -1
1 -0.405939 0.420329 0.145360 0.465302 0.596824 -1
1 -0.413672 0.375651 0.186295 0.456349 0.750353 -1
1 -0.405942 0.373755 0.182246 0.465298 0.752548 -1
1 -0.405939 0.420329 0.145360 0.465302 0.698627 -1
1 -0.413666 0.423809 0.148258 0.456356 0.694599 -1
1 -0.413685 0.315512 0.200056 0.456334 0.819979 -1
1 -0.405962 0.315517 0.195431 0.465275 0.819974 -1
1 -0.413722 0.255735 0.186095 0.456292 0.889187 -1
1 -0.405995 0.257637 0.182050 0.465237 0.886984 -1
1 -0.413764 0.207708 0.147893 0.456242 0.944790 -1
1 -0.406035 0.211189 0.145008 0.465191 0.940760 -1
1 -0.413807 0.181223 0.092404 0.543808 0.535513 -1
1 -0.406074 0.185334 0.091251 0.534855 0.534179 -1
1 -0.406035 0.211189 0.145008 0.534809 0.596417 -1
1 -0.413764 0.207708 0.147893 0.543758 0.599757 -1
1 -0.413837 0.181327 0.030605 0.543842 0.463965 -1
1 -0.406107 0.185434 0.031762 0.534893 0.465305 -1
1 -0.413857 0.207998 -0.024798 0.543865 0.399822 -1
1 -0.406124 0.211470 -0.021908 0.534912 0.403169 -1
1 -0.406124 0.211470 -0.021908 0.534912 0.940435 -1
1 -0.413857 0.207998 -0.024798 0.543865 0.944453 -1
1 -0.421171 0.258050 -0.058788 0.552333 0.886507 -1
1 -0.421152 0.315973 -0.071974 0.552311 0.819445 -1
1 -0.421119 0.374168 -0.058592 0.552272 0.752070 -1
1 -0.421079 0.420617 -0.021550 0.552227 0.698293 -1
1 -0.421079 0.420617 -0.021550 0.447773 0.403583 -1
1 -0.421040 0.446471 0.032208 0.447819 0.465821 -1
1 -0.421007 0.446372 0.091696 0.447857 0.534695 -1
1 -0.420990 0.420336 0.145366 0.447876 0.596831 -1
1 -0.420990 0.420336 0.145366 0.447876 0.698619 -1
1 -0.420990 0.373762 0.182251 0.447876 0.752540 -1
1 -0.421010 0.315523 0.195437 0.447853 0.819966 -1
1 -0.421043 0.257644 0.182056 0.447815 0.886976 -1
1 -0.421086 0.211196 0.145014 0.447766 0.940752 -1
1 -0.421086 0.211196 0.145014 0.552234 0.596424 -1
1 -0.421125 0.185341 0.091257 0.552280 0.534186 -1
1 -0.421158 0.185441 0.031768 0.552318 0.465313 -1
1 -0.421175 0.211477 -0.021902 0.552337 0.403176 -1
1 -0.421175 0.211477 -0.021902 0.552337 0.940427 -1
1 -0.421171 0.258050 -0.058788 0.360471 0.886507 -1
1 -0.421165 0.261835 -0.051272 0.369172 0.882125 -1
1 -0.421148 0.315959 -0.063311 0.355234 0.819462 -1
1 -0.421152 0.315973 -0.071974 0.345204 0.819445 -1
1 -0.421115 0.370359 -0.051090 0.369383 0.756480 -1
1 -0.421119 0.374168 -0.058592 0.360698 0.752070 -1
1 -0.421079 0.413965 -0.016362 0.409590 0.705995 -1
1 -0.421079 0.420617 -0.021550 0.403583 0.698293 -1
1 -0.421040 0.437926 0.033926 0.467810 0.678254 -1
1 -0.421040 0.446471 0.032208 0.465821 0.668360 -1
1 -0.421010 0.437832 0.089949 0.532672 0.678363 -1
1 -0.421007 0.446372 0.091696 0.534695 0.668476 -1
1 -0.420997 0.413701 0.140159 0.590802 0.706300 -1
1 -0.420990 0.420336 0.145366 0.596831 0.698619 -1
1 -0.421000 0.369979 0.174737 0.630835 0.756920 -1
1 -0.420990 0.373762 0.182251 0.639536 0.752540 -1
1 -0.421017 0.315538 0.186774 0.644771 0.819949 -1
1 -0.421010 0.315523 0.195437 0.654801 0.819966 -1
1 -0.421050 0.261455 0.174555 0.630624 0.882565 -1
1 -0.421043 0.257644 0.182056 0.639309 0.886976 -1
1 -0.421086 0.217849 0.139828 0.590419 0.933049 -1
1 -0.421086 0.211196 0.145014 0.596424 0.940752 -1
1 -0.421122 0.193887 0.089538 0.532196 0.960791 -1
1 -0.421125 0.185341 0.091257 0.534186 0.970685 -1
1 -0.421152 0.193982 0.033516 0.467335 0.960681 -1
1 -0.421158 0.185441 0.031768 0.465313 0.970570 -1
1 -0.421168 0.218112 -0.016692 0.409207 0.932744 -1
1 -0.421175 0.211477 -0.021902 0.403176 0.940427 -1
1 -0.421165 0.261835 -0.051272 0.447674 0.882125 -1
1 -0.421148 0.315959 -0.063311 0.447693 0.819462 -1
1 -0.421115 0.370359 -0.051090 0.447731 0.756480 -1
1 -0.421079 0.413965 -0.016362 0.447773 0.705995 -1
1 -0.421079 0.413965 -0.016362 0.552227 0.409590 -1
1 -0.421040 0.437926 0.033926 0.552181 0.467810 -1
1 -0.421010 0.437832 0.089949 0.552146 0.532672 -1
1 -0.420997 0.413701 0.140159 0.552131 0.590802 -1
1 -0.420997 0.413701 0.140159 0.552131 0.706300 -1
1 -0.421000 0.369979 0.174737 0.552135 0.756920 -1
1 -0.421017 0.315538 0.186774 0.552154 0.819949 -1
1 -0.421050 0.261455 0.174555 0.552192 0.882565 -1
1 -0.421086 0.217849 0.139828 0.552234 0.933049 -1
1 -0.421086 0.217849 0.139828 0.447766 0.590419 -1
1 -0.421122 0.193887 0.089538 0.447724 0.532196 -1
1 -0.421152 0.193982 0.033516 0.447689 0.467335 -1
1 -0.421168 0.218112 -0.016692 0.447670 0.409207 -1
1 -0.421168 0.218112 -0.016692 0.447670 0.932744 -1
1 -0.412219 0.256448 -0.049553 0.458031 0.371162 -1
1 -0.419949 0.256451 -0.049550 0.449082 0.371166 -1
1 -0.372282 0.310377 0.044089 0.504269 0.479577 -1
1 -0.364555 0.310373 0.044086 0.513215 0.479573 -1
1 -0.373099 0.302146 0.046963 0.496677 0.482904 -1
1 -0.419949 0.249799 -0.045518 0.550918 0.375834 -1
1 -0.412219 0.249797 -0.045521 0.541969 0.375830 -1
1 -0.364555 0.303721 0.048118 0.486786 0.484241 -1
1 -0.419949 0.256451 -0.049550 0.371166 0.888357 -1
1 -0.419949 0.249799 -0.045518 0.375834 0.896058 -1
1 -0.373099 0.302146 0.046963 0.482904 0.835454 -1
1 -0.372282 0.310377 0.044089 0.479577 0.825925 -1
1 -0.412219 0.249797 -0.045521 0.624170 0.896062 -1
1 -0.412219 0.256448 -0.049553 0.628838 0.888361 -1
1 -0.364555 0.310373 0.044086 0.520427 0.825929 -1
1 -0.364555 0.303721 0.048118 0.515759 0.833630 -1
1 -0.412160 0.382369 -0.045297 0.458100 0.376090 -1
1 -0.419886 0.382372 -0.045294 0.449154 0.376093 -1
1 -0.373086 0.329673 0.047009 0.503338 0.482958 -1
1 -0.364545 0.328085 0.048157 0.513226 0.484287 -1
1 -0.372278 0.321451 0.044106 0.495727 0.479596 -1
1 -0.419893 0.375734 -0.049349 0.550853 0.371399 -1
1 -0.412163 0.375731 -0.049353 0.541904 0.371394 -1
1 -0.364548 0.321447 0.044104 0.486778 0.479594 -1
1 -0.373086 0.329673 0.047009 0.482958 0.803585 -1
1 -0.419886 0.382372 -0.045294 0.376093 0.742572 -1
1 -0.419893 0.375734 -0.049349 0.371399 0.750257 -1
1 -0.372278 0.321451 0.044106 0.479596 0.813104 -1
1 -0.364545 0.328085 0.048157 0.515713 0.805423 -1
1 -0.364548 0.321447 0.044104 0.520406 0.813108 -1
1 -0.412163 0.375731 -0.049353 0.628606 0.750261 -1
1 -0.412160 0.382369 -0.045297 0.623910 0.742576 -1
1 -0.412193 0.189823 0.057762 0.541938 0.965496 -1
1 -0.419919 0.189827 0.057765 0.550884 0.965492 -1
1 -0.372282 0.298014 0.057929 0.495731 0.840237 -1
1 -0.364552 0.298011 0.057927 0.486782 0.840242 -1
1 -0.372278 0.298001 0.065437 0.504273 0.840253 -1
1 -0.419919 0.189814 0.065275 0.449116 0.965507 -1
1 -0.412190 0.189810 0.065271 0.458065 0.965511 -1
1 -0.364548 0.297997 0.065433 0.513222 0.840257 -1
1 -0.372282 0.298014 0.057929 0.495600 0.840237 -1
1 -0.419919 0.189827 0.057765 0.495410 0.965492 -1
1 -0.372278 0.298001 0.065437 0.504292 0.840253 -1
1 -0.419919 0.189814 0.065275 0.504105 0.965507 -1
1 -0.412193 0.189823 0.057762 0.504593 0.965496 -1
1 -0.364552 0.298011 0.057927 0.504402 0.840242 -1
1 -0.412190 0.189810 0.065271 0.495899 0.965511 -1
1 -0.364548 0.297997 0.065433 0.495712 0.840257 -1
1 -0.412107 0.249435 0.168754 0.541839 0.623909 -1
1 -0.419834 0.249438 0.168758 0.550785 0.623913 -1
1 -0.373079 0.302097 0.075840 0.496654 0.516337 -1
1 -0.364542 0.303676 0.075262 0.486770 0.515667 -1
1 -0.372265 0.310319 0.078743 0.504288 0.519697 -1
1 -0.419830 0.256077 0.172813 0.449219 0.628608 -1
1 -0.412101 0.256074 0.172810 0.458168 0.628604 -1
1 -0.364535 0.310314 0.078739 0.513237 0.519693 -1
1 -0.373079 0.302097 0.075840 0.516337 0.835511 -1
1 -0.419834 0.249438 0.168758 0.623913 0.896477 -1
1 -0.419830 0.256077 0.172813 0.628608 0.888790 -1
1 -0.372265 0.310319 0.078743 0.519697 0.825992 -1
1 -0.412101 0.256074 0.172810 0.371396 0.888794 -1
1 -0.412107 0.249435 0.168754 0.376091 0.896480 -1
1 -0.364542 0.303676 0.075262 0.484333 0.833683 -1
1 -0.364535 0.310314 0.078739 0.480307 0.825997 -1
1 -0.412045 0.375357 0.173010 0.541767 0.628836 -1
1 -0.419774 0.375360 0.173014 0.550716 0.628841 -1
1 -0.372259 0.321393 0.078759 0.495704 0.519716 -1
1 -0.364529 0.321388 0.078757 0.486755 0.519714 -1
1 -0.373069 0.329623 0.075888 0.503357 0.516392 -1
1 -0.419774 0.382011 0.168982 0.449284 0.624172 -1
1 -0.412045 0.382008 0.168978 0.458233 0.624168 -1
1 -0.364529 0.328039 0.075304 0.513245 0.515717 -1
1 -0.419774 0.375360 0.173014 0.628841 0.750690 -1
1 -0.419774 0.382011 0.168982 0.624172 0.742990 -1
1 -0.373069 0.329623 0.075888 0.516392 0.803642 -1
1 -0.372259 0.321393 0.078759 0.519716 0.813171 -1
1 -0.364529 0.321388 0.078757 0.480286 0.813176 -1
1 -0.364529 0.328039 0.075304 0.484283 0.805476 -1
1 -0.412045 0.382008 0.168978 0.375832 0.742994 -1
1 -0.412045 0.375357 0.173010 0.371164 0.750694 -1
1 -0.412074 0.441981 0.065695 0.458199 0.673559 -1
1 -0.419804 0.441984 0.065699 0.449250 0.673555 -1
1 -0.372262 0.333755 0.065497 0.504292 0.798859 -1
1 -0.364532 0.333750 0.065495 0.513241 0.798864 -1
1 -0.372265 0.333768 0.057989 0.495712 0.798844 -1
1 -0.419804 0.441998 0.058190 0.550750 0.673540 -1
1 -0.412077 0.441994 0.058186 0.541805 0.673544 -1
1 -0.364535 0.333764 0.057986 0.486763 0.798849 -1
1 -0.372262 0.333755 0.065497 0.504362 0.798859 -1
1 -0.419804 0.441984 0.065699 0.504596 0.673555 -1
1 -0.372265 0.333768 0.057989 0.495670 0.798844 -1
1 -0.419804 0.441998 0.058190 0.495902 0.673540 -1
1 -0.412074 0.441981 0.065695 0.495408 0.673559 -1
1 -0.364532 0.333750 0.065495 0.495640 0.798864 -1
1 -0.412077 0.441994 0.058186 0.504102 0.673544 -1
1 -0.364535 0.333764 0.057986 0.504334 0.798849 -1
1 -0.374295 0.315691 0.083372 0.525057 0.819772 -1
1 -0.374295 0.337559 0.061462 0.499690 0.794454 -1
1 -0.374318 0.294213 0.061388 0.499605 0.844638 -1
1 -0.374318 0.315764 0.040055 0.474907 0.819687 -1
1 -0.330789 0.315744 0.040038 0.447692 0.819710 -1
1 -0.330795 0.300545 0.046366 0.447700 0.837307 -1
1 -0.373099 0.302146 0.046963 0.496677 0.835454 -1
1 -0.374318 0.315764 0.040055 0.498088 0.819687 -1
1 -0.373086 0.329673 0.047009 0.496662 0.803585 -1
1 -0.330779 0.331237 0.046418 0.447681 0.801773 -1
1 -0.330769 0.337539 0.061444 0.552330 0.499671 -1
1 -0.330779 0.331237 0.046418 0.552319 0.482273 -1
1 -0.374295 0.337559 0.061462 0.501938 0.499690 -1
1 -0.330766 0.331186 0.077027 0.552334 0.517711 -1
1 -0.330769 0.315671 0.083354 0.552330 0.819795 -1
1 -0.330766 0.331186 0.077027 0.552334 0.801833 -1
1 -0.373069 0.329623 0.075888 0.503357 0.803642 -1
1 -0.374295 0.315691 0.083372 0.501938 0.819772 -1
1 -0.373079 0.302097 0.075840 0.503346 0.835511 -1
1 -0.330779 0.300494 0.076978 0.552319 0.837367 -1
1 -0.330789 0.294193 0.061371 0.447692 0.499585 -1
1 -0.330779 0.300494 0.076978 0.447681 0.517654 -1
1 -0.374318 0.294213 0.061388 0.498088 0.499605 -1
1 -0.330795 0.300545 0.046366 0.447700 0.482213 -1
1 1.924575 0.018975 -0.017374 -0.218147 0.741762 -1
1 1.698142 2.102258 -0.013773 0.768061 0.770404 -1
1 1.849866 2.102188 -0.013832 0.762423 0.669703 -1
1 2.075887 0.018907 -0.017433 -0.223770 0.641332 -1
1 1.849945 2.101932 0.138067 0.763747 0.695663 -1
1 1.698221 2.102001 0.138128 0.769385 0.796364 -1
1 1.924651 0.018720 0.134526 -0.216823 0.767723 -1
1 2.075973 0.018651 0.134466 -0.222446 0.667291 -1
1 1.849866 2.102188 -0.013832 0.762621 0.673261 -1
1 1.849945 2.101932 0.138067 0.768887 0.788000 -1
1 2.075887 0.018907 -0.017433 -0.215372 0.792189 -1
1 2.075973 0.018651 0.134466 -0.209106 0.906928 -1
1 1.924575 0.018975 -0.017374 -0.208856 0.908671 -1
1 1.924651 0.018720 0.134526 -0.215362 0.793962 -1
1 1.698142 2.102258 -0.013773 0.768835 0.784303 -1
1 1.698221 2.102001 0.138128 0.762329 0.669593 -1
1 0.892142 -0.012954 -1.632471 -0.233176 0.742870 -1
1 0.782975 2.105086 -1.445770 0.768830 0.760201 -1
1 0.858966 2.105272 -1.576905 0.763405 0.661148 -1
1 0.967734 -0.012769 -1.763608 -0.238602 0.643817 -1
1 0.990393 2.105085 -1.501299 0.767942 0.744259 -1
1 0.914399 2.104899 -1.370160 0.773368 0.843314 -1
1 1.023579 0.021991 -1.564311 -0.212461 0.818306 -1
1 1.099171 0.022177 -1.695448 -0.217887 0.719253 -1
1 0.858966 2.105272 -1.576905 0.768447 0.751724 -1
1 0.990393 2.105085 -1.501299 0.763503 0.664501 -1
1 1.099171 0.022177 -1.695448 -0.218183 0.713930 -1
1 0.967734 -0.012769 -1.763608 -0.229730 0.803210 -1
1 0.782975 2.105086 -1.445770 0.771643 0.810733 -1
1 1.023579 0.021991 -1.564311 -0.215001 0.772670 -1
1 0.914399 2.104899 -1.370160 0.766700 0.723511 -1
1 0.892142 -0.012954 -1.632471 -0.226548 0.861951 -1
1 -1.025309 0.022925 -1.563505 -0.213436 0.792862 -1
1 -0.914429 2.105732 -1.369439 0.772343 0.817812 -1
1 -0.990159 2.105988 -1.500517 0.766952 0.718799 -1
1 -1.101039 0.023180 -1.694582 -0.218827 0.693850 -1
1 -0.858814 2.106055 -1.576230 0.765248 0.687611 -1
1 -0.783084 2.105800 -1.445153 0.770639 0.786622 -1
1 -0.888267 0.022979 -1.632866 -0.214879 0.766471 -1
1 -0.963994 0.023235 -1.764521 -0.220294 0.667022 -1
1 -0.990159 2.105988 -1.500517 0.764397 0.672906 -1
1 -0.858814 2.106055 -1.576230 0.769282 0.760080 -1
1 -0.963994 0.023235 -1.764521 -0.212230 0.811889 -1
1 -1.101039 0.023180 -1.694582 -0.217319 0.720931 -1
1 -0.914429 2.105732 -1.369439 0.766599 0.714627 -1
1 -0.888267 0.022979 -1.632866 -0.210029 0.853608 -1
1 -0.783084 2.105800 -1.445153 0.771484 0.801801 -1
1 -1.025309 0.022925 -1.563505 -0.215117 0.762652 -1
1 -1.923777 0.020475 0.136044 -0.217428 0.741942 -1
1 -1.696666 2.103549 0.139465 0.768708 0.771050 -1
1 -1.847981 2.103618 0.139525 0.763150 0.670611 -1
1 -2.075501 0.020544 0.136103 -0.223001 0.641233 -1
1 -1.848064 2.103874 -0.012373 0.764714 0.696541 -1
1 -1.696742 2.103805 -0.012433 0.770272 0.796981 -1
1 -1.923860 0.020731 -0.015857 -0.215864 0.767872 -1
1 -2.075584 0.020799 -0.015796 -0.221437 0.667163 -1
1 -1.847981 2.103618 0.139525 0.763029 0.668444 -1
1 -1.848064 2.103874 -0.012373 0.769535 0.783152 -1
1 -2.075501 0.020544 0.136103 -0.214572 0.792665 -1
1 -2.075584 0.020799 -0.015796 -0.208066 0.907373 -1
1 -1.923777 0.020475 0.136044 -0.208184 0.908012 -1
1 -1.923860 0.020731 -0.015857 -0.214450 0.793273 -1
1 -1.696666 2.103549 0.139465 0.769705 0.788960 -1
1 -1.696742 2.103805 -0.012433 0.763439 0.674223 -1
1 -0.882412 0.017278 1.752811 -0.219024 0.740415 -1
1 -0.781492 2.100721 1.571462 0.766518 0.755723 -1
1 -0.857084 2.100535 1.702600 0.760918 0.656690 -1
1 -0.958409 0.017092 1.883948 -0.224625 0.641383 -1
1 -0.988508 2.100722 1.626991 0.765631 0.739782 -1
1 -0.912920 2.100908 1.495854 0.771232 0.838814 -1
1 -1.023592 0.017461 1.682402 -0.214531 0.819579 -1
1 -1.099187 0.017273 1.814117 -0.220157 0.720111 -1
1 -0.857084 2.100535 1.702600 0.766278 0.752992 -1
1 -0.988508 2.100722 1.626991 0.761511 0.665750 -1
1 -0.958409 0.017092 1.883948 -0.215384 0.807396 -1
1 -1.099187 0.017273 1.814117 -0.220500 0.713945 -1
1 -0.781492 2.100721 1.571462 0.769635 0.811713 -1
1 -0.882412 0.017278 1.752811 -0.212012 0.866386 -1
1 -0.912920 2.100908 1.495854 0.764867 0.724468 -1
1 -1.023592 0.017461 1.682402 -0.217143 0.772666 -1
1 1.025293 0.016527 1.681596 -0.216383 0.794244 -1
1 0.915908 2.100075 1.495132 0.769424 0.813409 -1
1 0.992044 2.099819 1.626210 0.763793 0.714426 -1
1 1.101020 0.016270 1.813251 -0.222038 0.694825 -1
1 0.860699 2.099752 1.701923 0.762026 0.683245 -1
1 0.784567 2.100007 1.570845 0.767656 0.782228 -1
1 0.883770 0.016479 1.748072 -0.217753 0.770038 -1
1 0.959497 0.016223 1.879149 -0.223384 0.671056 -1
1 0.992044 2.099819 1.626210 0.761447 0.672273 -1
1 0.860699 2.099752 1.701923 0.766268 0.759455 -1
1 0.959497 0.016223 1.879149 -0.215341 0.815542 -1
1 1.101020 0.016270 1.813251 -0.220547 0.721605 -1
1 0.915908 2.100075 1.495132 0.763903 0.714233 -1
1 0.883770 0.016479 1.748072 -0.212899 0.857231 -1
1 0.784567 2.100007 1.570845 0.768724 0.801415 -1
1 1.025293 0.016527 1.681596 -0.218106 0.763294 -1
1 -0.337685 0.185134 0.191721 0.499752 0.413125 -1
1 -0.253892 0.185096 0.191687 0.596764 0.413169 -1
1 -0.337566 0.446166 0.192160 0.499890 0.110915 -1
1 -0.253770 0.446126 0.192128 0.596905 0.110960 -1
1 -0.254027 0.185535 -0.068793 0.403392 0.412661 -1
1 -0.337823 0.185573 -0.068761 0.500408 0.412617 -1
1 -0.253909 0.446565 -0.068355 0.403255 0.110452 -1
1 -0.337708 0.446604 -0.068322 0.500274 0.110407 -1
1 -0.337685 0.185134 0.191721 0.500248 0.650499 -1
1 -0.337823 0.185573 -0.068761 0.500408 0.348925 -1
1 -0.253892 0.185096 0.191687 0.403236 0.650459 -1
1 -0.254027 0.185535 -0.068793 0.403392 0.348887 -1
1 -0.337566 0.446166 0.192160 0.651008 0.110915 -1
1 -0.337708 0.446604 -0.068322 0.349433 0.110407 -1
1 -0.337685 0.185134 0.191721 0.650499 0.413125 -1
1 -0.337823 0.185573 -0.068761 0.348925 0.412617 -1
1 -0.253770 0.446126 0.192128 0.596905 0.650970 -1
1 -0.253909 0.446565 -0.068355 0.596745 0.349394 -1
1 -0.337566 0.446166 0.192160 0.499890 0.651008 -1
1 -0.337708 0.446604 -0.068322 0.499726 0.349433 -1
1 -0.592628 -0.009846 -1.761257 -1.819213 0.816212 -1
1 -0.001239 -0.009956 -1.855633 -2.082061 0.816268 -1
1 -0.592582 0.090768 -1.761086 -1.819209 0.764806 -1
1 -0.001193 0.090659 -1.855464 -2.082081 0.764863 -1
1 -0.001331 -0.009656 -2.034101 -2.082070 0.816115 -1
1 -0.647634 -0.009535 -1.931040 -1.819312 0.816053 -1
1 -0.001285 0.090959 -2.033931 -2.082088 0.764709 -1
1 -0.647588 0.091080 -1.930870 -1.819308 0.764648 -1
1 0.590658 -0.010385 -1.761724 2.915691 0.816487 -1
1 0.590704 0.089914 -1.761554 2.915649 0.765243 -1
1 -0.001239 -0.009956 -1.855633 3.178740 0.816268 -1
1 0.590704 0.089914 -1.761554 -2.345151 0.765243 -1
1 0.645482 -0.010125 -1.931549 2.915789 0.816354 -1
1 -0.001331 -0.009656 -2.034101 3.178730 0.816115 -1
1 0.645528 0.090175 -1.931381 2.915751 0.765110 -1
1 -0.001285 0.090959 -2.033931 3.178712 0.764709 -1
1 1.124074 -0.011085 -1.490478 2.652966 0.816845 -1
1 1.124120 0.089213 -1.490310 2.652906 0.765601 -1
1 1.228944 -0.010889 -1.634912 2.652929 0.816745 -1
1 1.228990 0.089409 -1.634743 2.652874 0.765501 -1
1 1.547743 -0.011992 -1.066713 2.389793 0.817308 -1
1 1.547789 0.088307 -1.066544 2.389721 0.766064 -1
1 1.692089 -0.011881 -1.171887 2.389843 0.817251 -1
1 1.692136 0.088418 -1.171718 2.389777 0.766007 -1
1 1.820153 -0.013015 -0.533153 2.126599 0.817831 -1
1 1.820199 0.087285 -0.532983 2.126522 0.766587 -1
1 1.989745 -0.012999 -0.588666 2.126715 0.817823 -1
1 1.989791 0.087300 -0.588496 2.126645 0.766579 -1
1 1.914021 -0.014053 0.058237 1.863492 0.818361 -1
1 1.914067 0.086246 0.058405 1.863418 0.767117 -1
1 2.092595 -0.014134 0.058165 1.863479 0.818403 -1
1 2.092638 0.086165 0.058335 1.863410 0.767159 -1
1 1.820775 -0.015007 0.650276 1.600151 0.818849 -1
1 1.820822 0.085292 0.650446 1.600086 0.767605 -1
1 1.990427 -0.015178 0.705078 1.600248 0.818935 -1
1 1.990473 0.085122 0.705246 1.600190 0.767691 -1
1 1.548932 -0.015782 1.184051 1.337002 0.819244 -1
1 1.548978 0.084517 1.184219 1.336955 0.768000 -1
1 1.693394 -0.016024 1.289111 1.336948 0.819368 -1
1 1.693434 0.084275 1.289280 1.336903 0.768124 -1
1 1.125711 -0.016301 1.607573 1.074031 0.819510 -1
1 1.125754 0.083998 1.607742 1.074003 0.768266 -1
1 1.230733 -0.016591 1.751922 1.074051 0.819658 -1
1 1.230780 0.083708 1.752093 1.074026 0.768414 -1
1 0.592579 -0.016515 1.879816 0.811191 0.819619 -1
1 0.592625 0.083783 1.879986 0.811187 0.768375 -1
1 0.647581 -0.016826 2.049597 0.811091 0.819778 -1
1 0.647627 0.083473 2.049765 0.811087 0.768534 -1
1 0.000784 -0.016403 1.973614 0.548142 0.819562 -1
1 0.000830 0.083896 1.973782 0.548163 0.768318 -1
1 0.000876 -0.016705 2.152659 0.548150 0.819716 -1
1 0.000923 0.083594 2.152827 0.548168 0.768472 -1
1 -0.590708 -0.015976 1.880282 0.285249 0.819344 -1
1 -0.590661 0.084323 1.880451 0.285290 0.768100 -1
1 -0.645528 -0.016236 2.050107 0.285351 0.819477 -1
1 -0.645482 0.084062 2.050274 0.285389 0.768233 -1
1 -1.124529 -0.015276 1.608461 0.022215 0.818986 -1
1 -1.124482 0.085023 1.608629 0.022274 0.767742 -1
1 -1.229399 -0.015470 1.752892 0.022207 0.819085 -1
1 -1.229353 0.084829 1.753062 0.022262 0.767841 -1
1 -1.548198 -0.014370 1.185272 -0.240783 0.818523 -1
1 -1.548151 0.085930 1.185440 -0.240711 0.767279 -1
1 -1.692544 -0.014480 1.290446 -0.240719 0.818579 -1
1 -1.692498 0.085819 1.290614 -0.240654 0.767335 -1
1 -1.820199 -0.013347 0.651712 -0.503878 0.818001 -1
1 -1.820159 0.086951 0.651880 -0.503802 0.766757 -1
1 -1.990203 -0.013361 0.706646 -0.504026 0.818008 -1
1 -1.990157 0.086938 0.706816 -0.503955 0.766764 -1
1 -1.914479 -0.012307 0.059746 -0.767234 0.817469 -1
1 -1.914433 0.088307 0.059916 -0.767160 0.766064 -1
1 -2.092638 -0.012225 0.059816 -0.767220 0.817427 -1
1 -2.092595 0.088389 0.059987 -0.767152 0.766022 -1
1 -1.820828 -0.011355 -0.531717 -1.030313 0.816983 -1
1 -1.820782 0.089259 -0.531546 -1.030248 0.765578 -1
1 -1.990881 -0.011183 -0.587095 -1.030379 0.816895 -1
1 -1.990842 0.089432 -0.586926 -1.030320 0.765490 -1
1 -1.549387 -0.010580 -1.065492 -1.293341 0.816587 -1
1 -1.549341 0.089719 -1.065324 -1.293294 0.765343 -1
1 -1.693842 -0.010337 -1.170552 -1.293401 0.816463 -1
1 -1.693796 0.089962 -1.170384 -1.293357 0.765219 -1
1 -1.126163 -0.010060 -1.489591 -1.556402 0.816321 -1
1 -1.126120 0.090239 -1.489423 -1.556374 0.765077 -1
1 -1.231188 -0.009767 -1.633942 -1.556378 0.816172 -1
1 -1.231142 0.090531 -1.633773 -1.556353 0.764928 -1
1 -0.647588 0.091080 -1.930870 -1.938879 -0.155574 -1
1 -0.592582 0.090768 -1.761086 -1.938762 -0.060884 -1
1 -0.001193 0.090659 -1.855464 -2.244604 -0.060857 -1
1 -0.001285 0.090959 -2.033931 -2.244613 -0.155762 -1
1 0.590704 0.089914 -1.761554 -2.550677 -0.062654 -1
1 0.590704 0.089914 -1.761554 -2.550677 -0.063632 -1
1 0.645528 0.090175 -1.931381 -2.550561 -0.149386 -1
1 0.645528 0.090175 -1.931381 3.570286 -0.155156 -1
1 0.590704 0.089914 -1.761554 3.570170 -0.057472 -1
1 1.124120 0.089213 -1.490310 3.264477 -0.058945 -1
1 1.228990 0.089409 -1.634743 3.264437 -0.155165 -1
1 1.547789 0.088307 -1.066544 2.958273 -0.061836 -1
1 1.692136 0.088418 -1.171718 2.958335 -0.155315 -1
1 1.820199 0.087285 -0.532983 2.652053 -0.058843 -1
1 1.989791 0.087300 -0.588496 2.652193 -0.155832 -1
1 1.914067 0.086246 0.058405 2.345944 -0.063377 -1
1 2.092638 0.086165 0.058335 2.345931 -0.157852 -1
1 1.820822 0.085292 0.650446 2.039564 -0.063347 -1
1 1.990473 0.085122 0.705246 2.039682 -0.156491 -1
1 1.548978 0.084517 1.184219 1.733410 -0.061366 -1
1 1.693434 0.084275 1.289280 1.733348 -0.157515 -1
1 1.125754 0.083998 1.607742 1.427458 -0.059932 -1
1 1.230780 0.083708 1.752093 1.427484 -0.156303 -1
1 0.592625 0.083783 1.879986 1.121658 -0.060436 -1
1 0.647627 0.083473 2.049765 1.121542 -0.157465 -1
1 0.000830 0.083896 1.973782 0.815611 -0.061073 -1
1 0.000923 0.083594 2.152827 0.815619 -0.156378 -1
1 -0.590661 0.084323 1.880451 0.509742 -0.060525 -1
1 -0.645482 0.084062 2.050274 0.509860 -0.156684 -1
1 -1.124482 0.085023 1.608629 0.203712 -0.059781 -1
1 -1.229353 0.084829 1.753062 0.203701 -0.157476 -1
1 -1.548151 0.085930 1.185440 -0.102273 -0.061321 -1
1 -1.692498 0.085819 1.290614 -0.102202 -0.154247 -1
1 -1.820159 0.086951 0.651880 -0.408371 -0.061467 -1
1 -1.990157 0.086938 0.706816 -0.408546 -0.155236 -1
1 -1.914433 0.088307 0.059916 -0.714773 -0.057093 -1
1 -2.092595 0.088389 0.059987 -0.714761 -0.156620 -1
1 -1.820782 0.089259 -0.531546 -1.020857 -0.059658 -1
1 -1.990842 0.089432 -0.586926 -1.020938 -0.155572 -1
1 -1.549341 0.089719 -1.065324 -1.326891 -0.061574 -1
1 -1.693796 0.089962 -1.170384 -1.326962 -0.155387 -1
1 -1.126120 0.090239 -1.489423 -1.632968 -0.062883 -1
1 -1.231142 0.090531 -1.633773 -1.632942 -0.156751 -1
1 -0.595979 2.027221 -1.772282 -1.933908 -0.571374 -1
1 -0.001058 2.025984 -1.591116 -2.242246 -0.312318 -1
1 -0.510780 2.026186 -1.509772 -1.933790 -0.312394 -1
1 -0.001203 2.026985 -1.867126 -2.242255 -0.571888 -1
1 0.509103 2.024910 -1.510175 -2.550935 -0.317234 -1
1 0.594045 2.025762 -1.772752 -2.550818 -0.554451 -1
1 0.509103 2.024910 -1.510175 -2.550935 -0.319909 -1
1 0.594045 2.025762 -1.772752 3.622344 -0.570230 -1
1 0.968854 2.023629 -1.276388 3.313921 -0.307090 -1
1 0.509103 2.024910 -1.510175 3.622227 -0.303060 -1
1 1.130993 2.024268 -1.499763 3.313881 -0.570255 -1
1 1.334022 2.021971 -0.911142 3.005100 -0.314997 -1
1 1.557216 2.022331 -1.073651 3.005163 -0.570664 -1
1 1.568814 2.020101 -0.451263 2.696263 -0.306809 -1
1 1.831144 2.020148 -0.536926 2.696404 -0.572078 -1
1 1.649720 2.018202 0.058458 2.387537 -0.319212 -1
1 1.925791 2.017931 0.058339 2.387524 -0.577605 -1
1 1.569351 2.016456 0.568740 2.078538 -0.319130 -1
1 1.831767 2.015895 0.653677 2.078657 -0.573883 -1
1 1.335047 2.015039 1.028803 1.769768 -0.313712 -1
1 1.558412 2.014241 1.191151 1.769706 -0.576683 -1
1 0.970264 2.014090 1.393839 1.461201 -0.309788 -1
1 1.132634 2.013133 1.617066 1.461227 -0.573368 -1
1 0.510760 2.013698 1.628487 1.152787 -0.311167 -1
1 0.595976 2.012674 1.891009 1.152670 -0.576545 -1
1 0.000689 2.013903 1.709332 0.844124 -0.312911 -1
1 0.000827 2.012910 1.985854 0.844132 -0.573574 -1
1 -0.509126 2.014685 1.628889 0.535641 -0.311411 -1
1 -0.594045 2.013824 1.891477 0.535760 -0.574410 -1
1 -0.969223 2.015965 1.394604 0.226996 -0.309376 -1
1 -1.131366 2.015323 1.617958 0.226985 -0.576577 -1
1 -1.334384 2.017622 1.029855 -0.081605 -0.313587 -1
1 -1.557591 2.017256 1.192379 -0.081533 -0.567745 -1
1 -1.568830 2.019492 0.569977 -0.390319 -0.313987 -1
1 -1.831517 2.019440 0.655121 -0.390495 -0.570449 -1
1 -1.650086 2.021683 0.059759 -0.699340 -0.302025 -1
1 -1.925791 2.021967 0.059858 -0.699327 -0.574234 -1
1 -1.569367 2.023425 -0.450025 -1.008039 -0.309039 -1
1 -1.832149 2.024003 -0.535481 -1.008121 -0.571369 -1
1 -1.335416 2.024554 -0.910090 -1.316689 -0.314279 -1
1 -1.558787 2.025346 -1.072424 -1.316761 -0.570861 -1
1 -0.970637 2.025505 -1.275623 -1.625382 -0.317861 -1
1 -1.133013 2.026458 -1.498871 -1.625356 -0.574594 -1
1 -0.510780 2.026186 -1.509772 -1.282408 0.112126 -1
1 -0.001058 2.025984 -1.591116 -1.485608 0.112255 -1
1 -0.510760 2.215437 -1.509698 -1.282405 -0.006111 -1
1 -0.001038 2.215236 -1.591043 -1.485623 -0.005982 -1
1 -0.001203 2.026985 -1.867126 -1.485615 0.111903 -1
1 -0.595979 2.027221 -1.772282 -1.282484 0.111761 -1
1 -0.001183 2.222468 -1.867049 -1.485629 -0.006335 -1
1 -0.595956 2.222704 -1.772205 -1.282482 -0.006477 -1
1 0.509103 2.024910 -1.510175 2.378006 0.112760 -1
1 0.509122 2.213873 -1.510102 2.377973 -0.005107 -1
1 -0.001058 2.025984 -1.591116 2.581361 0.112255 -1
1 0.509122 2.213873 -1.510102 -1.688995 -0.005107 -1
1 0.594045 2.025762 -1.772752 2.378082 0.112453 -1
1 -0.001203 2.026985 -1.867126 2.581354 0.111903 -1
1 0.594065 2.220937 -1.772674 2.378052 -0.005413 -1
1 -0.001183 2.222468 -1.867049 2.581340 -0.006335 -1
1 0.968854 2.023629 -1.276388 2.174901 0.113583 -1
1 0.968877 2.212593 -1.276315 2.174855 -0.004284 -1
1 1.130993 2.024268 -1.499763 2.174872 0.113352 -1
1 1.131013 2.219442 -1.499685 2.174830 -0.004514 -1
1 1.334022 2.021971 -0.911142 1.971450 0.114648 -1
1 1.334039 2.210934 -0.911070 1.971394 -0.003218 -1
1 1.557216 2.022331 -1.073651 1.971488 0.114518 -1
1 1.557235 2.217506 -1.073574 1.971437 -0.003349 -1
1 1.568814 2.020101 -0.451263 1.767982 0.115850 -1
1 1.568830 2.209064 -0.451190 1.767922 -0.002016 -1
1 1.831144 2.020148 -0.536926 1.768072 0.115831 -1
1 1.831164 2.215323 -0.536848 1.768017 -0.002035 -1
1 1.649720 2.018202 0.058458 1.564582 0.117070 -1
1 1.649740 2.207165 0.058530 1.564525 -0.000797 -1
1 1.925791 2.017931 0.058339 1.564572 0.117165 -1
1 1.925810 2.213107 0.058417 1.564519 -0.000701 -1
1 1.569351 2.016456 0.568740 1.361001 0.118191 -1
1 1.569367 2.205420 0.568814 1.360951 0.000325 -1
1 1.831767 2.015895 0.653677 1.361076 0.118391 -1
1 1.831787 2.211070 0.653755 1.361031 0.000524 -1
1 1.335047 2.015039 1.028803 1.157569 0.119102 -1
1 1.335063 2.204002 1.028876 1.157531 0.001235 -1
1 1.558412 2.014241 1.191151 1.157526 0.119386 -1
1 1.558432 2.209416 1.191228 1.157492 0.001519 -1
1 0.970264 2.014090 1.393839 0.954273 0.119712 -1
1 0.970284 2.203053 1.393912 0.954251 0.001846 -1
1 1.132634 2.013133 1.617066 0.954289 0.120053 -1
1 1.132657 2.208307 1.617144 0.954269 0.002187 -1
1 0.510760 2.013698 1.628487 0.751079 0.119964 -1
1 0.510777 2.202661 1.628560 0.751077 0.002097 -1
1 0.595976 2.012674 1.891009 0.751002 0.120329 -1
1 0.595996 2.207849 1.891086 0.750999 0.002463 -1
1 0.000689 2.013903 1.709332 0.547724 0.119832 -1
1 0.000708 2.202867 1.709404 0.547740 0.001965 -1
1 0.000827 2.012910 1.985854 0.547730 0.120187 -1
1 0.000850 2.208086 1.985931 0.547744 0.002320 -1
1 -0.509126 2.014685 1.628889 0.344489 0.119330 -1
1 -0.509103 2.203648 1.628962 0.344521 0.001464 -1
1 -0.594045 2.013824 1.891477 0.344568 0.119636 -1
1 -0.594022 2.209000 1.891554 0.344598 0.001770 -1
1 -0.969223 2.015965 1.394604 0.141145 0.118507 -1
1 -0.969203 2.204928 1.394677 0.141191 0.000640 -1
1 -1.131366 2.015323 1.617958 0.141139 0.118735 -1
1 -1.131342 2.210498 1.618037 0.141181 0.000869 -1
1 -1.334384 2.017622 1.029855 -0.062171 0.117442 -1
1 -1.334368 2.206586 1.029928 -0.062115 -0.000425 -1
1 -1.557591 2.017256 1.192379 -0.062121 0.117572 -1
1 -1.557572 2.212431 1.192456 -0.062071 -0.000295 -1
1 -1.568830 2.019492 0.569977 -0.265561 0.116241 -1
1 -1.568810 2.208455 0.570050 -0.265503 -0.001625 -1
1 -1.831517 2.019440 0.655121 -0.265676 0.116257 -1
1 -1.831494 2.214615 0.655199 -0.265621 -0.001609 -1
1 -1.650086 2.021683 0.059759 -0.469154 0.115019 -1
1 -1.650069 2.210935 0.059832 -0.469097 -0.003219 -1
1 -1.925791 2.021967 0.059858 -0.469144 0.114922 -1
1 -1.925764 2.217450 0.059936 -0.469091 -0.003315 -1
1 -1.569367 2.023425 -0.450025 -0.672533 0.113900 -1
1 -1.569351 2.212676 -0.449951 -0.672482 -0.004338 -1
1 -1.832149 2.024003 -0.535481 -0.672584 0.113697 -1
1 -1.832123 2.219486 -0.535403 -0.672538 -0.004540 -1
1 -1.335416 2.024554 -0.910090 -0.875872 0.112989 -1
1 -1.335389 2.213517 -0.910018 -0.875835 -0.004878 -1
1 -1.558787 2.025346 -1.072424 -0.875918 0.112703 -1
1 -1.558761 2.220521 -1.072346 -0.875884 -0.005163 -1
1 -0.970637 2.025505 -1.275623 -1.079237 0.112378 -1
1 -0.970620 2.214468 -1.275551 -1.079215 -0.005489 -1
1 -1.133013 2.026458 -1.498871 -1.079218 0.112034 -1
1 -1.132993 2.221633 -1.498792 -1.079199 -0.005832 -1
1 -0.595956 2.222704 -1.772205 -1.933908 -0.571374 -1
1 -0.510760 2.215437 -1.509698 -1.933790 -0.312394 -1
1 -0.001038 2.215236 -1.591043 -2.242246 -0.312318 -1
1 -0.001183 2.222468 -1.867049 -2.242255 -0.571888 -1
1 0.509122 2.213873 -1.510102 -2.550935 -0.317234 -1
1 0.509122 2.213873 -1.510102 -2.550935 -0.319909 -1
1 0.594065 2.220937 -1.772674 -2.550818 -0.554451 -1
1 0.594065 2.220937 -1.772674 3.622344 -0.570230 -1
1 0.509122 2.213873 -1.510102 3.622227 -0.303060 -1
1 0.968877 2.212593 -1.276315 3.313921 -0.307090 -1
1 1.131013 2.219442 -1.499685 3.313881 -0.570255 -1
1 1.334039 2.210934 -0.911070 3.005100 -0.314997 -1
1 1.557235 2.217506 -1.073574 3.005163 -0.570664 -1
1 1.568830 2.209064 -0.451190 2.696263 -0.306809 -1
1 1.831164 2.215323 -0.536848 2.696404 -0.572078 -1
1 1.649740 2.207165 0.058530 2.387537 -0.319212 -1
1 1.925810 2.213107 0.058417 2.387524 -0.577605 -1
1 1.569367 2.205420 0.568814 2.078538 -0.319130 -1
1 1.831787 2.211070 0.653755 2.078657 -0.573883 -1
1 1.335063 2.204002 1.028876 1.769768 -0.313712 -1
1 1.558432 2.209416 1.191228 1.769706 -0.576683 -1
1 0.970284 2.203053 1.393912 1.461201 -0.309788 -1
1 1.132657 2.208307 1.617144 1.461227 -0.573368 -1
1 0.510777 2.202661 1.628560 1.152787 -0.311167 -1
1 0.595996 2.207849 1.891086 1.152670 -0.576545 -1
1 0.000708 2.202867 1.709404 0.844124 -0.312911 -1
1 0.000850 2.208086 1.985931 0.844132 -0.573574 -1
1 -0.509103 2.203648 1.628962 0.535641 -0.311411 -1
1 -0.594022 2.209000 1.891554 0.535760 -0.574410 -1
1 -0.969203 2.204928 1.394677 0.226996 -0.309376 -1
1 -1.131342 2.210498 1.618037 0.226985 -0.576577 -1
1 -1.334368 2.206586 1.029928 -0.081605 -0.313587 -1
1 -1.557572 2.212431 1.192456 -0.081533 -0.567745 -1
1 -1.568810 2.208455 0.570050 -0.390319 -0.313987 -1
1 -1.831494 2.214615 0.655199 -0.390495 -0.570449 -1
1 -1.650069 2.210935 0.059832 -0.699340 -0.302025 -1
1 -1.925764 2.217450 0.059936 -0.699327 -0.574234 -1
1 -1.569351 2.212676 -0.449951 -1.008039 -0.309039 -1
1 -1.832123 2.219486 -0.535403 -1.008121 -0.571369 -1
1 -1.335389 2.213517 -0.910018 -1.316689 -0.314279 -1
1 -1.558761 2.220521 -1.072346 -1.316761 -0.570861 -1
1 -0.970620 2.214468 -1.275551 -1.625382 -0.317861 -1
1 -1.132993 2.221633 -1.498792 -1.625356 -0.574594 -1
751
-0.158099 0.001735 -0.987422
-0.158102 0.001736 -0.987421
-0.158106 0.001737 -0.987421
-0.706721 0.001515 -0.707491
-0.706716 0.001513 -0.707495
-0.706712 0.001511 -0.707500
-0.987643 0.000715 -0.156720
-0.987643 0.000715 -0.156721
-0.987643 0.000714 -0.156721
-0.890188 -0.000366 0.455593
-0.890186 -0.000365 0.455598
-0.890183 -0.000363 0.455602
-0.455302 -0.001291 0.890336
-0.455308 -0.001293 0.890333
-0.455314 -0.001295 0.890330
0.158089 -0.001736 0.987423
0.158087 -0.001736 0.987424
0.158085 -0.001737 0.987424
0.706717 -0.001511 0.707495
0.987949 -0.000711 0.154778
0.987950 -0.000709 0.154770
0.987952 -0.000707 0.154762
0.891597 0.000356 -0.452829
0.891597 0.000357 -0.452830
0.891597 0.000357 -0.452830
0.453048 0.001294 -0.891485
0.453045 0.001295 -0.891487
0.453043 0.001295 -0.891488
-0.038005 -0.703957 -0.709225
0.163722 -0.712476 -0.682329
-0.268059 -0.712344 -0.648622
-0.220457 -0.703717 -0.675411
0.218588 -0.703795 -0.675938
0.385557 -0.704136 -0.596270
0.416429 -0.703986 -0.575318
0.505471 -0.697690 -0.507669
0.661812 -0.704877 -0.255254
0.698284 -0.713665 -0.055507
0.633984 -0.702221 -0.323959
0.633797 -0.702147 -0.324486
0.709026 -0.705180 -0.001938
0.684849 -0.705642 0.181803
0.596742 -0.714450 0.365322
0.574055 -0.705745 0.415192
0.503013 -0.703589 0.501937
0.502576 -0.703662 0.502272
0.219348 -0.706168 0.673211
0.183735 -0.706288 0.683665
0.324921 -0.699680 0.636297
0.037369 -0.706245 0.706981
-0.164629 -0.714703 0.679777
-0.218974 -0.705897 0.673617
-0.323877 -0.703464 0.632647
-0.324303 -0.703531 0.632355
-0.573753 -0.705302 0.416361
-0.594711 -0.705390 0.385672
-0.506156 -0.699024 0.505145
-0.662191 -0.705168 0.253459
-0.698810 -0.713325 0.053224
-0.709769 -0.704434 -0.000557
-0.685385 -0.704454 -0.184370
-0.674860 -0.704226 -0.220519
-0.638201 -0.697632 -0.325591
-0.446579 -0.703962 -0.552271
-0.503294 -0.701494 -0.504581
-0.503361 -0.701482 -0.504529
0.475216 0.065609 0.877420
0.475679 -0.065509 0.877176
0.487251 0.315577 0.814247
0.501756 0.430182 0.750456
0.487529 -0.317526 0.813322
0.501517 -0.434714 0.748001
0.493739 -0.542526 0.679623
0.497164 -0.541810 0.677695
0.488598 -0.834374 0.255130
0.480517 -0.867627 0.127777
0.485675 -0.788653 0.377024
0.493472 -0.785330 0.373822
0.480335 -0.867357 -0.130269
0.488509 -0.833423 -0.258388
0.485526 -0.787273 -0.380087
0.493339 -0.782695 -0.379481
0.500692 -0.430270 -0.751116
0.486277 -0.315267 -0.814949
0.492880 -0.540245 -0.682059
0.496352 -0.538510 -0.680912
0.474340 -0.064918 -0.877945
0.474966 0.066220 -0.877509
0.486976 0.317781 -0.813554
0.501092 0.434565 -0.748372
0.493479 0.542045 -0.680196
0.496877 0.541332 -0.678286
0.488944 0.834010 -0.255659
0.480954 0.867307 -0.128301
0.485872 0.788276 -0.377557
0.493679 0.784943 -0.374360
0.480981 0.867071 0.129786
0.489305 0.833100 0.257923
0.486452 0.786909 0.379656
0.494393 0.782247 0.379031
0.493984 0.539872 0.681556
0.497466 0.538128 0.680402
1.000000 -0.000442 -0.000335
1.000000 -0.000473 -0.000338
1.000000 -0.000365 -0.000313
1.000000 -0.000394 -0.000381
1.000000 -0.000525 -0.000313
1.000000 -0.000515 -0.000377
1.000000 -0.000502 -0.000487
1.000000 -0.000466 -0.000568
1.000000 -0.000479 -0.000542
1.000000 -0.000421 -0.000526
1.000000 -0.000354 -0.000493
1.000000 -0.000382 -0.000506
1.000000 -0.000467 -0.000524
1.000000 -0.000451 -0.000478
1.000000 -0.000391 -0.000378
1.000000 -0.000363 -0.000311
1.000000 -0.000441 -0.000335
1.000000 -0.000474 -0.000338
1.000000 -0.000526 -0.000313
1.000000 -0.000515 -0.000377
1.000000 -0.000490 -0.000473
1.000000 -0.000449 -0.000534
1.000000 -0.000465 -0.000527
1.000000 -0.000547 -0.000526
1.000000 -0.000601 -0.000568
1.000000 -0.000615 -0.000579
1.000000 -0.000573 -0.000598
1.000000 -0.000441 -0.000496
0.507748 -0.065121 -0.859041
0.507550 0.067243 -0.858995
0.502922 -0.314815 -0.804960
0.500591 -0.432074 -0.750147
0.502971 0.316122 -0.804417
0.500947 0.433264 -0.749223
0.493391 0.541598 -0.680615
0.496843 0.540829 -0.678713
0.489057 0.833858 -0.255937
0.481147 0.867186 -0.128395
0.485961 0.788037 -0.377941
0.493778 0.784640 -0.374864
0.481278 0.866883 0.129944
0.489567 0.832871 0.258167
0.486643 0.786627 0.379995
0.494422 0.782119 0.379258
0.501614 0.431354 0.749878
0.503998 0.313743 0.804706
0.493972 0.539339 0.681986
0.497411 0.537664 0.680808
0.508697 0.063699 0.858586
0.508657 -0.068673 0.858226
0.503808 -0.317144 0.803491
0.501552 -0.433980 0.748403
0.493741 -0.542031 0.680016
0.496933 -0.541322 0.678254
0.488503 -0.834338 0.255431
0.480471 -0.867636 0.127890
0.485559 -0.788526 0.377439
0.493337 -0.785154 0.374369
0.480337 -0.867329 -0.130452
0.488526 -0.833319 -0.258691
0.485507 -0.787075 -0.380521
0.493302 -0.782567 -0.379791
0.492893 -0.539786 -0.682413
0.496258 -0.538151 -0.681264
-0.524309 -0.309593 -0.793254
-0.522230 -0.424942 -0.739391
-0.529014 -0.064416 -0.846165
-0.529163 0.066070 -0.845944
-0.524405 0.312368 -0.792102
-0.521941 0.428160 -0.737737
-0.514037 0.534659 -0.670750
-0.517288 0.533023 -0.669551
-0.506102 0.777963 -0.372335
-0.514083 0.773137 -0.371454
-0.509011 0.823092 -0.251849
-0.500608 0.856554 -0.125331
-0.500594 0.855931 0.129566
-0.508725 0.822241 0.255185
-0.505633 0.776732 0.375529
-0.513520 0.773086 0.372338
-0.513659 0.532266 0.672939
-0.516893 0.531479 0.671083
-0.521517 0.425006 0.739859
-0.523668 0.309321 0.793783
-0.528334 0.063850 0.846632
-0.528548 -0.066587 0.846288
-0.523990 -0.312485 0.792331
-0.521729 -0.427915 0.738029
-0.513972 -0.534133 0.671218
-0.517236 -0.532487 0.670018
-0.506600 -0.777395 0.372844
-0.514452 -0.772636 0.371985
-0.509680 -0.822516 0.252378
-0.501366 -0.856034 0.125846
-0.501396 -0.855537 -0.129072
-0.509512 -0.821904 -0.254696
-0.506481 -0.776410 -0.375052
-0.514467 -0.772710 -0.371811
-0.514492 -0.531928 -0.672570
-0.517889 -0.531097 -0.670616
-1.000000 0.000475 0.000545
-1.000000 0.000511 0.000611
-1.000000 0.000466 0.000472
-1.000000 0.000455 0.000471
-1.000000 0.000427 0.000548
-1.000000 0.000394 0.000600
-1.000000 0.000404 0.000575
-1.000000 0.000334 0.000595
-1.000000 0.000229 0.000591
-1.000000 0.000172 0.000585
-1.000000 0.000228 0.000497
-1.000000 0.000375 0.000512
-1.000000 0.000463 0.000522
-1.000000 0.000610 0.000700
-0.999999 0.000606 0.000858
-0.999999 0.000597 0.000917
-1.000000 0.000495 0.000857
-1.000000 0.000425 0.000857
-1.000000 0.000285 0.000913
-1.000000 0.000291 0.000854
-1.000000 0.000319 0.000680
-1.000000 0.000450 0.000538
-1.000000 0.000461 0.000519
-1.000000 0.000544 0.000529
-1.000000 0.000596 0.000574
-1.000000 0.000614 0.000588
-1.000000 0.000574 0.000596
-1.000000 0.000542 0.000585
-0.507060 0.311215 0.803763
-0.521314 0.426398 0.739200
-0.495046 0.062797 0.866594
-0.494563 -0.066495 0.866594
-0.506969 -0.313229 0.803038
-0.521653 -0.426222 0.739062
-0.513771 -0.534687 0.670932
-0.517095 -0.532965 0.669747
-0.506561 -0.777611 0.372448
-0.514256 -0.772890 0.371728
-0.509669 -0.822609 0.252095
-0.501524 -0.855969 0.125663
-0.501628 -0.855420 -0.128946
-0.509721 -0.821868 -0.254395
-0.506660 -0.776495 -0.374634
-0.514519 -0.772910 -0.371324
-0.514452 -0.532420 -0.672211
-0.518050 -0.531587 -0.670105
-0.522166 -0.425666 -0.739021
-0.507823 -0.310117 -0.803706
-0.495598 -0.061247 -0.866390
-0.495058 0.068067 -0.866189
-0.507029 0.314513 -0.802498
-0.521677 0.427101 -0.738538
-0.513727 0.535247 -0.670519
-0.517311 0.533395 -0.669238
-0.506091 0.778148 -0.371965
-0.514005 0.773303 -0.371216
-0.508991 0.823185 -0.251586
-0.500606 0.856581 -0.125149
-0.500565 0.855960 0.129485
-0.508664 0.822358 0.254929
-0.505575 0.776948 0.375161
-0.513458 0.773361 0.371851
-0.513506 0.532810 0.672625
-0.516959 0.532014 0.670607
0.000197 0.866533 -0.499119
0.000143 0.866543 -0.499102
0.000250 0.866523 -0.499136
0.050529 -0.878156 0.475698
-0.000125 -0.870233 0.492640
0.101035 -0.883518 0.457370
-0.914916 0.210084 0.344664
-0.914955 0.209181 0.345110
-0.980235 0.084976 0.178655
-0.914877 0.210986 0.344217
0.914904 -0.209260 -0.345196
0.914905 -0.209269 -0.345190
0.914904 -0.209252 -0.345202
0.051380 0.876508 0.478637
0.000520 0.868540 0.495618
0.102088 0.881900 0.460250
-0.000607 -0.864847 -0.502035
-0.000610 -0.864848 -0.502034
-0.000604 -0.864847 -0.502036
-0.985459 -0.073780 0.153056
-0.915149 -0.209481 0.344413
-0.915114 -0.210321 0.343994
-0.915078 -0.211162 0.343575
0.915092 0.209858 -0.344334
0.915094 0.209806 -0.344360
0.915090 0.209910 -0.344308
-0.000308 0.001658 -0.999999
-0.000369 0.001681 -0.999999
-0.000246 0.001636 -0.999999
0.000493 -0.001715 0.999998
0.000524 -0.001727 0.999998
0.000462 -0.001704 0.999998
-0.915205 0.402988 0.001094
-0.915200 0.402999 0.000905
-0.915195 0.403010 0.000716
0.915194 -0.403011 -0.001094
0.915194 -0.403012 -0.001105
0.915194 -0.403013 -0.001117
0.066683 -0.879802 -0.470639
-0.000604 -0.869873 -0.493275
0.133628 -0.885211 -0.445584
0.000647 0.866166 0.499757
0.000552 0.866183 0.499726
0.000743 0.866148 0.499787
-0.989030 0.071941 -0.129011
-0.915982 0.209484 -0.342189
-0.915945 0.210327 -0.341771
-0.915907 0.211170 -0.341352
0.915639 -0.198851 0.349376
0.915249 -0.210675 0.343416
0.915868 -0.186993 0.355274
-0.000210 -0.867859 0.496810
-0.000091 -0.867838 0.496848
-0.000329 -0.867881 0.496772
0.067365 0.881304 -0.467724
0.000176 0.871525 -0.490351
0.134210 0.886569 -0.442700
-0.916135 -0.208622 -0.342305
-0.916173 -0.207754 -0.342732
-0.975152 -0.106416 -0.194307
-0.916097 -0.209489 -0.341878
0.915806 0.196699 0.350156
0.915333 0.185524 0.357415
0.916116 0.207839 0.342834
0.000369 -0.001699 0.999999
0.000493 -0.001654 0.999999
0.000246 -0.001745 0.999998
-0.000400 0.001677 -0.999999
-0.000400 0.001677 -0.999999
-0.000400 0.001677 -0.999999
-0.915561 -0.402179 -0.000290
-0.915567 -0.402166 -0.000509
-0.915572 -0.402153 -0.000728
0.915562 0.402176 0.000303
0.915562 0.402176 0.000309
0.915562 0.402176 0.000315
-0.987039 0.000633 -0.160478
-0.999486 -0.027814 0.015916
-0.999533 -0.021014 -0.022182
-0.996312 -0.060363 -0.060981
-0.014075 -0.418649 -0.908039
-0.027562 -0.384216 -0.922832
-0.000565 -0.452418 -0.891806
-0.013584 0.414248 -0.910062
-0.026995 0.380659 -0.924321
-0.000152 0.447212 -0.894428
-0.019662 0.901010 -0.433352
-0.039477 0.921478 -0.386420
0.000212 0.877827 -0.478978
-0.021910 0.902383 0.430378
-0.044331 0.925088 0.377156
0.000596 0.876202 0.481943
-0.019178 0.425930 0.904553
-0.038864 0.377328 0.925264
0.000570 0.473178 0.880967
-0.019690 -0.436534 0.899472
-0.039441 -0.387016 0.921229
0.000127 -0.484605 0.874733
-0.022731 -0.903835 0.427278
-0.045156 -0.926322 0.374016
-0.000218 -0.877871 0.478897
-0.020483 -0.899531 -0.436377
-0.040315 -0.920137 -0.389517
-0.000591 -0.876214 -0.481921
-0.000388 0.001686 -0.999999
-0.000386 0.001687 -0.999999
-0.000390 0.001686 -0.999999
0.000397 -0.001686 0.999999
0.000402 -0.001686 0.999999
0.000393 -0.001686 0.999999
0.994166 0.107860 -0.000336
0.994166 0.107862 -0.000358
0.994166 0.107864 -0.000380
-0.994145 -0.108055 0.000313
-0.994145 -0.108054 0.000324
-0.994145 -0.108053 0.000336
-0.865798 -0.000434 -0.500393
-0.865227 -0.000399 -0.501381
-0.866368 -0.000469 -0.499405
0.865796 -0.001343 0.500396
0.865222 -0.001383 0.501387
0.866368 -0.001304 0.499404
0.466562 0.103786 -0.878378
0.495940 0.106232 -0.861834
0.436652 0.101221 -0.893918
-0.466561 -0.103874 0.878368
-0.495958 -0.106327 0.861812
-0.436630 -0.101302 0.893920
-0.865875 -0.000516 0.500259
-0.865877 -0.000516 0.500257
-0.865874 -0.000516 0.500262
0.866355 0.001329 -0.499427
0.865874 0.001359 -0.500260
0.866835 0.001300 -0.498593
-0.474556 0.104819 -0.873962
-0.496794 0.102990 -0.861736
-0.452011 0.106581 -0.885622
0.473103 -0.104698 0.874764
0.496813 -0.102754 0.861753
0.449045 -0.106564 0.887132
0.000393 -0.001686 0.999999
0.000396 -0.001686 0.999999
0.000391 -0.001686 0.999999
-0.000400 0.001687 -0.999999
-0.000396 0.001687 -0.999999
-0.000405 0.001688 -0.999999
-0.994088 0.108576 0.000722
-0.994088 0.108576 0.000722
-0.994088 0.108576 0.000723
0.994109 -0.108383 -0.000722
0.994109 -0.108385 -0.000700
0.994109 -0.108387 -0.000678
0.865789 0.001535 0.500406
0.866369 0.001503 0.499402
0.865208 0.001566 0.501410
-0.866843 0.001337 -0.498579
-0.866378 0.001308 -0.499386
-0.867307 0.001366 -0.497771
-0.496107 0.099208 0.862575
-0.469212 0.101405 0.877244
-0.441875 0.103507 0.891085
0.496096 -0.099113 -0.862592
0.470155 -0.101240 -0.876758
0.443800 -0.103278 -0.890155
0.865777 0.000513 -0.500429
0.864716 0.000448 -0.502262
0.866835 0.000579 -0.498595
-0.865303 0.001521 0.501247
-0.864722 0.001550 0.502248
-0.865882 0.001492 0.500246
0.458868 0.100007 0.882859
0.497022 0.096917 0.862309
0.419847 0.102909 0.901742
-0.460351 -0.099981 -0.882089
-0.497026 -0.097013 -0.862295
-0.422872 -0.102775 -0.900343
0.000412 -0.001683 0.999999
0.000398 -0.001687 0.999999
0.000383 -0.001692 0.999999
-0.000383 0.001677 -0.999999
-0.000393 0.001680 -0.999999
-0.000403 0.001684 -0.999999
-0.000450 -0.999999 -0.001684
-0.000453 -0.999999 -0.001683
-0.000456 -0.999999 -0.001682
-1.000000 0.000453 0.000545
-1.000000 0.000447 0.000538
-1.000000 0.000441 0.000532
0.000467 0.999998 0.001685
0.000463 0.999998 0.001683
0.000459 0.999999 0.001682
0.358915 -0.001735 0.933368
0.053416 -0.001705 0.998571
0.259115 -0.001748 0.965845
0.000451 -0.001678 0.999999
-0.157472 0.001738 -0.987522
-0.259023 0.001748 -0.965870
-0.157472 0.001738 -0.987522
-0.358849 0.001741 -0.933394
-0.308760 -0.001468 0.951139
-0.358304 -0.001411 0.933604
-0.156698 -0.001599 0.987645
-0.156701 -0.001585 0.987645
0.358224 0.001406 -0.933635
0.156593 0.001590 -0.987662
0.258268 0.001506 -0.966072
0.156592 0.001595 -0.987662
-0.543892 -0.001162 0.839154
-0.629473 -0.001014 0.777022
0.629326 0.001024 -0.777141
0.543782 0.001166 -0.839226
-0.776783 -0.000700 0.629768
-0.838605 -0.000531 0.544740
0.838615 0.000532 -0.544724
0.776711 0.000705 -0.629857
-0.933207 -0.000178 0.359339
-0.965899 0.000006 0.258921
0.965864 0.000005 -0.259050
0.933211 0.000177 -0.359329
-0.998582 0.000368 0.053229
-0.998645 0.000547 -0.052033
0.998635 -0.000524 0.052224
0.998580 -0.000347 -0.053273
-0.966191 0.000880 -0.257824
-0.933590 0.001034 -0.358341
0.933672 -0.001010 0.358128
0.966165 -0.000866 0.257923
-0.839014 0.001300 -0.544108
-0.777092 0.001405 -0.629385
0.777128 -0.001382 0.629341
0.839181 -0.001263 0.543850
-0.630032 0.001580 -0.776567
-0.544914 0.001651 -0.838490
0.544775 -0.001668 0.838580
0.629896 -0.001587 0.776678
-0.359320 0.001738 -0.933213
-0.258802 0.001751 -0.965929
0.259300 -0.001741 0.965795
0.359484 -0.001738 0.933150
-0.052985 0.001705 -0.998594
0.052299 0.001651 -0.998630
-0.052581 -0.001649 0.998615
0.053275 -0.001700 0.998578
0.257989 0.001503 -0.966147
0.358389 0.001403 -0.933571
-0.358568 -0.001404 0.933503
-0.258492 -0.001498 0.966012
0.544014 0.001159 -0.839075
0.629260 0.001016 -0.777195
-0.587325 -0.001103 0.809350
-0.587325 -0.001094 0.809351
0.776621 0.000701 -0.629967
0.838702 0.000549 -0.544590
-0.808716 -0.000621 0.588198
-0.808716 -0.000616 0.588198
0.933290 0.000216 -0.359125
0.965859 0.000034 -0.259069
-0.966006 -0.000006 0.258521
-0.933379 -0.000177 0.358892
0.998578 -0.000347 -0.053309
0.998625 -0.000547 0.052410
-0.998646 0.000501 -0.052014
-0.998591 0.000345 0.053062
0.966101 -0.000880 0.258164
0.933637 -0.001033 0.358218
-0.933647 0.000989 -0.358192
-0.966238 0.000825 -0.257651
0.839354 -0.001301 0.543583
0.777503 -0.001405 0.628877
-0.777308 0.001417 -0.629119
-0.839144 0.001280 -0.543908
0.630089 -0.001580 0.776522
0.544447 -0.001649 0.838794
-0.544353 0.001668 -0.838855
-0.629951 0.001601 -0.776633
0.000301 0.999998 0.001734
0.000159 0.999998 0.001842
0.000634 0.999998 0.001682
0.000789 0.999998 0.001731
0.000992 0.999998 0.001680
0.000921 0.999998 0.001833
0.000456 0.999998 0.001685
0.000457 0.999998 0.001683
0.000455 0.999998 0.001685
0.000454 0.999998 0.001686
0.000454 0.999998 0.001685
0.000456 0.999998 0.001684
0.000458 0.999998 0.001683
0.000460 0.999998 0.001683
0.000458 0.999998 0.001683
0.000457 0.999998 0.001684
0.000457 0.999998 0.001684
0.000455 0.999999 0.001682
0.000454 0.999999 0.001680
0.000453 0.999999 0.001680
0.000454 0.999999 0.001680
0.000455 0.999999 0.001681
0.000456 0.999999 0.001681
0.000456 0.999999 0.001682
0.000456 0.999998 0.001684
0.000457 0.999998 0.001685
0.000456 0.999998 0.001684
0.000457 0.999999 0.001681
0.000459 0.999999 0.001680
0.000460 0.999999 0.001679
0.000460 0.999999 0.001681
0.000460 0.999999 0.001681
0.000516 0.999998 0.001851
0.000516 0.999998 0.002014
0.000516 0.999998 0.002015
0.000463 0.999998 0.001846
0.000519 0.999999 0.001517
0.000614 0.999999 0.001385
0.000612 0.999999 0.001385
0.000556 0.999999 0.001554
0.000316 0.999998 0.001792
0.000161 0.999998 0.001843
-0.000818 -0.999993 -0.003678
-0.001159 -0.999993 -0.003626
-0.000662 -0.999993 -0.003769
-0.001323 -0.999992 -0.003656
-0.001529 -0.999992 -0.003625
-0.001465 -0.999992 -0.003717
-0.000974 -0.999993 -0.003561
-0.000974 -0.999993 -0.003563
-0.000977 -0.999993 -0.003559
-0.000975 -0.999993 -0.003565
-0.000979 -0.999993 -0.003565
-0.000981 -0.999993 -0.003565
-0.000982 -0.999993 -0.003566
-0.000983 -0.999993 -0.003567
-0.000984 -0.999993 -0.003571
-0.000983 -0.999993 -0.003573
-0.000982 -0.999993 -0.003577
-0.000979 -0.999993 -0.003576
-0.000977 -0.999993 -0.003576
-0.000976 -0.999993 -0.003576
-0.000975 -0.999993 -0.003578
-0.000975 -0.999993 -0.003580
-0.000973 -0.999993 -0.003582
-0.000971 -0.999993 -0.003585
-0.000969 -0.999993 -0.003587
-0.000967 -0.999993 -0.003589
-0.000964 -0.999993 -0.003588
-0.000964 -0.999993 -0.003584
-0.000963 -0.999993 -0.003580
-0.000966 -0.999993 -0.003577
-0.000964 -0.999993 -0.003577
-0.000963 -0.999993 -0.003576
-0.001020 -0.999992 -0.003754
-0.001042 -0.999992 -0.003923
-0.001065 -0.999992 -0.003925
-0.001032 -0.999992 -0.003748
-0.001089 -0.999994 -0.003409
-0.001166 -0.999994 -0.003264
-0.001141 -0.999994 -0.003257
-0.001061 -0.999994 -0.003424
-0.000810 -0.999993 -0.003676
-0.000658 -0.999993 -0.003750
0.358914 -0.000396 0.933370
0.053418 -0.000391 0.998572
0.259115 -0.000401 0.965846
0.000452 -0.000386 1.000000
-0.157472 0.000409 -0.987523
-0.259023 0.000414 -0.965871
-0.157472 0.000410 -0.987523
-0.358848 0.000412 -0.933396
-0.308760 -0.000337 0.951140
-0.358304 -0.000321 0.933605
-0.156697 -0.000367 0.987647
-0.156698 -0.000364 0.987646
0.358223 0.000336 -0.933636
0.156591 0.000377 -0.987663
0.258267 0.000358 -0.966074
0.156591 0.000377 -0.987663
-0.543890 -0.000260 0.839157
-0.629471 -0.000230 0.777024
0.629326 0.000247 -0.777142
0.543781 0.000280 -0.839227
-0.776781 -0.000165 0.629770
-0.838605 -0.000136 0.544740
0.838613 0.000131 -0.544728
0.776709 0.000172 -0.629859
-0.933207 -0.000057 0.359340
-0.965898 -0.000009 0.258924
0.965865 0.000005 -0.259048
0.933210 0.000048 -0.359332
-0.998582 0.000078 0.053232
-0.998645 0.000119 -0.052033
0.998635 -0.000122 0.052229
0.998580 -0.000080 -0.053268
-0.966191 0.000190 -0.257828
-0.933589 0.000220 -0.358346
0.933672 -0.000237 0.358129
0.966165 -0.000201 0.257925
-0.839012 0.000283 -0.544112
-0.777090 0.000314 -0.629389
0.777126 -0.000333 0.629345
0.839181 -0.000301 0.543852
-0.630032 0.000360 -0.776569
-0.544916 0.000377 -0.838491
0.544776 -0.000395 0.838581
0.629895 -0.000379 0.776680
-0.359322 0.000394 -0.933214
-0.258801 0.000396 -0.965930
0.259301 -0.000410 0.965796
0.359486 -0.000409 0.933150
-0.052986 0.000388 -0.998595
0.052297 0.000377 -0.998632
-0.052581 -0.000389 0.998617
0.053276 -0.000401 0.998580
0.257990 0.000340 -0.966148
0.358391 0.000317 -0.933572
-0.358568 -0.000328 0.933503
-0.258492 -0.000352 0.966013
0.544016 0.000262 -0.839074
0.629260 0.000237 -0.777195
-0.587324 -0.000254 0.809352
-0.587323 -0.000256 0.809353
0.776618 0.000170 -0.629971
0.838700 0.000131 -0.544593
-0.808717 -0.000146 0.588198
-0.808717 -0.000152 0.588198
0.933290 0.000045 -0.359124
0.965859 0.000004 -0.259067
-0.966005 0.000017 0.258522
-0.933381 -0.000038 0.358887
0.998578 -0.000072 -0.053308
0.998626 -0.000107 0.052409
-0.998647 0.000156 -0.052010
-0.998591 0.000108 0.053064
0.966102 -0.000184 0.258162
0.933638 -0.000235 0.358219
-0.933648 0.000269 -0.358192
-0.966239 0.000234 -0.257649
0.839355 -0.000311 0.543584
0.777504 -0.000337 0.628878
-0.777307 0.000348 -0.629122
-0.839145 0.000330 -0.543908
0.630091 -0.000365 0.776521
0.544448 -0.000373 0.838795
-0.544350 0.000393 -0.838858
-0.629950 0.000382 -0.776636
0.006510 0.999652 0.025563
0.008447 0.999651 0.025010
0.002554 0.999654 0.026193
0.000493 0.999655 0.026254
-0.001487 0.999656 0.026197
-0.001609 0.999651 0.026371
-0.009352 0.999671 0.023867
-0.009351 0.999671 0.023867
-0.011279 0.999684 0.022468
-0.013202 0.999691 0.021068
-0.016520 0.999706 0.017753
-0.017911 0.999714 0.015836
-0.020045 0.999731 0.011661
-0.020782 0.999740 0.009401
-0.021518 0.999757 0.004771
-0.021521 0.999766 0.002398
-0.020795 0.999781 -0.002239
-0.020064 0.999789 -0.004500
-0.017931 0.999802 -0.008681
-0.016530 0.999807 -0.010600
-0.013217 0.999816 -0.013918
-0.011301 0.999819 -0.015315
-0.007122 0.999822 -0.017446
-0.004863 0.999823 -0.018167
-0.000232 0.999822 -0.018886
0.002145 0.999819 -0.018884
0.006781 0.999812 -0.018169
0.009046 0.999807 -0.017454
0.013223 0.999795 -0.015331
0.015141 0.999788 -0.013936
0.018457 0.999773 -0.010616
0.019852 0.999765 -0.008692
0.022098 0.999747 -0.004157
0.022890 0.999737 -0.001561
0.023682 0.999715 0.003082
0.023615 0.999708 0.005101
0.022979 0.999695 0.009053
0.022389 0.999689 0.011019
0.020217 0.999680 0.015189
0.018671 0.999673 0.017452
0.014847 0.999663 0.021278
0.012616 0.999660 0.022835
626
1 0 1 2 0 1 1 1
1 2 1 3 1 1 2 1
1 4 0 5 3 4 4 2
1 5 0 2 4 4 5 2
1 6 4 7 6 7 7 1
1 7 4 5 7 7 8 1
1 8 6 9 9 10 10 2
1 9 6 7 10 10 11 2
1 10 8 11 12 13 13 1
1 11 8 9 13 13 14 1
1 12 10 13 15 16 16 2
1 13 10 11 16 16 17 2
1 14 12 15 18 18 18 1
1 15 12 13 18 18 18 1
1 16 14 17 19 20 20 2
1 17 14 15 20 20 21 2
1 18 16 19 22 23 23 1
1 19 16 17 23 23 24 1
1 20 18 21 25 26 26 2
1 21 18 19 26 26 27 2
1 22 23 24 28 29 30 1
1 22 24 25 28 30 31 1
1 26 23 22 32 29 28 1
1 27 28 23 33 34 29 1
1 27 23 26 33 29 32 1
1 29 28 27 35 34 33 1
1 30 31 32 36 37 38 1
1 30 32 33 36 38 39 1
1 34 31 30 40 37 36 1
1 35 36 31 41 42 37 1
1 35 31 34 41 37 40 1
1 37 36 35 43 42 41 1
1 38 39 36 44 45 42 1
1 38 36 37 44 42 43 1
1 40 41 42 46 47 48 1
1 43 44 41 49 50 47 1
1 43 41 40 49 47 46 1
1 45 44 43 51 50 49 1
1 46 47 44 52 53 50 1
1 46 44 45 52 50 51 1
1 48 49 50 54 55 56 1
1 51 52 49 57 58 55 1
1 51 49 48 57 55 54 1
1 53 52 51 59 58 57 1
1 54 55 52 60 61 58 1
1 54 52 53 60 58 59 1
1 56 55 54 62 61 60 1
1 57 24 58 63 30 64 1
1 57 58 59 63 64 65 1
1 25 24 57 31 30 63 1
1 60 61 62 66 67 68 1
1 60 62 63 66 68 69 1
1 64 65 61 70 71 67 1
1 64 61 60 70 67 66 1
1 66 67 65 72 73 71 1
1 66 65 64 72 71 70 1
1 68 69 70 74 75 76 1
1 68 70 71 74 76 77 1
1 72 73 69 78 79 75 1
1 72 69 68 78 75 74 1
1 74 75 73 80 81 79 1
1 74 73 72 80 79 78 1
1 76 77 78 82 83 84 1
1 76 78 79 82 84 85 1
1 80 81 77 86 87 83 1
1 80 77 76 86 83 82 1
1 82 83 81 88 89 87 1
1 82 81 80 88 87 86 1
1 84 85 83 90 91 89 1
1 84 83 82 90 89 88 1
1 86 87 88 92 93 94 1
1 86 88 89 92 94 95 1
1 90 91 87 96 97 93 1
1 90 87 86 96 93 92 1
1 92 93 91 98 99 97 1
1 92 91 90 98 97 96 1
1 63 62 94 69 68 100 1
1 63 94 95 69 100 101 1
1 96 97 98 102 103 104 1
1 96 98 99 102 104 105 1
1 100 101 97 106 107 103 1
1 100 97 96 106 103 102 1
1 102 103 101 108 109 107 1
1 102 101 100 108 107 106 1
1 104 105 103 110 111 109 1
1 104 103 102 110 109 108 1
1 106 107 105 112 113 111 1
1 106 105 104 112 111 110 1
1 108 109 107 114 115 113 1
1 108 107 106 114 113 112 1
1 110 111 109 116 117 115 1
1 110 109 108 116 115 114 1
1 112 113 111 118 119 117 1
1 112 111 110 118 117 116 1
1 114 115 113 120 121 119 1
1 114 113 112 120 119 118 1
1 116 117 115 122 123 121 1
1 116 115 114 122 121 120 1
1 118 119 117 124 125 123 1
1 118 117 116 124 123 122 1
1 120 121 119 126 127 125 1
1 120 119 118 126 125 124 1
1 122 123 121 128 129 127 1
1 122 121 120 128 127 126 1
1 99 98 123 105 104 129 1
1 99 123 122 105 129 128 1
1 124 125 126 130 131 132 1
1 124 126 127 130 132 133 1
1 128 129 125 134 135 131 1
1 128 125 124 134 131 130 1
1 130 131 129 136 137 135 1
1 130 129 128 136 135 134 1
1 132 133 134 138 139 140 1
1 132 134 135 138 140 141 1
1 136 137 133 142 143 139 1
1 136 133 132 142 139 138 1
1 138 139 137 144 145 143 1
1 138 137 136 144 143 142 1
1 140 141 142 146 147 148 1
1 140 142 143 146 148 149 1
1 144 145 141 150 151 147 1
1 144 141 140 150 147 146 1
1 146 147 145 152 153 151 1
1 146 145 144 152 151 150 1
1 148 149 147 154 155 153 1
1 148 147 146 154 153 152 1
1 150 151 152 156 157 158 1
1 150 152 153 156 158 159 1
1 154 155 151 160 161 157 1
1 154 151 150 160 157 156 1
1 156 157 155 162 163 161 1
1 156 155 154 162 161 160 1
1 127 126 158 133 132 164 1
1 127 158 159 133 164 165 1
1 127 160 161 166 167 168 2
1 127 161 124 166 168 169 2
1 124 161 162 169 168 170 2
1 124 162 128 169 170 171 2
1 128 162 163 171 170 172 2
1 128 163 130 171 172 173 2
1 135 164 165 174 175 176 2
1 135 165 132 174 176 177 2
1 132 165 166 177 176 178 2
1 132 166 136 177 178 179 2
1 136 166 167 179 178 180 2
1 136 167 138 179 180 181 2
1 143 168 169 182 183 184 2
1 143 169 140 182 184 185 2
1 140 169 170 185 184 186 2
1 140 170 144 185 186 187 2
1 144 170 171 187 186 188 2
1 144 171 146 187 188 189 2
1 146 171 172 189 188 190 2
1 146 172 148 189 190 191 2
1 153 173 174 192 193 194 2
1 153 174 150 192 194 195 2
1 150 174 175 195 194 196 2
1 150 175 154 195 196 197 2
1 154 175 176 197 196 198 2
1 154 176 156 197 198 199 2
1 159 177 160 200 201 167 2
1 159 160 127 200 167 166 2
1 178 179 180 202 203 204 1
1 178 180 181 202 204 205 1
1 181 180 182 205 204 206 1
1 181 182 183 205 206 207 1
1 183 182 184 207 206 208 1
1 183 184 185 207 208 209 1
1 185 184 186 209 208 210 1
1 185 186 187 209 210 211 1
1 187 186 188 211 210 212 1
1 187 188 189 211 212 213 1
1 189 188 190 213 212 214 1
1 189 190 191 213 214 215 1
1 191 190 192 215 214 216 1
1 191 192 193 215 216 217 1
1 193 192 194 217 216 218 1
1 193 194 195 217 218 219 1
1 195 194 196 219 218 220 1
1 195 196 197 219 220 221 1
1 197 196 198 221 220 222 1
1 197 198 199 221 222 223 1
1 199 198 200 223 222 224 1
1 199 200 201 223 224 225 1
1 201 200 202 225 224 226 1
1 201 202 203 225 226 227 1
1 203 202 204 227 226 228 1
1 203 204 205 227 228 229 1
1 205 204 179 229 228 203 1
1 205 179 178 229 203 202 1
1 206 62 61 230 231 232 2
1 206 61 207 230 232 233 2
1 207 61 65 233 232 234 2
1 207 65 208 233 234 235 2
1 208 65 67 235 234 236 2
1 208 67 209 235 236 237 2
1 210 70 69 238 239 240 2
1 210 69 211 238 240 241 2
1 211 69 73 241 240 242 2
1 211 73 212 241 242 243 2
1 212 73 75 243 242 244 2
1 212 75 213 243 244 245 2
1 214 78 77 246 247 248 2
1 214 77 215 246 248 249 2
1 215 77 81 249 248 250 2
1 215 81 216 249 250 251 2
1 216 81 83 251 250 252 2
1 216 83 217 251 252 253 2
1 217 83 85 253 252 254 2
1 217 85 218 253 254 255 2
1 219 88 87 256 257 258 2
1 219 87 220 256 258 259 2
1 220 87 91 259 258 260 2
1 220 91 221 259 260 261 2
1 221 91 93 261 260 262 2
1 221 93 222 261 262 263 2
1 223 94 62 264 265 231 2
1 223 62 206 264 231 230 2
1 224 225 226 266 267 266 1
1 224 226 227 266 266 268 1
1 228 229 230 269 270 269 1
1 228 230 231 269 269 271 1
1 232 233 234 272 273 274 1
1 232 234 235 272 274 275 1
1 236 237 238 276 277 276 1
1 236 238 239 276 276 278 1
1 240 241 242 279 280 279 1
1 240 242 243 279 279 281 1
1 244 245 246 282 283 282 1
1 244 246 247 282 282 284 1
1 248 249 250 285 286 287 1
1 248 250 251 285 287 288 1
1 252 253 254 289 290 289 1
1 252 254 255 289 289 291 1
1 256 257 258 292 293 292 1
1 256 258 259 292 292 294 1
1 260 261 262 295 296 295 1
1 260 262 263 295 295 297 1
1 264 265 266 298 299 299 1
1 266 265 267 299 299 300 1
1 268 269 270 301 302 302 1
1 270 269 271 302 302 303 1
1 272 273 274 304 305 304 1
1 272 274 275 304 304 306 1
1 276 277 278 307 308 307 1
1 276 278 279 307 307 309 1
1 280 281 282 310 311 312 1
1 280 282 283 310 312 313 1
1 284 285 286 314 315 314 1
1 284 286 287 314 314 316 1
1 288 289 290 317 318 317 1
1 288 290 291 317 317 319 1
1 292 293 294 320 321 320 1
1 292 294 295 320 320 322 1
1 296 297 298 323 324 325 1
1 296 298 299 323 325 326 1
1 300 301 302 327 328 327 1
1 300 302 303 327 327 329 1
1 304 305 306 330 331 330 1
1 304 306 307 330 330 332 1
1 308 309 310 333 334 333 1
1 308 310 311 333 333 335 1
1 312 313 314 336 337 337 1
1 314 313 315 337 337 338 1
1 316 317 318 339 340 340 1
1 318 317 319 340 340 341 1
1 320 298 280 342 325 310 1
1 280 298 321 310 325 343 1
1 280 321 248 310 343 285 1
1 234 322 323 274 344 345 1
1 248 323 322 285 345 344 1
1 248 322 280 285 344 310 1
1 324 325 326 346 347 346 1
1 324 326 327 346 346 348 1
1 328 329 324 349 350 349 2
1 328 324 327 349 349 351 2
1 330 331 242 352 353 352 2
1 330 242 332 352 352 354 2
1 292 333 330 355 356 355 3
1 292 330 332 355 355 357 3
1 334 335 336 358 359 358 1
1 334 336 337 358 358 360 1
1 338 339 334 361 362 361 2
1 338 334 337 361 361 363 2
1 340 341 274 364 365 364 2
1 340 274 342 364 364 366 2
1 228 343 340 367 368 367 3
1 228 340 342 367 367 369 3
1 344 345 346 370 371 370 1
1 344 346 347 370 370 372 1
1 348 349 350 373 374 373 1
1 348 350 351 373 373 375 1
1 352 353 354 376 377 377 1
1 354 353 355 377 377 378 1
1 356 357 358 379 380 380 1
1 358 357 359 380 380 381 1
1 360 361 362 382 383 382 1
1 360 362 363 382 382 384 1
1 364 365 366 385 386 385 1
1 364 366 367 385 385 387 1
1 368 369 370 388 389 388 1
1 368 370 371 388 388 390 1
1 372 373 374 391 391 392 1
1 373 372 375 391 391 393 1
1 376 377 378 394 395 394 1
1 376 378 379 394 394 396 1
1 380 381 382 397 398 397 1
1 380 382 383 397 397 399 1
1 384 385 386 400 401 400 1
1 384 386 387 400 400 402 1
1 388 389 390 403 403 404 1
1 389 388 391 403 403 405 1
1 392 393 394 406 407 406 1
1 392 394 395 406 406 408 1
1 396 397 398 409 410 409 1
1 396 398 399 409 409 411 1
1 400 401 402 412 413 413 1
1 402 401 403 413 413 414 1
1 404 405 406 415 416 416 1
1 406 405 407 416 416 417 1
1 408 409 410 418 419 418 1
1 408 410 411 418 418 420 1
1 412 413 414 421 422 421 1
1 412 414 415 421 421 423 1
1 416 417 418 424 425 425 1
1 418 417 419 425 425 426 1
1 420 421 422 427 428 428 1
1 422 421 423 428 428 429 1
1 424 425 426 430 431 430 1
1 424 426 427 430 430 432 1
1 428 429 430 433 434 433 1
1 428 430 431 433 433 435 1
1 432 433 434 436 437 436 1
1 432 434 435 436 436 438 1
1 436 437 438 439 439 440 1
1 437 436 439 439 439 441 1
1 440 441 442 442 443 443 1
1 442 441 443 443 443 444 1
1 444 445 446 445 446 446 1
1 446 445 447 446 446 447 1
1 448 449 450 448 449 449 1
1 450 449 451 449 449 450 1
1 452 453 454 451 452 452 1
1 454 453 455 452 452 453 1
1 456 457 458 454 455 455 1
1 458 457 459 455 455 456 1
1 460 461 462 457 458 459 1
1 462 461 463 459 458 460 1
1 464 465 466 461 462 463 1
1 466 465 467 463 462 464 1
1 468 469 470 465 466 467 1
1 461 471 463 458 468 460 1
1 472 473 474 469 470 471 1
1 474 473 475 471 470 472 1
1 468 476 469 465 473 466 1
1 469 476 477 466 473 474 1
1 478 472 479 475 469 476 1
1 479 472 474 476 469 471 1
1 476 480 477 473 477 474 1
1 477 480 481 474 477 478 1
1 482 478 483 479 475 480 1
1 483 478 479 480 475 476 1
1 480 484 481 477 481 478 1
1 481 484 485 478 481 482 1
1 486 482 487 483 479 484 1
1 487 482 483 484 479 480 1
1 484 488 485 481 485 482 1
1 485 488 489 482 485 486 1
1 490 486 491 487 483 488 1
1 491 486 487 488 483 484 1
1 488 492 489 485 489 486 1
1 489 492 493 486 489 490 1
1 494 490 495 491 487 492 1
1 495 490 491 492 487 488 1
1 492 496 493 489 493 490 1
1 493 496 497 490 493 494 1
1 498 494 499 495 491 496 1
1 499 494 495 496 491 492 1
1 496 500 497 493 497 494 1
1 497 500 501 494 497 498 1
1 502 498 503 499 495 500 1
1 503 498 499 500 495 496 1
1 500 504 501 497 501 498 1
1 501 504 505 498 501 502 1
1 506 502 507 503 499 504 1
1 507 502 503 504 499 500 1
1 504 508 505 501 505 502 1
1 505 508 509 502 505 506 1
1 510 506 511 507 503 508 1
1 511 506 507 508 503 504 1
1 508 512 509 505 509 506 1
1 509 512 513 506 509 510 1
1 514 510 515 511 507 512 1
1 515 510 511 512 507 508 1
1 512 516 513 509 513 510 1
1 513 516 517 510 513 514 1
1 518 514 519 515 511 516 1
1 519 514 515 516 511 512 1
1 516 520 517 513 517 514 1
1 517 520 521 514 517 518 1
1 518 519 522 515 516 519 1
1 522 519 523 519 516 520 1
1 520 524 521 517 521 518 1
1 521 524 525 518 521 522 1
1 526 522 527 523 519 524 1
1 527 522 523 524 519 520 1
1 524 528 525 521 525 522 1
1 525 528 529 522 525 526 1
1 530 526 531 527 523 528 1
1 531 526 527 528 523 524 1
1 528 532 529 525 529 526 1
1 529 532 533 526 529 530 1
1 534 530 535 531 527 532 1
1 535 530 531 532 527 528 1
1 532 536 533 529 533 530 1
1 533 536 537 530 533 534 1
1 538 534 539 535 531 536 1
1 539 534 535 536 531 532 1
1 536 540 537 533 537 534 1
1 537 540 541 534 537 538 1
1 542 538 543 539 535 540 1
1 543 538 539 540 535 536 1
1 540 460 541 537 457 538 1
1 541 460 462 538 457 459 1
1 465 542 467 462 539 464 1
1 467 542 543 464 539 540 1
1 544 545 546 541 542 543 1
1 544 546 547 541 543 544 1
1 547 546 548 544 543 545 1
1 547 549 550 544 546 546 1
1 551 552 553 547 548 549 1
1 551 553 554 547 549 550 1
1 554 553 555 550 549 551 1
1 554 555 556 550 551 552 1
1 556 555 557 552 551 553 1
1 556 557 558 552 553 554 1
1 558 557 559 554 553 555 1
1 558 559 560 554 555 556 1
1 560 559 561 556 555 557 1
1 560 561 562 556 557 558 1
1 562 561 563 558 557 559 1
1 562 563 564 558 559 560 1
1 564 563 565 560 559 561 1
1 564 565 566 560 561 562 1
1 566 565 567 562 561 563 1
1 566 567 568 562 563 564 1
1 568 567 569 564 563 565 1
1 568 569 570 564 565 566 1
1 570 569 571 566 565 567 1
1 570 571 572 566 567 568 1
1 572 571 573 568 567 569 1
1 572 573 574 568 569 570 1
1 574 573 575 570 569 571 1
1 574 575 576 570 571 572 1
1 576 575 577 572 571 573 1
1 576 577 578 572 573 574 1
1 578 577 579 574 573 575 1
1 578 579 580 574 575 576 1
1 580 579 581 576 575 577 1
1 580 581 582 576 577 578 1
1 582 581 583 578 577 579 1
1 582 583 584 578 579 580 1
1 584 583 585 580 579 581 1
1 584 585 586 580 581 582 1
1 586 585 545 582 581 542 1
1 586 545 544 582 542 541 1
1 587 588 589 583 584 585 1
1 587 590 588 583 586 584 1
1 590 591 588 586 587 584 1
1 590 592 593 586 588 588 1
1 594 595 596 589 590 591 1
1 594 597 595 589 592 590 1
1 597 598 595 592 593 590 1
1 597 599 598 592 594 593 1
1 599 600 598 594 595 593 1
1 599 601 600 594 596 595 1
1 601 602 600 596 597 595 1
1 601 603 602 596 598 597 1
1 603 604 602 598 599 597 1
1 603 605 604 598 600 599 1
1 605 606 604 600 601 599 1
1 605 607 606 600 602 601 1
1 607 608 606 602 603 601 1
1 607 609 608 602 604 603 1
1 609 610 608 604 605 603 1
1 609 611 610 604 606 605 1
1 611 612 610 606 607 605 1
1 611 613 612 606 608 607 1
1 613 614 612 608 609 607 1
1 613 615 614 608 610 609 1
1 615 616 614 610 611 609 1
1 615 617 616 610 612 611 1
1 617 618 616 612 613 611 1
1 617 619 618 612 614 613 1
1 619 620 618 614 615 613 1
1 619 621 620 614 616 615 1
1 621 622 620 616 617 615 1
1 621 623 622 616 618 617 1
1 623 624 622 618 619 617 1
1 623 625 624 618 620 619 1
1 625 626 624 620 621 619 1
1 625 627 626 620 622 621 1
1 627 628 626 622 623 621 1
1 627 629 628 622 624 623 1
1 629 589 628 624 585 623 1
1 629 587 589 624 583 585 1
1 630 631 632 625 626 627 1
1 632 631 633 627 626 628 1
1 634 635 636 629 630 631 1
1 636 635 637 631 630 632 1
1 638 639 640 633 634 635 1
1 631 641 633 626 636 628 1
1 642 643 644 637 638 639 1
1 644 643 645 639 638 640 1
1 638 646 639 633 641 634 1
1 639 646 647 634 641 642 1
1 648 642 649 643 637 644 1
1 649 642 644 644 637 639 1
1 646 650 647 641 645 642 1
1 647 650 651 642 645 646 1
1 652 648 653 647 643 648 1
1 653 648 649 648 643 644 1
1 650 654 651 645 649 646 1
1 651 654 655 646 649 650 1
1 656 652 657 651 647 652 1
1 657 652 653 652 647 648 1
1 654 658 655 649 653 650 1
1 655 658 659 650 653 654 1
1 660 656 661 655 651 656 1
1 661 656 657 656 651 652 1
1 658 662 659 653 657 654 1
1 659 662 663 654 657 658 1
1 664 660 665 659 655 660 1
1 665 660 661 660 655 656 1
1 662 666 663 657 661 658 1
1 663 666 667 658 661 662 1
1 668 664 669 663 659 664 1
1 669 664 665 664 659 660 1
1 666 670 667 661 665 662 1
1 667 670 671 662 665 666 1
1 672 668 673 667 663 668 1
1 673 668 669 668 663 664 1
1 670 674 671 665 669 666 1
1 671 674 675 666 669 670 1
1 676 672 677 671 667 672 1
1 677 672 673 672 667 668 1
1 674 678 675 669 673 670 1
1 675 678 679 670 673 674 1
1 680 676 681 675 671 676 1
1 681 676 677 676 671 672 1
1 678 682 679 673 677 674 1
1 679 682 683 674 677 678 1
1 684 680 685 679 675 680 1
1 685 680 681 680 675 676 1
1 682 686 683 677 681 678 1
1 683 686 687 678 681 682 1
1 688 684 689 683 679 684 1
1 689 684 685 684 679 680 1
1 686 690 687 681 685 682 1
1 687 690 691 682 685 686 1
1 688 689 692 683 684 687 1
1 692 689 693 687 684 688 1
1 690 694 691 685 689 686 1
1 691 694 695 686 689 690 1
1 696 692 697 691 687 692 1
1 697 692 693 692 687 688 1
1 694 698 695 689 693 690 1
1 695 698 699 690 693 694 1
1 700 696 701 695 691 696 1
1 701 696 697 696 691 692 1
1 698 702 699 693 697 694 1
1 699 702 703 694 697 698 1
1 704 700 705 699 695 700 1
1 705 700 701 700 695 696 1
1 702 706 703 697 701 698 1
1 703 706 707 698 701 702 1
1 708 704 709 703 699 704 1
1 709 704 705 704 699 700 1
1 706 710 707 701 705 702 1
1 707 710 711 702 705 706 1
1 712 708 713 707 703 708 1
1 713 708 709 708 703 704 1
1 710 630 711 705 625 706 1
1 711 630 632 706 625 627 1
1 635 712 637 630 707 632 1
1 637 712 713 632 707 708 1
1 714 715 716 709 710 711 1
1 714 716 717 709 711 712 1
1 717 716 718 712 711 713 1
1 717 719 720 712 714 714 1
1 721 722 723 715 716 717 1
1 721 723 724 715 717 718 1
1 724 723 725 718 717 719 1
1 724 725 726 718 719 720 1
1 726 725 727 720 719 721 1
1 726 727 728 720 721 722 1
1 728 727 729 722 721 723 1
1 728 729 730 722 723 724 1
1 730 729 731 724 723 725 1
1 730 731 732 724 725 726 1
1 732 731 733 726 725 727 1
1 732 733 734 726 727 728 1
1 734 733 735 728 727 729 1
1 734 735 736 728 729 730 1
1 736 735 737 730 729 731 1
1 736 737 738 730 731 732 1
1 738 737 739 732 731 733 1
1 738 739 740 732 733 734 1
1 740 739 741 734 733 735 1
1 740 741 742 734 735 736 1
1 742 741 743 736 735 737 1
1 742 743 744 736 737 738 1
1 744 743 745 738 737 739 1
1 744 745 746 738 739 740 1
1 746 745 747 740 739 741 1
1 746 747 748 740 741 742 1
1 748 747 749 742 741 743 1
1 748 749 750 742 743 744 1
1 750 749 751 744 743 745 1
1 750 751 752 744 745 746 1
1 752 751 753 746 745 747 1
1 752 753 754 746 747 748 1
1 754 753 755 748 747 749 1
1 754 755 756 748 749 750 1
1 756 755 715 750 749 710 1
1 756 715 714 750 710 709 1

Materials: 3
"_2_-_Default"
0.584314 0.584314 0.584314 1.000000
0.584314 0.584314 0.584314 1.000000
0.894118 0.894118 0.894118 1.000000
0.000000 0.000000 0.000000 1.000000
125.440002
1.000000
"MET_6.tga"
""
"_4_-_Default"
0.584314 0.584314 0.584314 1.000000
0.584314 0.584314 0.584314 1.000000
0.894118 0.894118 0.894118 1.000000
0.000000 0.000000 0.000000 1.000000
125.440002
1.000000
"METALL_3.tga"
""
"Material"
0.117647 0.117647 0.117647 1.000000
0.752941 0.752941 0.752941 1.000000
0.752941 0.752941 0.752941 1.000000
0.000000 0.000000 0.000000 1.000000
125.440002
1.000000
""
""

Bones: 0
GroupComments: 0
MaterialComments: 0
BoneComments: 0
ModelComment: 0
