// MilkShape 3D ASCII

Frames: 30
Frame: 1

Meshes: 2
"MDL-Cylin1" 0 0
96
1 0.141598 9.734674 0.514554 0.912884 0.657075 -1
1 0.253563 9.698295 0.915495 0.819452 0.657075 -1
1 0.201826 9.371640 0.915495 0.819452 0.759794 -1
1 0.084099 9.371640 0.514554 0.912884 0.759794 -1
1 -0.158749 9.832263 0.240909 1.004820 0.657075 -1
1 -0.231705 9.371640 0.240909 1.004820 0.759794 -1
1 -0.231705 9.371640 0.240909 0.004820 0.759794 -1
1 -0.645319 9.371640 0.181440 0.095102 0.759794 -1
1 -0.552120 9.960076 0.181440 0.095102 0.657075 -1
1 -0.158749 9.832263 0.240909 0.004820 0.657075 -1
1 -0.913622 10.077537 0.355029 0.184684 0.657075 -1
1 -1.025425 9.371640 0.355029 0.184684 0.759794 -1
1 -1.128481 10.147347 0.706563 0.274454 0.657075 -1
1 -1.251342 9.371640 0.706563 0.274454 0.759794 -1
1 -1.128481 10.147347 1.124430 0.364451 0.657075 -1
1 -1.251341 9.371640 1.124430 0.364451 0.759794 -1
1 -0.913622 10.077537 1.475963 0.454221 0.657075 -1
1 -1.025425 9.371640 1.475963 0.454221 0.759794 -1
1 -0.552120 9.960076 1.649551 0.543803 0.657075 -1
1 -0.645319 9.371640 1.649551 0.543803 0.759794 -1
1 -0.158749 9.832263 1.590082 0.634085 0.657075 -1
1 -0.231705 9.371640 1.590083 0.634085 0.759794 -1
1 0.141598 9.734674 1.316436 0.726021 0.657075 -1
1 0.084099 9.371640 1.316436 0.726021 0.759794 -1
1 0.308467 10.062173 0.514554 0.912884 0.554356 -1
1 0.403710 9.992974 0.915495 0.819452 0.554356 -1
1 0.052976 10.247798 0.240909 1.004820 0.554356 -1
1 -0.281645 10.490914 0.181440 0.095102 0.554356 -1
1 0.052976 10.247798 0.240909 0.004820 0.554356 -1
1 -0.589157 10.714335 0.355029 0.184684 0.554356 -1
1 -0.771927 10.847125 0.706562 0.274454 0.554356 -1
1 -0.771927 10.847125 1.124429 0.364451 0.554356 -1
1 -0.589157 10.714335 1.475963 0.454221 0.554356 -1
1 -0.281645 10.490914 1.649551 0.543803 0.554356 -1
1 0.052977 10.247796 1.590082 0.634085 0.554356 -1
1 0.308467 10.062173 1.316436 0.726021 0.554356 -1
1 0.568371 10.322078 0.514554 0.912884 0.451637 -1
1 0.637569 10.226834 0.915495 0.819452 0.451637 -1
1 0.382746 10.577567 0.240909 1.004820 0.451637 -1
1 0.139630 10.912189 0.181440 0.095102 0.451637 -1
1 0.382746 10.577567 0.240909 0.004820 0.451637 -1
1 -0.083791 11.219701 0.355029 0.184684 0.451637 -1
1 -0.216581 11.402471 0.706562 0.274454 0.451637 -1
1 -0.216581 11.402471 1.124429 0.364451 0.451637 -1
1 -0.083791 11.219701 1.475962 0.454221 0.451637 -1
1 0.139630 10.912189 1.649551 0.543803 0.451637 -1
1 0.382747 10.577567 1.590082 0.634085 0.451637 -1
1 0.568371 10.322078 1.316436 0.726021 0.451637 -1
1 0.895870 10.488946 0.514554 0.912884 0.348918 -1
1 0.932249 10.376981 0.915495 0.819452 0.348918 -1
1 0.798281 10.789294 0.240909 1.004820 0.348918 -1
1 0.670467 11.182664 0.181440 0.095102 0.348918 -1
1 0.798281 10.789294 0.240909 0.004820 0.348918 -1
1 0.553008 11.544166 0.355029 0.184684 0.348918 -1
1 0.483196 11.759027 0.706562 0.274454 0.348918 -1
1 0.483196 11.759027 1.124429 0.364451 0.348918 -1
1 0.553008 11.544166 1.475962 0.454221 0.348918 -1
1 0.670467 11.182662 1.649551 0.543803 0.348918 -1
1 0.798281 10.789292 1.590082 0.634085 0.348918 -1
1 0.895870 10.488946 1.316436 0.726021 0.348918 -1
1 1.258905 10.546445 0.514554 0.912884 0.246199 -1
1 1.258905 10.428720 0.915495 0.819452 0.246199 -1
1 1.258905 10.862248 0.240909 1.004820 0.246199 -1
1 1.258905 11.275863 0.181440 0.095102 0.246199 -1
1 1.258905 10.862248 0.240909 0.004820 0.246199 -1
1 1.258905 11.655969 0.355029 0.184684 0.246199 -1
1 1.258905 11.881886 0.706562 0.274454 0.246199 -1
1 1.258906 11.881886 1.124429 0.364451 0.246199 -1
1 1.258906 11.655969 1.475962 0.454221 0.246199 -1
1 1.258905 11.275863 1.649551 0.543803 0.246199 -1
1 1.258905 10.862248 1.590082 0.634085 0.246199 -1
1 1.258905 10.546445 1.316436 0.726021 0.246199 -1
1 0.084099 9.195539 0.514554 1.357133 -0.286574 -1
1 0.201826 9.195539 0.915495 1.263702 -0.286574 -1
1 0.201825 0.366274 0.915495 1.263702 1.264492 -1
1 0.084097 0.366274 0.514554 1.357133 1.264492 -1
1 -0.231705 9.195540 0.240909 1.449069 -0.286574 -1
1 -0.231706 0.366274 0.240909 1.449069 1.264492 -1
1 -0.231706 0.366274 0.240909 0.449070 1.264492 -1
1 -0.645320 0.366274 0.181440 0.539351 1.264492 -1
1 -0.645319 9.195540 0.181440 0.539351 -0.286574 -1
1 -0.231705 9.195540 0.240909 0.449070 -0.286574 -1
1 -1.025425 9.195540 0.355029 0.628934 -0.286574 -1
1 -1.025427 0.366274 0.355029 0.628934 1.264492 -1
1 -1.251341 9.195540 0.706563 0.718704 -0.286574 -1
1 -1.251342 0.366274 0.706563 0.718704 1.264492 -1
1 -1.251341 9.195540 1.124430 0.808700 -0.286574 -1
1 -1.251342 0.366274 1.124430 0.808700 1.264492 -1
1 -1.025425 9.195540 1.475963 0.898470 -0.286574 -1
1 -1.025426 0.366274 1.475963 0.898470 1.264492 -1
1 -0.645319 9.195540 1.649551 0.988053 -0.286574 -1
1 -0.645320 0.366274 1.649551 0.988053 1.264492 -1
1 -0.231704 9.195539 1.590083 1.078334 -0.286574 -1
1 -0.231705 0.366274 1.590082 1.078334 1.264492 -1
1 0.084099 9.195539 1.316436 1.170270 -0.286574 -1
1 0.084098 0.366274 1.316436 1.170270 1.264492 -1
96
0.802142 -0.251961 -0.541372
0.951056 -0.309017 -0.000000
0.983105 -0.155709 -0.096222
0.778125 -0.123244 -0.615900
0.633114 -0.169381 -0.755299
0.651365 -0.103167 -0.751718
0.142279 -0.022535 -0.989570
-0.237649 0.037640 -0.970621
-0.130332 0.058472 -0.989745
0.133024 -0.051122 -0.989793
-0.618483 0.213154 -0.756336
-0.720044 0.114044 -0.684493
-0.911061 0.300518 -0.282235
-0.970610 0.153730 -0.185156
-0.913704 0.292384 0.282235
-0.917470 0.145313 0.370314
-0.625652 0.191090 0.756336
-0.575030 0.091076 0.813047
-0.139809 0.029302 0.989745
-0.044972 0.007123 0.998963
0.390058 -0.141504 0.909852
0.499903 -0.079177 0.862455
0.797046 -0.267647 0.541371
0.880859 -0.139515 0.452354
0.685022 -0.487505 -0.541372
0.809018 -0.587785 -0.000000
0.549786 -0.356733 -0.755299
-0.105884 0.095885 -0.989745
0.110716 -0.089727 -0.989793
-0.522344 0.393844 -0.756336
-0.773605 0.567343 -0.282235
-0.778633 0.560424 0.282235
-0.535980 0.375074 0.756336
-0.123911 0.071072 0.989745
0.327241 -0.255113 0.909852
0.675330 -0.500847 0.541371
0.500848 -0.675328 -0.541372
0.587785 -0.809017 0.000000
0.412642 -0.509167 -0.755298
-0.071072 0.123912 -0.989745
0.077570 -0.119549 -0.989793
-0.375074 0.535980 -0.756336
-0.560424 0.778632 -0.282235
-0.567343 0.773605 0.282236
-0.393843 0.522344 0.756336
-0.095884 0.105884 0.989745
0.232390 -0.343750 0.909852
0.487506 -0.685023 0.541370
0.267645 -0.797046 -0.541372
0.309018 -0.951056 0.000001
0.235103 -0.611759 -0.755299
-0.029302 0.139809 -0.989745
0.036831 -0.137668 -0.989793
-0.191089 0.625651 -0.756337
-0.292384 0.913704 -0.282236
-0.300519 0.911060 0.282237
-0.213154 0.618482 0.756337
-0.058471 0.130331 0.989745
0.114791 -0.398738 0.909852
0.251962 -0.802143 0.541370
0.139515 -0.880859 -0.452353
0.155711 -0.983105 0.096222
0.103165 -0.651366 -0.751718
-0.007123 0.044972 -0.998963
0.022534 -0.142279 -0.989570
-0.091076 0.575029 -0.813048
-0.145313 0.917470 -0.370316
-0.153729 0.970610 0.185158
-0.114043 0.720043 0.684494
-0.037640 0.237648 0.970622
0.051283 -0.323784 0.944740
0.123243 -0.778127 0.615897
0.889916 -0.000000 -0.456124
0.995244 -0.000000 0.097410
0.995244 -0.000000 -0.097410
0.784589 -0.000000 -0.620017
0.654860 -0.000000 -0.755750
0.654861 -0.000000 -0.755749
0.142315 -0.000000 -0.989821
-0.238057 0.000000 -0.971251
-0.045220 0.000000 -0.998977
0.142315 -0.000000 -0.989821
-0.578130 0.000000 -0.815945
-0.725365 0.000000 -0.688365
-0.927487 0.000000 -0.373856
-0.982374 0.000000 -0.186928
-0.982374 0.000000 0.186928
-0.927487 0.000000 0.373856
-0.725365 0.000000 0.688365
-0.578129 0.000000 0.815945
-0.238057 0.000000 0.971251
-0.045220 -0.000000 0.998977
0.324833 -0.000000 0.945771
0.502048 -0.000000 0.864840
0.784590 -0.000000 0.620015
0.889917 -0.000000 0.456123
132
1 0 1 2 0 1 2 1
1 2 3 0 2 3 0 1
1 4 0 3 4 0 3 1
1 3 5 4 3 5 4 1
1 6 7 8 6 7 8 1
1 8 9 6 8 9 6 1
1 10 8 7 10 8 7 1
1 7 11 10 7 11 10 1
1 12 10 11 12 10 11 1
1 11 13 12 11 13 12 1
1 14 12 13 14 12 13 1
1 13 15 14 13 15 14 1
1 16 14 15 16 14 15 1
1 15 17 16 15 17 16 1
1 18 16 17 18 16 17 1
1 17 19 18 17 19 18 1
1 20 18 19 20 18 19 1
1 19 21 20 19 21 20 1
1 22 20 21 22 20 21 1
1 21 23 22 21 23 22 1
1 1 22 23 1 22 23 1
1 23 2 1 23 2 1 1
1 24 25 1 24 25 1 1
1 1 0 24 1 0 24 1
1 26 24 0 26 24 0 1
1 0 4 26 0 4 26 1
1 9 8 27 9 8 27 1
1 27 28 9 27 28 9 1
1 29 27 8 29 27 8 1
1 8 10 29 8 10 29 1
1 30 29 10 30 29 10 1
1 10 12 30 10 12 30 1
1 31 30 12 31 30 12 1
1 12 14 31 12 14 31 1
1 32 31 14 32 31 14 1
1 14 16 32 14 16 32 1
1 33 32 16 33 32 16 1
1 16 18 33 16 18 33 1
1 34 33 18 34 33 18 1
1 18 20 34 18 20 34 1
1 35 34 20 35 34 20 1
1 20 22 35 20 22 35 1
1 25 35 22 25 35 22 1
1 22 1 25 22 1 25 1
1 36 37 25 36 37 25 1
1 25 24 36 25 24 36 1
1 38 36 24 38 36 24 1
1 24 26 38 24 26 38 1
1 28 27 39 28 27 39 1
1 39 40 28 39 40 28 1
1 41 39 27 41 39 27 1
1 27 29 41 27 29 41 1
1 42 41 29 42 41 29 1
1 29 30 42 29 30 42 1
1 43 42 30 43 42 30 1
1 30 31 43 30 31 43 1
1 44 43 31 44 43 31 1
1 31 32 44 31 32 44 1
1 45 44 32 45 44 32 1
1 32 33 45 32 33 45 1
1 46 45 33 46 45 33 1
1 33 34 46 33 34 46 1
1 47 46 34 47 46 34 1
1 34 35 47 34 35 47 1
1 37 47 35 37 47 35 1
1 35 25 37 35 25 37 1
1 48 49 37 48 49 37 1
1 37 36 48 37 36 48 1
1 50 48 36 50 48 36 1
1 36 38 50 36 38 50 1
1 40 39 51 40 39 51 1
1 51 52 40 51 52 40 1
1 53 51 39 53 51 39 1
1 39 41 53 39 41 53 1
1 54 53 41 54 53 41 1
1 41 42 54 41 42 54 1
1 55 54 42 55 54 42 1
1 42 43 55 42 43 55 1
1 56 55 43 56 55 43 1
1 43 44 56 43 44 56 1
1 57 56 44 57 56 44 1
1 44 45 57 44 45 57 1
1 58 57 45 58 57 45 1
1 45 46 58 45 46 58 1
1 59 58 46 59 58 46 1
1 46 47 59 46 47 59 1
1 49 59 47 49 59 47 1
1 47 37 49 47 37 49 1
1 60 61 49 60 61 49 1
1 49 48 60 49 48 60 1
1 62 60 48 62 60 48 1
1 48 50 62 48 50 62 1
1 52 51 63 52 51 63 1
1 63 64 52 63 64 52 1
1 65 63 51 65 63 51 1
1 51 53 65 51 53 65 1
1 66 65 53 66 65 53 1
1 53 54 66 53 54 66 1
1 67 66 54 67 66 54 1
1 54 55 67 54 55 67 1
1 68 67 55 68 67 55 1
1 55 56 68 55 56 68 1
1 69 68 56 69 68 56 1
1 56 57 69 56 57 69 1
1 70 69 57 70 69 57 1
1 57 58 70 57 58 70 1
1 71 70 58 71 70 58 1
1 58 59 71 58 59 71 1
1 61 71 59 61 71 59 1
1 59 49 61 59 49 61 1
1 72 73 74 72 73 74 1
1 74 75 72 74 75 72 1
1 76 72 75 76 72 75 1
1 75 77 76 75 77 76 1
1 78 79 80 78 79 80 1
1 80 81 78 80 81 78 1
1 82 80 79 82 80 79 1
1 79 83 82 79 83 82 1
1 84 82 83 84 82 83 1
1 83 85 84 83 85 84 1
1 86 84 85 86 84 85 1
1 85 87 86 85 87 86 1
1 88 86 87 88 86 87 1
1 87 89 88 87 89 88 1
1 90 88 89 90 88 89 1
1 89 91 90 89 91 90 1
1 92 90 91 92 90 91 1
1 91 93 92 91 93 92 1
1 94 92 93 94 92 93 1
1 93 95 94 93 95 94 1
1 73 94 95 73 94 95 1
1 95 74 73 95 74 73 1
"MDL-Cylin2" 0 1
1014
1 1.397427 10.358821 0.401740 0.752960 0.412944 -1
1 1.397427 10.210269 0.907660 0.500000 0.412944 -1
1 1.056554 10.210269 0.907660 0.500000 0.583381 -1
1 1.056554 10.358821 0.401740 0.752960 0.583381 -1
1 1.056554 10.358821 0.401740 0.115863 0.583381 -1
1 1.056554 10.757312 0.056447 0.315108 0.583381 -1
1 1.397427 10.757312 0.056447 0.315108 0.412944 -1
1 1.397427 10.358821 0.401740 0.115863 0.412944 -1
1 1.397427 11.279223 -0.018593 0.576064 0.412944 -1
1 1.056554 11.279223 -0.018593 0.576064 0.583381 -1
1 1.397427 11.758853 0.200447 0.815878 0.412944 -1
1 1.056554 11.758853 0.200447 0.815878 0.583381 -1
1 1.056554 11.758853 0.200447 0.146393 0.583381 -1
1 1.056554 12.043921 0.644021 0.368181 0.583381 -1
1 1.397427 12.043921 0.644021 0.368181 0.412944 -1
1 1.397427 11.758853 0.200447 0.146393 0.412944 -1
1 1.397428 12.043921 1.171299 0.631819 0.412944 -1
1 1.056555 12.043921 1.171299 0.631819 0.583381 -1
1 1.397428 11.758851 1.614874 0.853607 0.412944 -1
1 1.056555 11.758851 1.614874 0.853607 0.583381 -1
1 1.056555 11.758851 1.614874 0.184122 0.583381 -1
1 1.056554 11.279223 1.833913 0.423936 0.583381 -1
1 1.397427 11.279223 1.833913 0.423936 0.412944 -1
1 1.397428 11.758851 1.614874 0.184122 0.412944 -1
1 1.397427 10.757310 1.758873 0.684892 0.412944 -1
1 1.056554 10.757310 1.758873 0.684892 0.583381 -1
1 1.397427 10.358821 1.413579 0.884137 0.412944 -1
1 1.056554 10.358821 1.413579 0.884137 0.583381 -1
1 1.056554 10.358821 1.413579 0.247040 0.583381 -1
1 1.397427 10.358821 1.413579 0.247040 0.412944 -1
1 1.056554 10.757310 1.758873 0.315108 0.925607 -1
1 1.056554 11.279223 1.833913 0.576064 0.963126 -1
1 1.056555 11.758851 1.614874 0.815878 0.853607 -1
1 1.056555 12.043921 1.171299 0.958412 0.631819 -1
1 1.056554 12.043921 0.644021 0.958412 0.368181 -1
1 1.056554 11.758853 0.200447 0.815878 0.146393 -1
1 1.056554 11.279223 -0.018593 0.576064 0.036874 -1
1 1.056554 10.757312 0.056447 0.315108 0.074394 -1
1 1.056554 10.358821 0.401740 0.115863 0.247040 -1
1 1.056554 10.210269 0.907660 0.041588 0.500000 -1
1 1.056554 10.358821 1.413579 0.115863 0.752960 -1
1 1.452853 10.419915 0.398348 0.754656 0.385231 -1
1 1.452853 10.374320 0.461104 0.723278 0.385231 -1
1 0.993778 10.374320 0.461104 0.723278 0.614769 -1
1 0.993778 10.419915 0.398348 0.754656 0.614769 -1
1 0.993778 10.419915 0.398348 0.146410 0.614769 -1
1 0.993778 10.493688 0.422319 0.183296 0.614769 -1
1 1.452853 10.493688 0.422319 0.183296 0.385231 -1
1 1.452853 10.419915 0.398348 0.146410 0.385231 -1
1 0.993778 10.493688 0.422319 0.257330 0.614769 -1
1 0.993778 10.493688 0.499889 0.296115 0.614769 -1
1 1.452853 10.493688 0.499889 0.296115 0.385231 -1
1 1.452853 10.493688 0.422319 0.257330 0.385231 -1
1 0.993778 10.493688 0.499889 0.816704 0.614769 -1
1 0.993778 10.419915 0.523859 0.853590 0.614769 -1
1 1.452853 10.419915 0.523859 0.853590 0.385231 -1
1 1.452853 10.493688 0.499889 0.816704 0.385231 -1
1 0.993778 10.419915 0.523859 0.691900 0.614769 -1
1 1.452853 10.419915 0.523859 0.691900 0.385231 -1
1 0.993778 10.493688 0.422319 0.272774 0.618547 -1
1 0.993778 10.419915 0.398348 0.309661 0.606562 -1
1 0.993778 10.374320 0.461104 0.332458 0.637940 -1
1 0.993778 10.493688 0.499889 0.272774 0.657332 -1
1 0.993778 10.419915 0.523859 0.309661 0.669318 -1
1 1.452853 10.772611 0.096491 0.905584 0.385231 -1
1 1.452853 10.727015 0.159247 0.874206 0.385231 -1
1 0.993778 10.727015 0.159247 0.874206 0.614769 -1
1 0.993778 10.772611 0.096491 0.905584 0.614769 -1
1 0.993778 10.772611 0.096491 0.322757 0.614769 -1
1 0.993778 10.846383 0.120462 0.359644 0.614769 -1
1 1.452853 10.846383 0.120462 0.359644 0.385231 -1
1 1.452853 10.772611 0.096491 0.322757 0.385231 -1
1 0.993778 10.846383 0.120462 0.106401 0.614769 -1
1 0.993778 10.846383 0.198032 0.145186 0.614769 -1
1 1.452853 10.846383 0.198032 0.145186 0.385231 -1
1 1.452853 10.846383 0.120462 0.106401 0.385231 -1
1 0.993778 10.846383 0.198032 0.640356 0.614769 -1
1 0.993778 10.772611 0.222002 0.677243 0.614769 -1
1 1.452853 10.772611 0.222002 0.677243 0.385231 -1
1 1.452853 10.846383 0.198032 0.640356 0.385231 -1
1 0.993778 10.772611 0.222002 0.842829 0.614769 -1
1 1.452853 10.772611 0.222002 0.842829 0.385231 -1
1 0.993778 10.846383 0.120462 0.359644 0.106401 -1
1 0.993778 10.772611 0.096491 0.322757 0.094416 -1
1 0.993778 10.727015 0.159247 0.299960 0.125794 -1
1 0.993778 10.846383 0.198032 0.359644 0.145186 -1
1 0.993778 10.772611 0.222002 0.322757 0.157171 -1
1 1.452853 11.245347 0.020915 0.943373 0.385231 -1
1 1.452853 11.199752 0.083670 0.911995 0.385231 -1
1 0.993778 11.199754 0.083670 0.911995 0.614769 -1
1 0.993778 11.245347 0.020915 0.943373 0.614769 -1
1 0.993778 11.245347 0.020915 0.559126 0.614769 -1
1 0.993778 11.319121 0.044885 0.596013 0.614769 -1
1 1.452853 11.319121 0.044885 0.596013 0.385231 -1
1 1.452853 11.245347 0.020915 0.559126 0.385231 -1
1 0.993778 11.319121 0.044885 0.068613 0.614769 -1
1 0.993778 11.319121 0.122455 0.107398 0.614769 -1
1 1.452853 11.319121 0.122455 0.107398 0.385231 -1
1 1.452853 11.319121 0.044885 0.068613 0.385231 -1
1 0.993778 11.319121 0.122455 0.403987 0.614769 -1
1 0.993778 11.245347 0.146426 0.440874 0.614769 -1
1 1.452853 11.245347 0.146426 0.440874 0.385231 -1
1 1.452853 11.319121 0.122455 0.403987 0.385231 -1
1 0.993778 11.245347 0.146426 0.880617 0.614769 -1
1 1.452853 11.245347 0.146426 0.880617 0.385231 -1
1 0.993778 11.319121 0.044885 -0.040802 0.491559 -1
1 0.993778 11.245347 0.020915 -0.003916 0.479574 -1
1 0.993778 11.199754 0.083670 0.018882 0.510951 -1
1 0.993778 11.319121 0.122455 -0.040802 0.530344 -1
1 0.993778 11.245347 0.146426 -0.003916 0.542329 -1
1 1.452853 11.667489 0.213969 0.846846 0.385231 -1
1 1.452853 11.621894 0.276724 0.815468 0.385231 -1
1 0.993778 11.621896 0.276724 0.815468 0.614769 -1
1 0.993778 11.667489 0.213969 0.846846 0.614769 -1
1 0.993778 11.667489 0.213969 0.770197 0.614769 -1
1 0.993778 11.741263 0.237939 0.807084 0.614769 -1
1 1.452853 11.741263 0.237939 0.807084 0.385231 -1
1 1.452853 11.667489 0.213969 0.770197 0.385231 -1
1 0.993778 11.741263 0.237939 0.165140 0.614769 -1
1 0.993778 11.741263 0.315509 0.203925 0.614769 -1
1 1.452853 11.741263 0.315509 0.203925 0.385231 -1
1 1.452853 11.741263 0.237939 0.165140 0.385231 -1
1 0.993778 11.741263 0.315509 0.192916 0.614769 -1
1 0.993778 11.667489 0.339480 0.229803 0.614769 -1
1 1.452853 11.667489 0.339480 0.229803 0.385231 -1
1 1.452853 11.741263 0.315509 0.192916 0.385231 -1
1 0.993778 11.667489 0.339480 0.784090 0.614769 -1
1 1.452853 11.667489 0.339480 0.784090 0.385231 -1
1 0.993778 11.741263 0.237939 0.260659 0.133540 -1
1 0.993778 11.667489 0.213969 0.297546 0.121555 -1
1 0.993778 11.621896 0.276724 0.320343 0.152933 -1
1 0.993778 11.741263 0.315509 0.260659 0.172325 -1
1 0.993778 11.667489 0.339480 0.297546 0.184311 -1
1 1.452853 11.910035 0.613185 0.647238 0.385231 -1
1 1.452853 11.864440 0.675940 0.615860 0.385231 -1
1 0.993778 11.864440 0.675940 0.615860 0.614769 -1
1 0.993778 11.910035 0.613185 0.647238 0.614769 -1
1 0.993778 11.910035 0.613185 0.891470 0.614769 -1
1 0.993778 11.983809 0.637155 0.928356 0.614769 -1
1 1.452853 11.983809 0.637155 0.928356 0.385231 -1
1 1.452853 11.910035 0.613185 0.891470 0.385231 -1
1 0.993778 11.983809 0.637155 0.364747 0.614769 -1
1 0.993778 11.983809 0.714725 0.403532 0.614769 -1
1 1.452853 11.983809 0.714725 0.403532 0.385231 -1
1 1.452853 11.983809 0.637155 0.364747 0.385231 -1
1 0.993778 11.983809 0.714725 0.071644 0.614769 -1
1 0.993778 11.910035 0.738696 0.108530 0.614769 -1
1 1.452853 11.910035 0.738696 0.108530 0.385231 -1
1 1.452853 11.983809 0.714725 0.071644 0.385231 -1
1 0.993778 11.910035 0.738696 0.584482 0.614769 -1
1 1.452853 11.910035 0.738696 0.584482 0.385231 -1
1 0.993778 11.983809 0.637155 0.017800 0.129257 -1
1 0.993778 11.910035 0.613185 0.054687 0.117272 -1
1 0.993778 11.864440 0.675940 0.077485 0.148650 -1
1 0.993778 11.983809 0.714725 0.017800 0.168042 -1
1 0.993778 11.910035 0.738696 0.054687 0.180028 -1
1 1.452853 11.909940 1.073565 0.417048 0.385231 -1
1 1.452853 11.864347 1.136321 0.385670 0.385231 -1
1 0.993778 11.864347 1.136321 0.385670 0.614769 -1
1 0.993778 11.909942 1.073565 0.417048 0.614769 -1
1 0.993778 11.909942 1.073565 0.891423 0.614769 -1
1 0.993778 11.983714 1.097536 0.928309 0.614769 -1
1 1.452853 11.983714 1.097536 0.928309 0.385231 -1
1 1.452853 11.909940 1.073565 0.891423 0.385231 -1
1 0.993778 11.983714 1.097536 0.594938 0.614769 -1
1 0.993779 11.983714 1.175106 0.633723 0.614769 -1
1 1.452854 11.983714 1.175106 0.633723 0.385231 -1
1 1.452853 11.983714 1.097536 0.594938 0.385231 -1
1 0.993779 11.983714 1.175106 0.071691 0.614769 -1
1 0.993778 11.909942 1.199076 0.108577 0.614769 -1
1 1.452853 11.909940 1.199076 0.108577 0.385231 -1
1 1.452854 11.983714 1.175106 0.071691 0.385231 -1
1 0.993778 11.909942 1.199076 0.354292 0.614769 -1
1 1.452853 11.909940 1.199076 0.354292 0.385231 -1
1 0.993778 11.983714 1.097536 0.001013 0.641902 -1
1 0.993778 11.909942 1.073565 0.037899 0.629917 -1
1 0.993778 11.864347 1.136321 0.060697 0.661294 -1
1 0.993779 11.983714 1.175106 0.001013 0.680687 -1
1 0.993778 11.909942 1.199076 0.037899 0.692672 -1
1 1.452853 11.655116 1.464495 0.221582 0.385231 -1
1 1.452853 11.609521 1.527251 0.190205 0.385231 -1
1 0.993778 11.609521 1.527251 0.190205 0.614769 -1
1 0.993778 11.655116 1.464495 0.221582 0.614769 -1
1 0.993778 11.655116 1.464495 0.764011 0.614769 -1
1 0.993779 11.728890 1.488466 0.800897 0.614769 -1
1 1.452854 11.728890 1.488466 0.800897 0.385231 -1
1 1.452853 11.655116 1.464495 0.764011 0.385231 -1
1 0.993779 11.728890 1.488466 0.790403 0.614769 -1
1 0.993779 11.728890 1.566036 0.829188 0.614769 -1
1 1.452854 11.728890 1.566036 0.829188 0.385231 -1
1 1.452854 11.728890 1.488466 0.790403 0.385231 -1
1 0.993779 11.728890 1.566036 0.199102 0.614769 -1
1 0.993779 11.655116 1.590006 0.235989 0.614769 -1
1 1.452854 11.655116 1.590006 0.235989 0.385231 -1
1 1.452854 11.728890 1.566036 0.199102 0.385231 -1
1 0.993779 11.655116 1.590006 0.158827 0.614769 -1
1 1.452854 11.655116 1.590006 0.158827 0.385231 -1
1 0.993779 11.728890 1.488466 0.293033 0.519372 -1
1 0.993778 11.655116 1.464495 0.329920 0.507387 -1
1 0.993778 11.609521 1.527251 0.352718 0.538765 -1
1 0.993779 11.728890 1.566036 0.293033 0.558157 -1
1 0.993779 11.655116 1.590006 0.329920 0.570143 -1
1 1.452853 11.245322 1.668093 0.119783 0.385231 -1
1 1.452853 11.199727 1.730849 0.088406 0.385231 -1
1 0.993778 11.199727 1.730849 0.088406 0.614769 -1
1 0.993778 11.245322 1.668093 0.119783 0.614769 -1
1 0.993778 11.245322 1.668093 0.559114 0.614769 -1
1 0.993778 11.319097 1.692064 0.596001 0.614769 -1
1 1.452853 11.319097 1.692064 0.596001 0.385231 -1
1 1.452853 11.245322 1.668093 0.559114 0.385231 -1
1 0.993778 11.319097 1.692064 0.892202 0.614769 -1
1 0.993778 11.319097 1.769634 0.930987 0.614769 -1
1 1.452853 11.319097 1.769634 0.930987 0.385231 -1
1 1.452853 11.319097 1.692064 0.892202 0.385231 -1
1 0.993778 11.319097 1.769634 0.403999 0.614769 -1
1 0.993778 11.245322 1.793604 0.440886 0.614769 -1
1 1.452853 11.245322 1.793604 0.440886 0.385231 -1
1 1.452853 11.319097 1.769634 0.403999 0.385231 -1
1 0.993778 11.245322 1.793604 0.057028 0.614769 -1
1 1.452853 11.245322 1.793604 0.057028 0.385231 -1
1 0.993778 11.319097 1.692064 0.357639 0.550090 -1
1 0.993778 11.245322 1.668093 0.394525 0.538105 -1
1 0.993778 11.199727 1.730849 0.417323 0.569483 -1
1 0.993778 11.319097 1.769634 0.357639 0.588875 -1
1 0.993778 11.245322 1.793604 0.394525 0.600860 -1
1 1.452853 10.798820 1.585406 0.161127 0.385231 -1
1 1.452853 10.753224 1.648161 0.129749 0.385231 -1
1 0.993778 10.753224 1.648161 0.129749 0.614769 -1
1 0.993778 10.798820 1.585406 0.161127 0.614769 -1
1 0.993778 10.798820 1.585406 0.335862 0.614769 -1
1 0.993778 10.872592 1.609376 0.372749 0.614769 -1
1 1.452853 10.872592 1.609376 0.372749 0.385231 -1
1 1.452853 10.798820 1.585406 0.335862 0.385231 -1
1 0.993778 10.872592 1.609376 0.850858 0.614769 -1
1 0.993778 10.872592 1.686947 0.889643 0.614769 -1
1 1.452853 10.872592 1.686947 0.889643 0.385231 -1
1 1.452853 10.872592 1.609376 0.850858 0.385231 -1
1 0.993778 10.872592 1.686947 0.627251 0.614769 -1
1 0.993778 10.798820 1.710917 0.664138 0.614769 -1
1 1.452853 10.798820 1.710917 0.664138 0.385231 -1
1 1.452853 10.872592 1.686947 0.627251 0.385231 -1
1 0.993778 10.798820 1.710917 0.098371 0.614769 -1
1 1.452853 10.798820 1.710917 0.098371 0.385231 -1
1 0.993778 10.872592 1.609376 0.204908 0.534934 -1
1 0.993778 10.798820 1.585406 0.241795 0.522949 -1
1 0.993778 10.753224 1.648161 0.264592 0.554327 -1
1 0.993778 10.872592 1.686947 0.204908 0.573719 -1
1 0.993778 10.798820 1.710917 0.241795 0.585705 -1
1 1.452853 10.446126 1.285464 0.311098 0.385231 -1
1 1.452853 10.400533 1.348219 0.279720 0.385231 -1
1 0.993778 10.400533 1.348219 0.279720 0.614769 -1
1 0.993778 10.446126 1.285464 0.311098 0.614769 -1
1 0.993778 10.446126 1.285464 0.159516 0.614769 -1
1 0.993778 10.519900 1.309434 0.196403 0.614769 -1
1 1.452853 10.519900 1.309434 0.196403 0.385231 -1
1 1.452853 10.446126 1.285464 0.159516 0.385231 -1
1 0.993778 10.519900 1.309434 0.700887 0.614769 -1
1 0.993778 10.519900 1.387004 0.739672 0.614769 -1
1 1.452853 10.519900 1.387004 0.739672 0.385231 -1
1 1.452853 10.519900 1.309434 0.700887 0.385231 -1
1 0.993778 10.519900 1.387004 0.803597 0.614769 -1
1 0.993778 10.446126 1.410975 0.840484 0.614769 -1
1 1.452853 10.446126 1.410975 0.840484 0.385231 -1
1 1.452853 10.519900 1.387004 0.803597 0.385231 -1
1 0.993778 10.446126 1.410975 0.248342 0.614769 -1
1 1.452853 10.446126 1.410975 0.248342 0.385231 -1
1 0.993778 10.519900 1.309434 0.375642 0.622524 -1
1 0.993778 10.446126 1.285464 0.412529 0.610539 -1
1 0.993778 10.400533 1.348219 0.435327 0.641917 -1
1 0.993778 10.519900 1.387004 0.375642 0.661309 -1
1 0.993778 10.446126 1.410975 0.412529 0.673294 -1
1 1.452853 10.317588 0.843348 0.532156 0.385231 -1
1 1.452853 10.271995 0.906104 0.500778 0.385231 -1
1 0.993778 10.271995 0.906104 0.500778 0.614769 -1
1 0.993778 10.317590 0.843348 0.532156 0.614769 -1
1 0.993778 10.317590 0.843348 0.095247 0.614769 -1
1 0.993778 10.391362 0.867319 0.132134 0.614769 -1
1 1.452853 10.391362 0.867319 0.132134 0.385231 -1
1 1.452853 10.317588 0.843348 0.095247 0.385231 -1
1 0.993778 10.391362 0.867319 0.479829 0.614769 -1
1 0.993778 10.391362 0.944889 0.518614 0.614769 -1
1 1.452853 10.391362 0.944889 0.518614 0.385231 -1
1 1.452853 10.391362 0.867319 0.479829 0.385231 -1
1 0.993778 10.391362 0.944889 0.867866 0.614769 -1
1 0.993778 10.317590 0.968859 0.904753 0.614769 -1
1 1.452853 10.317588 0.968859 0.904753 0.385231 -1
1 1.452853 10.391362 0.944889 0.867866 0.385231 -1
1 0.993778 10.317590 0.968859 0.469400 0.614769 -1
1 1.452853 10.317588 0.968859 0.469400 0.385231 -1
1 0.993778 10.391362 0.867319 0.286526 0.145200 -1
1 0.993778 10.317590 0.843348 0.323413 0.133215 -1
1 0.993778 10.271995 0.906104 0.346210 0.164592 -1
1 0.993778 10.391362 0.944889 0.286526 0.183985 -1
1 0.993778 10.317590 0.968859 0.323413 0.195970 -1
1 0.232246 9.537391 0.419753 0.752960 0.412944 -1
1 0.380797 9.537391 0.925673 0.500000 0.412944 -1
1 0.380797 9.196517 0.925673 0.500000 0.583381 -1
1 0.232246 9.196517 0.419753 0.752960 0.583381 -1
1 0.232246 9.196517 0.419753 0.115863 0.583381 -1
1 -0.166244 9.196517 0.074460 0.315108 0.583381 -1
1 -0.166244 9.537391 0.074460 0.315108 0.412944 -1
1 0.232246 9.537391 0.419753 0.115863 0.412944 -1
1 -0.688155 9.537391 -0.000580 0.576064 0.412944 -1
1 -0.688155 9.196517 -0.000580 0.576064 0.583381 -1
1 -1.167784 9.537391 0.218461 0.815878 0.412944 -1
1 -1.167784 9.196517 0.218461 0.815878 0.583381 -1
1 -1.167784 9.196517 0.218461 0.146393 0.583381 -1
1 -1.452852 9.196517 0.662035 0.368181 0.583381 -1
1 -1.452852 9.537391 0.662035 0.368181 0.412944 -1
1 -1.167784 9.537391 0.218461 0.146393 0.412944 -1
1 -1.452852 9.537391 1.189313 0.631819 0.412944 -1
1 -1.452852 9.196517 1.189313 0.631819 0.583381 -1
1 -1.167784 9.537391 1.632887 0.853607 0.412944 -1
1 -1.167784 9.196517 1.632887 0.853607 0.583381 -1
1 -1.167784 9.196517 1.632887 0.184122 0.583381 -1
1 -0.688155 9.196517 1.851926 0.423936 0.583381 -1
1 -0.688155 9.537391 1.851926 0.423936 0.412944 -1
1 -1.167784 9.537391 1.632887 0.184122 0.412944 -1
1 -0.166244 9.537391 1.776886 0.684892 0.412944 -1
1 -0.166244 9.196517 1.776886 0.684892 0.583381 -1
1 0.232246 9.537391 1.431592 0.884137 0.412944 -1
1 0.232246 9.196517 1.431592 0.884137 0.583381 -1
1 0.232246 9.196517 1.431592 0.247040 0.583381 -1
1 0.232246 9.537391 1.431592 0.247040 0.412944 -1
1 -0.166244 9.196517 1.776886 0.315108 0.925607 -1
1 -0.688155 9.196517 1.851926 0.576064 0.963126 -1
1 -1.167784 9.196517 1.632887 0.815878 0.853607 -1
1 -1.452852 9.196517 1.189313 0.958412 0.631819 -1
1 -1.452852 9.196517 0.662035 0.958412 0.368181 -1
1 -1.167784 9.196517 0.218461 0.815878 0.146393 -1
1 -0.688155 9.196517 -0.000580 0.576064 0.036874 -1
1 -0.166244 9.196517 0.074460 0.315108 0.074394 -1
1 0.232246 9.196517 0.419753 0.115863 0.247040 -1
1 0.380797 9.196517 0.925673 0.041588 0.500000 -1
1 0.232246 9.196517 1.431592 0.115863 0.752960 -1
1 0.232246 9.537391 0.419753 0.884137 0.247040 -1
1 -0.166244 9.537391 0.074460 0.684892 0.074394 -1
1 -0.688155 9.537391 -0.000580 0.423936 0.036874 -1
1 -1.167784 9.537391 0.218461 0.184122 0.146393 -1
1 -1.452852 9.537391 0.662035 0.041588 0.368181 -1
1 -1.452852 9.537391 1.189313 0.041588 0.631819 -1
1 -1.167784 9.537391 1.632887 0.184122 0.853607 -1
1 -0.688155 9.537391 1.851926 0.423936 0.963126 -1
1 -0.166244 9.537391 1.776886 0.684892 0.925607 -1
1 0.232246 9.537391 1.431592 0.884137 0.752960 -1
1 0.380797 9.537391 0.925673 0.958412 0.500000 -1
1 0.171153 9.592816 0.416361 0.754656 0.385231 -1
1 0.216748 9.592816 0.479117 0.723278 0.385231 -1
1 0.216748 9.133742 0.479117 0.723278 0.614769 -1
1 0.171153 9.133742 0.416361 0.754656 0.614769 -1
1 0.171153 9.133742 0.416361 0.146410 0.614769 -1
1 0.097380 9.133742 0.440332 0.183296 0.614769 -1
1 0.097380 9.592816 0.440332 0.183296 0.385231 -1
1 0.171153 9.592816 0.416361 0.146410 0.385231 -1
1 0.097380 9.133742 0.440332 0.257330 0.614769 -1
1 0.097380 9.133742 0.517902 0.296115 0.614769 -1
1 0.097380 9.592816 0.517902 0.296115 0.385231 -1
1 0.097380 9.592816 0.440332 0.257330 0.385231 -1
1 0.097380 9.133742 0.517902 0.816704 0.614769 -1
1 0.171153 9.133742 0.541872 0.853590 0.614769 -1
1 0.171153 9.592816 0.541872 0.853590 0.385231 -1
1 0.097380 9.592816 0.517902 0.816704 0.385231 -1
1 0.171153 9.133742 0.541872 0.691900 0.614769 -1
1 0.171153 9.592816 0.541872 0.691900 0.385231 -1
1 0.097380 9.133742 0.440332 0.183296 0.257330 -1
1 0.171153 9.133742 0.416361 0.146410 0.245344 -1
1 0.216748 9.133742 0.479117 0.123612 0.276722 -1
1 0.097380 9.133742 0.517902 0.183296 0.296115 -1
1 0.171153 9.133742 0.541872 0.146410 0.308100 -1
1 0.097380 9.592816 0.440332 0.816704 0.257330 -1
1 0.097380 9.592816 0.517902 0.816704 0.296115 -1
1 0.171153 9.592816 0.541872 0.853590 0.308100 -1
1 0.171153 9.592816 0.416361 0.853590 0.245344 -1
1 0.216748 9.592816 0.479117 0.876388 0.276722 -1
1 -0.181542 9.592816 0.114504 0.905584 0.385231 -1
1 -0.135948 9.592816 0.177260 0.874206 0.385231 -1
1 -0.135948 9.133742 0.177260 0.874206 0.614769 -1
1 -0.181542 9.133742 0.114504 0.905584 0.614769 -1
1 -0.181542 9.133742 0.114504 0.322757 0.614769 -1
1 -0.255316 9.133742 0.138475 0.359644 0.614769 -1
1 -0.255316 9.592816 0.138475 0.359644 0.385231 -1
1 -0.181542 9.592816 0.114504 0.322757 0.385231 -1
1 -0.255316 9.133742 0.138475 0.106401 0.614769 -1
1 -0.255316 9.133742 0.216045 0.145186 0.614769 -1
1 -0.255316 9.592816 0.216045 0.145186 0.385231 -1
1 -0.255316 9.592816 0.138475 0.106401 0.385231 -1
1 -0.255316 9.133742 0.216045 0.640356 0.614769 -1
1 -0.181542 9.133742 0.240015 0.677243 0.614769 -1
1 -0.181542 9.592816 0.240015 0.677243 0.385231 -1
1 -0.255316 9.592816 0.216045 0.640356 0.385231 -1
1 -0.181542 9.133742 0.240015 0.842829 0.614769 -1
1 -0.181542 9.592816 0.240015 0.842829 0.385231 -1
1 -0.255316 9.133742 0.138475 0.359644 0.106401 -1
1 -0.181542 9.133742 0.114504 0.322757 0.094416 -1
1 -0.135948 9.133742 0.177260 0.299960 0.125794 -1
1 -0.255316 9.133742 0.216045 0.359644 0.145186 -1
1 -0.181542 9.133742 0.240015 0.322757 0.157171 -1
1 -0.255316 9.592816 0.138475 0.640356 0.106401 -1
1 -0.255316 9.592816 0.216045 0.640356 0.145186 -1
1 -0.181542 9.592816 0.240015 0.677243 0.157171 -1
1 -0.181542 9.592816 0.114504 0.677243 0.094416 -1
1 -0.135948 9.592816 0.177260 0.700040 0.125794 -1
1 -0.654280 9.592816 0.038928 0.943373 0.385231 -1
1 -0.608685 9.592816 0.101683 0.911995 0.385231 -1
1 -0.608685 9.133742 0.101683 0.911995 0.614769 -1
1 -0.654280 9.133742 0.038928 0.943373 0.614769 -1
1 -0.654280 9.133742 0.038928 0.559126 0.614769 -1
1 -0.728053 9.133742 0.062898 0.596013 0.614769 -1
1 -0.728053 9.592816 0.062898 0.596013 0.385231 -1
1 -0.654280 9.592816 0.038928 0.559126 0.385231 -1
1 -0.728053 9.133742 0.062898 0.068613 0.614769 -1
1 -0.728053 9.133742 0.140468 0.107398 0.614769 -1
1 -0.728053 9.592816 0.140468 0.107398 0.385231 -1
1 -0.728053 9.592816 0.062898 0.068613 0.385231 -1
1 -0.728053 9.133742 0.140468 0.403987 0.614769 -1
1 -0.654280 9.133742 0.164439 0.440874 0.614769 -1
1 -0.654280 9.592816 0.164439 0.440874 0.385231 -1
1 -0.728053 9.592816 0.140468 0.403987 0.385231 -1
1 -0.654280 9.133742 0.164439 0.880617 0.614769 -1
1 -0.654280 9.592816 0.164439 0.880617 0.385231 -1
1 -0.728053 9.133742 0.062898 0.596013 0.068613 -1
1 -0.654280 9.133742 0.038928 0.559126 0.056627 -1
1 -0.608685 9.133742 0.101683 0.536329 0.088005 -1
1 -0.728053 9.133742 0.140468 0.596013 0.107398 -1
1 -0.654280 9.133742 0.164439 0.559126 0.119383 -1
1 -0.728053 9.592816 0.062898 0.403987 0.068613 -1
1 -0.728053 9.592816 0.140468 0.403987 0.107398 -1
1 -0.654280 9.592816 0.164439 0.440874 0.119383 -1
1 -0.654280 9.592816 0.038928 0.440874 0.056627 -1
1 -0.608685 9.592816 0.101683 0.463671 0.088005 -1
1 -1.076422 9.592816 0.231982 0.846846 0.385231 -1
1 -1.030827 9.592816 0.294737 0.815468 0.385231 -1
1 -1.030827 9.133742 0.294737 0.815468 0.614769 -1
1 -1.076422 9.133742 0.231982 0.846846 0.614769 -1
1 -1.076422 9.133742 0.231982 0.770197 0.614769 -1
1 -1.150195 9.133742 0.255952 0.807084 0.614769 -1
1 -1.150195 9.592816 0.255952 0.807084 0.385231 -1
1 -1.076422 9.592816 0.231982 0.770197 0.385231 -1
1 -1.150195 9.133742 0.255952 0.165140 0.614769 -1
1 -1.150195 9.133742 0.333523 0.203925 0.614769 -1
1 -1.150195 9.592816 0.333523 0.203925 0.385231 -1
1 -1.150195 9.592816 0.255952 0.165140 0.385231 -1
1 -1.150195 9.133742 0.333523 0.192916 0.614769 -1
1 -1.076422 9.133742 0.357494 0.229803 0.614769 -1
1 -1.076422 9.592816 0.357493 0.229803 0.385231 -1
1 -1.150195 9.592816 0.333523 0.192916 0.385231 -1
1 -1.076422 9.133742 0.357494 0.784090 0.614769 -1
1 -1.076422 9.592816 0.357493 0.784090 0.385231 -1
1 -1.150195 9.133742 0.255952 0.807084 0.165140 -1
1 -1.076422 9.133742 0.231982 0.770197 0.153154 -1
1 -1.030827 9.133742 0.294737 0.747400 0.184532 -1
1 -1.150195 9.133742 0.333523 0.807084 0.203925 -1
1 -1.076422 9.133742 0.357494 0.770197 0.215910 -1
1 -1.150195 9.592816 0.255952 0.192916 0.165140 -1
1 -1.150195 9.592816 0.333523 0.192916 0.203925 -1
1 -1.076422 9.592816 0.357493 0.229803 0.215910 -1
1 -1.076422 9.592816 0.231982 0.229803 0.153154 -1
1 -1.030827 9.592816 0.294737 0.252600 0.184532 -1
1 -1.318967 9.592816 0.631199 0.647238 0.385231 -1
1 -1.273372 9.592816 0.693954 0.615860 0.385231 -1
1 -1.273372 9.133742 0.693954 0.615860 0.614769 -1
1 -1.318967 9.133742 0.631199 0.647238 0.614769 -1
1 -1.318967 9.133742 0.631199 0.891470 0.614769 -1
1 -1.392740 9.133742 0.655169 0.928356 0.614769 -1
1 -1.392740 9.592816 0.655169 0.928356 0.385231 -1
1 -1.318967 9.592816 0.631199 0.891470 0.385231 -1
1 -1.392740 9.133742 0.655169 0.364747 0.614769 -1
1 -1.392740 9.133742 0.732739 0.403532 0.614769 -1
1 -1.392740 9.592816 0.732739 0.403532 0.385231 -1
1 -1.392740 9.592816 0.655169 0.364747 0.385231 -1
1 -1.392740 9.133742 0.732739 0.071644 0.614769 -1
1 -1.318967 9.133742 0.756709 0.108530 0.614769 -1
1 -1.318967 9.592816 0.756709 0.108530 0.385231 -1
1 -1.392740 9.592816 0.732739 0.071644 0.385231 -1
1 -1.318967 9.133742 0.756709 0.584482 0.614769 -1
1 -1.318967 9.592816 0.756709 0.584482 0.385231 -1
1 -1.392740 9.133742 0.655169 0.928356 0.364747 -1
1 -1.318967 9.133742 0.631199 0.891470 0.352762 -1
1 -1.273372 9.133742 0.693954 0.868672 0.384140 -1
1 -1.392740 9.133742 0.732739 0.928356 0.403532 -1
1 -1.318967 9.133742 0.756709 0.891470 0.415518 -1
1 -1.392740 9.592816 0.655169 0.071644 0.364747 -1
1 -1.392740 9.592816 0.732739 0.071644 0.403532 -1
1 -1.318967 9.592816 0.756709 0.108530 0.415518 -1
1 -1.318967 9.592816 0.631199 0.108530 0.352762 -1
1 -1.273372 9.592816 0.693954 0.131328 0.384140 -1
1 -1.318872 9.592816 1.091579 0.417048 0.385231 -1
1 -1.273278 9.592816 1.154335 0.385670 0.385231 -1
1 -1.273278 9.133742 1.154335 0.385670 0.614769 -1
1 -1.318872 9.133742 1.091579 0.417048 0.614769 -1
1 -1.318872 9.133742 1.091579 0.891423 0.614769 -1
1 -1.392646 9.133742 1.115550 0.928309 0.614769 -1
1 -1.392646 9.592816 1.115550 0.928309 0.385231 -1
1 -1.318872 9.592816 1.091579 0.891423 0.385231 -1
1 -1.392646 9.133742 1.115550 0.594938 0.614769 -1
1 -1.392646 9.133742 1.193120 0.633723 0.614769 -1
1 -1.392646 9.592816 1.193120 0.633723 0.385231 -1
1 -1.392646 9.592816 1.115550 0.594938 0.385231 -1
1 -1.392646 9.133742 1.193120 0.071691 0.614769 -1
1 -1.318872 9.133742 1.217090 0.108577 0.614769 -1
1 -1.318872 9.592816 1.217090 0.108577 0.385231 -1
1 -1.392646 9.592816 1.193120 0.071691 0.385231 -1
1 -1.318872 9.133742 1.217090 0.354292 0.614769 -1
1 -1.318872 9.592816 1.217090 0.354292 0.385231 -1
1 -1.392646 9.133742 1.115550 0.928309 0.594938 -1
1 -1.318872 9.133742 1.091579 0.891423 0.582952 -1
1 -1.273278 9.133742 1.154335 0.868625 0.614330 -1
1 -1.392646 9.133742 1.193120 0.928309 0.633723 -1
1 -1.318872 9.133742 1.217090 0.891423 0.645708 -1
1 -1.392646 9.592816 1.115550 0.071691 0.594938 -1
1 -1.392646 9.592816 1.193120 0.071691 0.633723 -1
1 -1.318872 9.592816 1.217090 0.108577 0.645708 -1
1 -1.318872 9.592816 1.091579 0.108577 0.582952 -1
1 -1.273278 9.592816 1.154335 0.131375 0.614330 -1
1 -1.064049 9.592816 1.482509 0.221582 0.385231 -1
1 -1.018454 9.592816 1.545265 0.190205 0.385231 -1
1 -1.018454 9.133742 1.545265 0.190205 0.614769 -1
1 -1.064049 9.133742 1.482509 0.221582 0.614769 -1
1 -1.064049 9.133742 1.482509 0.764011 0.614769 -1
1 -1.137822 9.133742 1.506480 0.800897 0.614769 -1
1 -1.137822 9.592816 1.506480 0.800897 0.385231 -1
1 -1.064049 9.592816 1.482509 0.764011 0.385231 -1
1 -1.137822 9.133742 1.506480 0.790403 0.614769 -1
1 -1.137822 9.133742 1.584050 0.829188 0.614769 -1
1 -1.137822 9.592816 1.584050 0.829188 0.385231 -1
1 -1.137822 9.592816 1.506480 0.790403 0.385231 -1
1 -1.137822 9.133742 1.584050 0.199102 0.614769 -1
1 -1.064049 9.133742 1.608019 0.235989 0.614769 -1
1 -1.064049 9.592816 1.608019 0.235989 0.385231 -1
1 -1.137822 9.592816 1.584050 0.199102 0.385231 -1
1 -1.064049 9.133742 1.608019 0.158827 0.614769 -1
1 -1.064049 9.592816 1.608019 0.158827 0.385231 -1
1 -1.137822 9.133742 1.506480 0.800897 0.790403 -1
1 -1.064049 9.133742 1.482509 0.764011 0.778418 -1
1 -1.018454 9.133742 1.545265 0.741213 0.809795 -1
1 -1.137822 9.133742 1.584050 0.800897 0.829188 -1
1 -1.064049 9.133742 1.608019 0.764011 0.841173 -1
1 -1.137822 9.592816 1.506480 0.199103 0.790403 -1
1 -1.137822 9.592816 1.584050 0.199102 0.829188 -1
1 -1.064049 9.592816 1.608019 0.235989 0.841173 -1
1 -1.064049 9.592816 1.482509 0.235989 0.778418 -1
1 -1.018454 9.592816 1.545265 0.258787 0.809795 -1
1 -0.654255 9.592816 1.686106 0.119783 0.385231 -1
1 -0.608660 9.592816 1.748862 0.088406 0.385231 -1
1 -0.608660 9.133742 1.748862 0.088406 0.614769 -1
1 -0.654255 9.133742 1.686107 0.119783 0.614769 -1
1 -0.654255 9.133742 1.686107 0.559114 0.614769 -1
1 -0.728028 9.133742 1.710077 0.596001 0.614769 -1
1 -0.728028 9.592816 1.710077 0.596001 0.385231 -1
1 -0.654255 9.592816 1.686106 0.559114 0.385231 -1
1 -0.728028 9.133742 1.710077 0.892202 0.614769 -1
1 -0.728028 9.133742 1.787647 0.930987 0.614769 -1
1 -0.728028 9.592816 1.787647 0.930987 0.385231 -1
1 -0.728028 9.592816 1.710077 0.892202 0.385231 -1
1 -0.728028 9.133742 1.787647 0.403999 0.614769 -1
1 -0.654255 9.133742 1.811617 0.440886 0.614769 -1
1 -0.654255 9.592816 1.811617 0.440886 0.385231 -1
1 -0.728028 9.592816 1.787647 0.403999 0.385231 -1
1 -0.654255 9.133742 1.811617 0.057028 0.614769 -1
1 -0.654255 9.592816 1.811617 0.057028 0.385231 -1
1 -0.728028 9.133742 1.710077 0.596001 0.892202 -1
1 -0.654255 9.133742 1.686107 0.559114 0.880217 -1
1 -0.608660 9.133742 1.748862 0.536317 0.911594 -1
1 -0.728028 9.133742 1.787647 0.596001 0.930987 -1
1 -0.654255 9.133742 1.811617 0.559114 0.942972 -1
1 -0.728028 9.592816 1.710077 0.403999 0.892202 -1
1 -0.728028 9.592816 1.787647 0.403999 0.930987 -1
1 -0.654255 9.592816 1.811617 0.440886 0.942972 -1
1 -0.654255 9.592816 1.686106 0.440886 0.880217 -1
1 -0.608660 9.592816 1.748862 0.463683 0.911594 -1
1 -0.207751 9.592816 1.603419 0.161127 0.385231 -1
1 -0.162157 9.592816 1.666174 0.129749 0.385231 -1
1 -0.162157 9.133742 1.666174 0.129749 0.614769 -1
1 -0.207751 9.133742 1.603419 0.161127 0.614769 -1
1 -0.207751 9.133742 1.603419 0.335862 0.614769 -1
1 -0.281525 9.133742 1.627390 0.372749 0.614769 -1
1 -0.281525 9.592816 1.627389 0.372749 0.385231 -1
1 -0.207751 9.592816 1.603419 0.335862 0.385231 -1
1 -0.281525 9.133742 1.627390 0.850858 0.614769 -1
1 -0.281525 9.133742 1.704960 0.889643 0.614769 -1
1 -0.281525 9.592816 1.704959 0.889643 0.385231 -1
1 -0.281525 9.592816 1.627389 0.850858 0.385231 -1
1 -0.281525 9.133742 1.704960 0.627251 0.614769 -1
1 -0.207751 9.133742 1.728930 0.664138 0.614769 -1
1 -0.207751 9.592816 1.728930 0.664138 0.385231 -1
1 -0.281525 9.592816 1.704959 0.627251 0.385231 -1
1 -0.207751 9.133742 1.728930 0.098371 0.614769 -1
1 -0.207751 9.592816 1.728930 0.098371 0.385231 -1
1 -0.281525 9.133742 1.627390 0.372749 0.850858 -1
1 -0.207751 9.133742 1.603419 0.335862 0.838873 -1
1 -0.162157 9.133742 1.666174 0.313065 0.870251 -1
1 -0.281525 9.133742 1.704960 0.372749 0.889643 -1
1 -0.207751 9.133742 1.728930 0.335862 0.901629 -1
1 -0.281525 9.592816 1.627389 0.627251 0.850858 -1
1 -0.281525 9.592816 1.704959 0.627251 0.889643 -1
1 -0.207751 9.592816 1.728930 0.664138 0.901629 -1
1 -0.207751 9.592816 1.603419 0.664138 0.838873 -1
1 -0.162157 9.592816 1.666174 0.686935 0.870251 -1
1 0.144941 9.592816 1.303477 0.311098 0.385231 -1
1 0.190535 9.592816 1.366232 0.279720 0.385231 -1
1 0.190535 9.133742 1.366232 0.279720 0.614769 -1
1 0.144941 9.133742 1.303477 0.311098 0.614769 -1
1 0.144941 9.133742 1.303477 0.159516 0.614769 -1
1 0.071167 9.133742 1.327447 0.196403 0.614769 -1
1 0.071167 9.592816 1.327447 0.196403 0.385231 -1
1 0.144941 9.592816 1.303477 0.159516 0.385231 -1
1 0.071167 9.133742 1.327447 0.700887 0.614769 -1
1 0.071167 9.133742 1.405017 0.739672 0.614769 -1
1 0.071167 9.592816 1.405017 0.739672 0.385231 -1
1 0.071167 9.592816 1.327447 0.700887 0.385231 -1
1 0.071167 9.133742 1.405017 0.803597 0.614769 -1
1 0.144941 9.133742 1.428988 0.840484 0.614769 -1
1 0.144941 9.592816 1.428988 0.840484 0.385231 -1
1 0.071167 9.592816 1.405017 0.803597 0.385231 -1
1 0.144941 9.133742 1.428988 0.248342 0.614769 -1
1 0.144941 9.592816 1.428988 0.248342 0.385231 -1
1 0.071167 9.133742 1.327447 0.196403 0.700887 -1
1 0.144941 9.133742 1.303477 0.159516 0.688902 -1
1 0.190535 9.133742 1.366232 0.136719 0.720280 -1
1 0.071167 9.133742 1.405017 0.196403 0.739672 -1
1 0.144941 9.133742 1.428988 0.159516 0.751658 -1
1 0.071167 9.592816 1.327447 0.803597 0.700887 -1
1 0.071167 9.592816 1.405017 0.803597 0.739672 -1
1 0.144941 9.592816 1.428988 0.840484 0.751658 -1
1 0.144941 9.592816 1.303477 0.840484 0.688902 -1
1 0.190535 9.592816 1.366232 0.863281 0.720280 -1
1 0.273479 9.592816 0.861361 0.532156 0.385231 -1
1 0.319073 9.592816 0.924117 0.500778 0.385231 -1
1 0.319073 9.133742 0.924117 0.500778 0.614769 -1
1 0.273479 9.133742 0.861361 0.532156 0.614769 -1
1 0.273479 9.133742 0.861361 0.095247 0.614769 -1
1 0.199705 9.133742 0.885332 0.132134 0.614769 -1
1 0.199705 9.592816 0.885332 0.132134 0.385231 -1
1 0.273479 9.592816 0.861361 0.095247 0.385231 -1
1 0.199705 9.133742 0.885332 0.479829 0.614769 -1
1 0.199705 9.133742 0.962902 0.518614 0.614769 -1
1 0.199705 9.592816 0.962902 0.518614 0.385231 -1
1 0.199705 9.592816 0.885332 0.479829 0.385231 -1
1 0.199705 9.133742 0.962902 0.867866 0.614769 -1
1 0.273479 9.133742 0.986872 0.904753 0.614769 -1
1 0.273479 9.592816 0.986872 0.904753 0.385231 -1
1 0.199705 9.592816 0.962902 0.867866 0.385231 -1
1 0.273479 9.133742 0.986872 0.469400 0.614769 -1
1 0.273479 9.592816 0.986872 0.469400 0.385231 -1
1 0.199705 9.133742 0.885332 0.132134 0.479829 -1
1 0.273479 9.133742 0.861361 0.095247 0.467844 -1
1 0.319073 9.133742 0.924117 0.072450 0.499222 -1
1 0.199705 9.133742 0.962902 0.132134 0.518614 -1
1 0.273479 9.133742 0.986872 0.095247 0.530600 -1
1 0.199705 9.592816 0.885332 0.867866 0.479829 -1
1 0.199705 9.592816 0.962902 0.867866 0.518614 -1
1 0.273479 9.592816 0.986872 0.904753 0.530600 -1
1 0.273479 9.592816 0.861361 0.904753 0.467844 -1
1 0.319073 9.592816 0.924117 0.927550 0.499222 -1
1 0.232245 0.470840 0.419753 0.752960 0.412944 -1
1 0.380797 0.470841 0.925673 0.500000 0.412944 -1
1 0.380797 0.129967 0.925673 0.500000 0.583381 -1
1 0.232244 0.129966 0.419753 0.752960 0.583381 -1
1 0.232244 0.129966 0.419753 0.115863 0.583381 -1
1 -0.166246 0.129967 0.074460 0.315108 0.583381 -1
1 -0.166246 0.470841 0.074460 0.315108 0.412944 -1
1 0.232245 0.470840 0.419753 0.115863 0.412944 -1
1 -0.688157 0.470840 -0.000580 0.576064 0.412944 -1
1 -0.688157 0.129967 -0.000580 0.576064 0.583381 -1
1 -1.167786 0.470840 0.218461 0.815878 0.412944 -1
1 -1.167786 0.129967 0.218461 0.815878 0.583381 -1
1 -1.167786 0.129967 0.218461 0.146393 0.583381 -1
1 -1.452854 0.129966 0.662035 0.368181 0.583381 -1
1 -1.452854 0.470840 0.662035 0.368181 0.412944 -1
1 -1.167786 0.470840 0.218461 0.146393 0.412944 -1
1 -1.452853 0.470840 1.189313 0.631819 0.412944 -1
1 -1.452854 0.129967 1.189313 0.631819 0.583381 -1
1 -1.167784 0.470840 1.632887 0.853607 0.412944 -1
1 -1.167785 0.129966 1.632887 0.853607 0.583381 -1
1 -1.167785 0.129966 1.632887 0.184122 0.583381 -1
1 -0.688155 0.129967 1.851926 0.423936 0.583381 -1
1 -0.688155 0.470840 1.851926 0.423936 0.412944 -1
1 -1.167784 0.470840 1.632887 0.184122 0.412944 -1
1 -0.166244 0.470840 1.776886 0.684892 0.412944 -1
1 -0.166244 0.129966 1.776886 0.684892 0.583381 -1
1 0.232246 0.470841 1.431592 0.884137 0.412944 -1
1 0.232246 0.129967 1.431592 0.884137 0.583381 -1
1 0.232246 0.129967 1.431592 0.247040 0.583381 -1
1 0.232246 0.470841 1.431592 0.247040 0.412944 -1
1 -0.166244 0.129966 1.776886 0.315108 0.925607 -1
1 -0.688155 0.129967 1.851926 0.576064 0.963126 -1
1 -1.167785 0.129966 1.632887 0.815878 0.853607 -1
1 -1.452854 0.129967 1.189313 0.958412 0.631819 -1
1 -1.452854 0.129966 0.662035 0.958412 0.368181 -1
1 -1.167786 0.129967 0.218461 0.815878 0.146393 -1
1 -0.688157 0.129967 -0.000580 0.576064 0.036874 -1
1 -0.166246 0.129967 0.074460 0.315108 0.074394 -1
1 0.232244 0.129966 0.419753 0.115863 0.247040 -1
1 0.380797 0.129967 0.925673 0.041588 0.500000 -1
1 0.232246 0.129967 1.431592 0.115863 0.752960 -1
1 0.232245 0.470840 0.419753 0.884137 0.247040 -1
1 -0.166246 0.470841 0.074460 0.684892 0.074394 -1
1 -0.688157 0.470840 -0.000580 0.423936 0.036874 -1
1 -1.167786 0.470840 0.218461 0.184122 0.146393 -1
1 -1.452854 0.470840 0.662035 0.041588 0.368181 -1
1 -1.452853 0.470840 1.189313 0.041588 0.631819 -1
1 -1.167784 0.470840 1.632887 0.184122 0.853607 -1
1 -0.688155 0.470840 1.851926 0.423936 0.963126 -1
1 -0.166244 0.470840 1.776886 0.684892 0.925607 -1
1 0.232246 0.470841 1.431592 0.884137 0.752960 -1
1 0.380797 0.470841 0.925673 0.958412 0.500000 -1
1 0.171153 0.526268 0.416361 0.754656 0.385231 -1
1 0.216746 0.526268 0.479117 0.723278 0.385231 -1
1 0.216746 0.067192 0.479117 0.723278 0.614769 -1
1 0.171152 0.067192 0.416361 0.754656 0.614769 -1
1 0.171152 0.067192 0.416361 0.146410 0.614769 -1
1 0.097378 0.067192 0.440332 0.183296 0.614769 -1
1 0.097379 0.526268 0.440332 0.183296 0.385231 -1
1 0.171153 0.526268 0.416361 0.146410 0.385231 -1
1 0.097378 0.067192 0.440332 0.257330 0.614769 -1
1 0.097378 0.067192 0.517902 0.296115 0.614769 -1
1 0.097379 0.526268 0.517902 0.296115 0.385231 -1
1 0.097379 0.526268 0.440332 0.257330 0.385231 -1
1 0.097378 0.067192 0.517902 0.816704 0.614769 -1
1 0.171152 0.067192 0.541872 0.853590 0.614769 -1
1 0.171153 0.526268 0.541872 0.853590 0.385231 -1
1 0.097379 0.526268 0.517902 0.816704 0.385231 -1
1 0.171152 0.067192 0.541872 0.691900 0.614769 -1
1 0.171153 0.526268 0.541872 0.691900 0.385231 -1
1 0.097378 0.067192 0.440332 0.183296 0.257330 -1
1 0.171152 0.067192 0.416361 0.146410 0.245344 -1
1 0.216746 0.067192 0.479117 0.123612 0.276722 -1
1 0.097378 0.067192 0.517902 0.183296 0.296115 -1
1 0.171152 0.067192 0.541872 0.146410 0.308100 -1
1 0.097379 0.526268 0.440332 0.816704 0.257330 -1
1 0.097379 0.526268 0.517902 0.816704 0.296115 -1
1 0.171153 0.526268 0.541872 0.853590 0.308100 -1
1 0.171153 0.526268 0.416361 0.853590 0.245344 -1
1 0.216746 0.526268 0.479117 0.876388 0.276722 -1
1 -0.181544 0.526268 0.114504 0.905584 0.385231 -1
1 -0.135948 0.526268 0.177260 0.874206 0.385231 -1
1 -0.135949 0.067192 0.177260 0.874206 0.614769 -1
1 -0.181544 0.067192 0.114504 0.905584 0.614769 -1
1 -0.181544 0.067192 0.114504 0.322757 0.614769 -1
1 -0.255317 0.067192 0.138475 0.359644 0.614769 -1
1 -0.255317 0.526268 0.138475 0.359644 0.385231 -1
1 -0.181544 0.526268 0.114504 0.322757 0.385231 -1
1 -0.255317 0.067192 0.138475 0.106401 0.614769 -1
1 -0.255317 0.067192 0.216045 0.145186 0.614769 -1
1 -0.255317 0.526268 0.216045 0.145186 0.385231 -1
1 -0.255317 0.526268 0.138475 0.106401 0.385231 -1
1 -0.255317 0.067192 0.216045 0.640356 0.614769 -1
1 -0.181544 0.067192 0.240015 0.677243 0.614769 -1
1 -0.181544 0.526268 0.240015 0.677243 0.385231 -1
1 -0.255317 0.526268 0.216045 0.640356 0.385231 -1
1 -0.181544 0.067192 0.240015 0.842829 0.614769 -1
1 -0.181544 0.526268 0.240015 0.842829 0.385231 -1
1 -0.255317 0.067192 0.138475 0.359644 0.106401 -1
1 -0.181544 0.067192 0.114504 0.322757 0.094416 -1
1 -0.135949 0.067192 0.177260 0.299960 0.125794 -1
1 -0.255317 0.067192 0.216045 0.359644 0.145186 -1
1 -0.181544 0.067192 0.240015 0.322757 0.157171 -1
1 -0.255317 0.526268 0.138475 0.640356 0.106401 -1
1 -0.255317 0.526268 0.216045 0.640356 0.145186 -1
1 -0.181544 0.526268 0.240015 0.677243 0.157171 -1
1 -0.181544 0.526268 0.114504 0.677243 0.094416 -1
1 -0.135948 0.526268 0.177260 0.700040 0.125794 -1
1 -0.654280 0.526268 0.038928 0.943373 0.385231 -1
1 -0.608687 0.526268 0.101683 0.911995 0.385231 -1
1 -0.608686 0.067192 0.101683 0.911995 0.614769 -1
1 -0.654281 0.067192 0.038928 0.943373 0.614769 -1
1 -0.654281 0.067192 0.038928 0.559126 0.614769 -1
1 -0.728055 0.067192 0.062898 0.596013 0.614769 -1
1 -0.728055 0.526268 0.062898 0.596013 0.385231 -1
1 -0.654280 0.526268 0.038928 0.559126 0.385231 -1
1 -0.728055 0.067192 0.062898 0.068613 0.614769 -1
1 -0.728055 0.067192 0.140468 0.107398 0.614769 -1
1 -0.728055 0.526268 0.140468 0.107398 0.385231 -1
1 -0.728055 0.526268 0.062898 0.068613 0.385231 -1
1 -0.728055 0.067192 0.140468 0.403987 0.614769 -1
1 -0.654281 0.067192 0.164439 0.440874 0.614769 -1
1 -0.654280 0.526268 0.164439 0.440874 0.385231 -1
1 -0.728055 0.526268 0.140468 0.403987 0.385231 -1
1 -0.654281 0.067192 0.164439 0.880617 0.614769 -1
1 -0.654280 0.526268 0.164439 0.880617 0.385231 -1
1 -0.728055 0.067192 0.062898 0.596013 0.068613 -1
1 -0.654281 0.067192 0.038928 0.559126 0.056627 -1
1 -0.608686 0.067192 0.101683 0.536329 0.088005 -1
1 -0.728055 0.067192 0.140468 0.596013 0.107398 -1
1 -0.654281 0.067192 0.164439 0.559126 0.119383 -1
1 -0.728055 0.526268 0.062898 0.403987 0.068613 -1
1 -0.728055 0.526268 0.140468 0.403987 0.107398 -1
1 -0.654280 0.526268 0.164439 0.440874 0.119383 -1
1 -0.654280 0.526268 0.038928 0.440874 0.056627 -1
1 -0.608687 0.526268 0.101683 0.463671 0.088005 -1
1 -1.076423 0.526268 0.231982 0.846846 0.385231 -1
1 -1.030828 0.526268 0.294737 0.815468 0.385231 -1
1 -1.030828 0.067192 0.294737 0.815468 0.614769 -1
1 -1.076423 0.067192 0.231982 0.846846 0.614769 -1
1 -1.076423 0.067192 0.231982 0.770197 0.614769 -1
1 -1.150197 0.067192 0.255952 0.807084 0.614769 -1
1 -1.150196 0.526268 0.255952 0.807084 0.385231 -1
1 -1.076423 0.526268 0.231982 0.770197 0.385231 -1
1 -1.150197 0.067192 0.255952 0.165140 0.614769 -1
1 -1.150197 0.067192 0.333523 0.203925 0.614769 -1
1 -1.150196 0.526268 0.333523 0.203925 0.385231 -1
1 -1.150196 0.526268 0.255952 0.165140 0.385231 -1
1 -1.150197 0.067192 0.333523 0.192916 0.614769 -1
1 -1.076423 0.067192 0.357493 0.229803 0.614769 -1
1 -1.076423 0.526268 0.357494 0.229803 0.385231 -1
1 -1.150196 0.526268 0.333523 0.192916 0.385231 -1
1 -1.076423 0.067192 0.357493 0.784090 0.614769 -1
1 -1.076423 0.526268 0.357494 0.784090 0.385231 -1
1 -1.150197 0.067192 0.255952 0.807084 0.165140 -1
1 -1.076423 0.067192 0.231982 0.770197 0.153154 -1
1 -1.030828 0.067192 0.294737 0.747400 0.184532 -1
1 -1.150197 0.067192 0.333523 0.807084 0.203925 -1
1 -1.076423 0.067192 0.357493 0.770197 0.215910 -1
1 -1.150196 0.526268 0.255952 0.192916 0.165140 -1
1 -1.150196 0.526268 0.333523 0.192916 0.203925 -1
1 -1.076423 0.526268 0.357494 0.229803 0.215910 -1
1 -1.076423 0.526268 0.231982 0.229803 0.153154 -1
1 -1.030828 0.526268 0.294737 0.252600 0.184532 -1
1 -1.318967 0.526268 0.631199 0.647238 0.385231 -1
1 -1.273373 0.526268 0.693954 0.615860 0.385231 -1
1 -1.273373 0.067192 0.693954 0.615860 0.614769 -1
1 -1.318968 0.067192 0.631199 0.647238 0.614769 -1
1 -1.318968 0.067192 0.631199 0.891470 0.614769 -1
1 -1.392742 0.067192 0.655169 0.928356 0.614769 -1
1 -1.392742 0.526268 0.655169 0.928356 0.385231 -1
1 -1.318967 0.526268 0.631199 0.891470 0.385231 -1
1 -1.392742 0.067192 0.655169 0.364747 0.614769 -1
1 -1.392742 0.067192 0.732739 0.403532 0.614769 -1
1 -1.392742 0.526268 0.732739 0.403532 0.385231 -1
1 -1.392742 0.526268 0.655169 0.364747 0.385231 -1
1 -1.392742 0.067192 0.732739 0.071644 0.614769 -1
1 -1.318967 0.067192 0.756709 0.108530 0.614769 -1
1 -1.318967 0.526268 0.756709 0.108530 0.385231 -1
1 -1.392742 0.526268 0.732739 0.071644 0.385231 -1
1 -1.318967 0.067192 0.756709 0.584482 0.614769 -1
1 -1.318967 0.526268 0.756709 0.584482 0.385231 -1
1 -1.392742 0.067192 0.655169 0.928356 0.364747 -1
1 -1.318968 0.067192 0.631199 0.891470 0.352762 -1
1 -1.273373 0.067192 0.693954 0.868672 0.384140 -1
1 -1.392742 0.067192 0.732739 0.928356 0.403532 -1
1 -1.318967 0.067192 0.756709 0.891470 0.415518 -1
1 -1.392742 0.526268 0.655169 0.071644 0.364747 -1
1 -1.392742 0.526268 0.732739 0.071644 0.403532 -1
1 -1.318967 0.526268 0.756709 0.108530 0.415518 -1
1 -1.318967 0.526268 0.631199 0.108530 0.352762 -1
1 -1.273373 0.526268 0.693954 0.131328 0.384140 -1
1 -1.318873 0.526268 1.091579 0.417048 0.385231 -1
1 -1.273279 0.526268 1.154334 0.385670 0.385231 -1
1 -1.273278 0.067192 1.154335 0.385670 0.614769 -1
1 -1.318874 0.067192 1.091579 0.417048 0.614769 -1
1 -1.318874 0.067192 1.091579 0.891423 0.614769 -1
1 -1.392646 0.067192 1.115550 0.928309 0.614769 -1
1 -1.392646 0.526268 1.115550 0.928309 0.385231 -1
1 -1.318873 0.526268 1.091579 0.891423 0.385231 -1
1 -1.392646 0.067192 1.115550 0.594938 0.614769 -1
1 -1.392646 0.067192 1.193120 0.633723 0.614769 -1
1 -1.392646 0.526268 1.193120 0.633723 0.385231 -1
1 -1.392646 0.526268 1.115550 0.594938 0.385231 -1
1 -1.392646 0.067192 1.193120 0.071691 0.614769 -1
1 -1.318874 0.067192 1.217090 0.108577 0.614769 -1
1 -1.318873 0.526268 1.217090 0.108577 0.385231 -1
1 -1.392646 0.526268 1.193120 0.071691 0.385231 -1
1 -1.318874 0.067192 1.217090 0.354292 0.614769 -1
1 -1.318873 0.526268 1.217090 0.354292 0.385231 -1
1 -1.392646 0.067192 1.115550 0.928309 0.594938 -1
1 -1.318874 0.067192 1.091579 0.891423 0.582952 -1
1 -1.273278 0.067192 1.154335 0.868625 0.614330 -1
1 -1.392646 0.067192 1.193120 0.928309 0.633723 -1
1 -1.318874 0.067192 1.217090 0.891423 0.645708 -1
1 -1.392646 0.526268 1.115550 0.071691 0.594938 -1
1 -1.392646 0.526268 1.193120 0.071691 0.633723 -1
1 -1.318873 0.526268 1.217090 0.108577 0.645708 -1
1 -1.318873 0.526268 1.091579 0.108577 0.582952 -1
1 -1.273279 0.526268 1.154334 0.131375 0.614330 -1
1 -1.064049 0.526268 1.482509 0.221582 0.385231 -1
1 -1.018455 0.526268 1.545265 0.190205 0.385231 -1
1 -1.018455 0.067192 1.545265 0.190205 0.614769 -1
1 -1.064049 0.067192 1.482509 0.221582 0.614769 -1
1 -1.064049 0.067192 1.482509 0.764011 0.614769 -1
1 -1.137823 0.067192 1.506480 0.800897 0.614769 -1
1 -1.137823 0.526268 1.506480 0.800897 0.385231 -1
1 -1.064049 0.526268 1.482509 0.764011 0.385231 -1
1 -1.137823 0.067192 1.506480 0.790403 0.614769 -1
1 -1.137823 0.067192 1.584050 0.829188 0.614769 -1
1 -1.137823 0.526268 1.584050 0.829188 0.385231 -1
1 -1.137823 0.526268 1.506480 0.790403 0.385231 -1
1 -1.137823 0.067192 1.584050 0.199102 0.614769 -1
1 -1.064049 0.067192 1.608019 0.235989 0.614769 -1
1 -1.064049 0.526268 1.608019 0.235989 0.385231 -1
1 -1.137823 0.526268 1.584050 0.199102 0.385231 -1
1 -1.064049 0.067192 1.608019 0.158827 0.614769 -1
1 -1.064049 0.526268 1.608019 0.158827 0.385231 -1
1 -1.137823 0.067192 1.506480 0.800897 0.790403 -1
1 -1.064049 0.067192 1.482509 0.764011 0.778418 -1
1 -1.018455 0.067192 1.545265 0.741213 0.809795 -1
1 -1.137823 0.067192 1.584050 0.800897 0.829188 -1
1 -1.064049 0.067192 1.608019 0.764011 0.841173 -1
1 -1.137823 0.526268 1.506480 0.199103 0.790403 -1
1 -1.137823 0.526268 1.584050 0.199102 0.829188 -1
1 -1.064049 0.526268 1.608019 0.235989 0.841173 -1
1 -1.064049 0.526268 1.482509 0.235989 0.778418 -1
1 -1.018455 0.526268 1.545265 0.258787 0.809795 -1
1 -0.654255 0.526268 1.686107 0.119783 0.385231 -1
1 -0.608661 0.526268 1.748862 0.088406 0.385231 -1
1 -0.608661 0.067192 1.748862 0.088406 0.614769 -1
1 -0.654255 0.067192 1.686106 0.119783 0.614769 -1
1 -0.654255 0.067192 1.686106 0.559114 0.614769 -1
1 -0.728029 0.067192 1.710077 0.596001 0.614769 -1
1 -0.728029 0.526268 1.710077 0.596001 0.385231 -1
1 -0.654255 0.526268 1.686107 0.559114 0.385231 -1
1 -0.728029 0.067192 1.710077 0.892202 0.614769 -1
1 -0.728029 0.067192 1.787647 0.930987 0.614769 -1
1 -0.728029 0.526268 1.787647 0.930987 0.385231 -1
1 -0.728029 0.526268 1.710077 0.892202 0.385231 -1
1 -0.728029 0.067192 1.787647 0.403999 0.614769 -1
1 -0.654255 0.067192 1.811617 0.440886 0.614769 -1
1 -0.654255 0.526268 1.811617 0.440886 0.385231 -1
1 -0.728029 0.526268 1.787647 0.403999 0.385231 -1
1 -0.654255 0.067192 1.811617 0.057028 0.614769 -1
1 -0.654255 0.526268 1.811617 0.057028 0.385231 -1
1 -0.728029 0.067192 1.710077 0.596001 0.892202 -1
1 -0.654255 0.067192 1.686106 0.559114 0.880217 -1
1 -0.608661 0.067192 1.748862 0.536317 0.911594 -1
1 -0.728029 0.067192 1.787647 0.596001 0.930987 -1
1 -0.654255 0.067192 1.811617 0.559114 0.942972 -1
1 -0.728029 0.526268 1.710077 0.403999 0.892202 -1
1 -0.728029 0.526268 1.787647 0.403999 0.930987 -1
1 -0.654255 0.526268 1.811617 0.440886 0.942972 -1
1 -0.654255 0.526268 1.686107 0.440886 0.880217 -1
1 -0.608661 0.526268 1.748862 0.463683 0.911594 -1
1 -0.207752 0.526268 1.603419 0.161127 0.385231 -1
1 -0.162157 0.526268 1.666174 0.129749 0.385231 -1
1 -0.162157 0.067192 1.666174 0.129749 0.614769 -1
1 -0.207752 0.067192 1.603419 0.161127 0.614769 -1
1 -0.207752 0.067192 1.603419 0.335862 0.614769 -1
1 -0.281525 0.067192 1.627389 0.372749 0.614769 -1
1 -0.281525 0.526268 1.627390 0.372749 0.385231 -1
1 -0.207752 0.526268 1.603419 0.335862 0.385231 -1
1 -0.281525 0.067192 1.627389 0.850858 0.614769 -1
1 -0.281525 0.067192 1.704960 0.889643 0.614769 -1
1 -0.281525 0.526268 1.704959 0.889643 0.385231 -1
1 -0.281525 0.526268 1.627390 0.850858 0.385231 -1
1 -0.281525 0.067192 1.704960 0.627251 0.614769 -1
1 -0.207752 0.067192 1.728930 0.664138 0.614769 -1
1 -0.207752 0.526268 1.728930 0.664138 0.385231 -1
1 -0.281525 0.526268 1.704959 0.627251 0.385231 -1
1 -0.207752 0.067192 1.728930 0.098371 0.614769 -1
1 -0.207752 0.526268 1.728930 0.098371 0.385231 -1
1 -0.281525 0.067192 1.627389 0.372749 0.850858 -1
1 -0.207752 0.067192 1.603419 0.335862 0.838873 -1
1 -0.162157 0.067192 1.666174 0.313065 0.870251 -1
1 -0.281525 0.067192 1.704960 0.372749 0.889643 -1
1 -0.207752 0.067192 1.728930 0.335862 0.901629 -1
1 -0.281525 0.526268 1.627390 0.627251 0.850858 -1
1 -0.281525 0.526268 1.704959 0.627251 0.889643 -1
1 -0.207752 0.526268 1.728930 0.664138 0.901629 -1
1 -0.207752 0.526268 1.603419 0.664138 0.838873 -1
1 -0.162157 0.526268 1.666174 0.686935 0.870251 -1
1 0.144940 0.526268 1.303477 0.311098 0.385231 -1
1 0.190535 0.526268 1.366232 0.279720 0.385231 -1
1 0.190535 0.067192 1.366232 0.279720 0.614769 -1
1 0.144940 0.067192 1.303477 0.311098 0.614769 -1
1 0.144940 0.067192 1.303477 0.159516 0.614769 -1
1 0.071166 0.067192 1.327447 0.196403 0.614769 -1
1 0.071166 0.526268 1.327447 0.196403 0.385231 -1
1 0.144940 0.526268 1.303477 0.159516 0.385231 -1
1 0.071166 0.067192 1.327447 0.700887 0.614769 -1
1 0.071166 0.067192 1.405017 0.739672 0.614769 -1
1 0.071166 0.526268 1.405017 0.739672 0.385231 -1
1 0.071166 0.526268 1.327447 0.700887 0.385231 -1
1 0.071166 0.067192 1.405017 0.803597 0.614769 -1
1 0.144940 0.067192 1.428988 0.840484 0.614769 -1
1 0.144940 0.526268 1.428988 0.840484 0.385231 -1
1 0.071166 0.526268 1.405017 0.803597 0.385231 -1
1 0.144940 0.067192 1.428988 0.248342 0.614769 -1
1 0.144940 0.526268 1.428988 0.248342 0.385231 -1
1 0.071166 0.067192 1.327447 0.196403 0.700887 -1
1 0.144940 0.067192 1.303477 0.159516 0.688902 -1
1 0.190535 0.067192 1.366232 0.136719 0.720280 -1
1 0.071166 0.067192 1.405017 0.196403 0.739672 -1
1 0.144940 0.067192 1.428988 0.159516 0.751658 -1
1 0.071166 0.526268 1.327447 0.803597 0.700887 -1
1 0.071166 0.526268 1.405017 0.803597 0.739672 -1
1 0.144940 0.526268 1.428988 0.840484 0.751658 -1
1 0.144940 0.526268 1.303477 0.840484 0.688902 -1
1 0.190535 0.526268 1.366232 0.863281 0.720280 -1
1 0.273478 0.526268 0.861361 0.532156 0.385231 -1
1 0.319073 0.526268 0.924117 0.500778 0.385231 -1
1 0.319073 0.067192 0.924117 0.500778 0.614769 -1
1 0.273478 0.067192 0.861361 0.532156 0.614769 -1
1 0.273478 0.067192 0.861361 0.095247 0.614769 -1
1 0.199705 0.067192 0.885332 0.132134 0.614769 -1
1 0.199705 0.526268 0.885332 0.132134 0.385231 -1
1 0.273478 0.526268 0.861361 0.095247 0.385231 -1
1 0.199705 0.067192 0.885332 0.479829 0.614769 -1
1 0.199705 0.067192 0.962902 0.518614 0.614769 -1
1 0.199705 0.526268 0.962902 0.518614 0.385231 -1
1 0.199705 0.526268 0.885332 0.479829 0.385231 -1
1 0.199705 0.067192 0.962902 0.867866 0.614769 -1
1 0.273478 0.067192 0.986872 0.904753 0.614769 -1
1 0.273478 0.526268 0.986872 0.904753 0.385231 -1
1 0.199705 0.526268 0.962902 0.867866 0.385231 -1
1 0.273478 0.067192 0.986872 0.469400 0.614769 -1
1 0.273478 0.526268 0.986872 0.469400 0.385231 -1
1 0.199705 0.067192 0.885332 0.132134 0.479829 -1
1 0.273478 0.067192 0.861361 0.095247 0.467844 -1
1 0.319073 0.067192 0.924117 0.072450 0.499222 -1
1 0.199705 0.067192 0.962902 0.132134 0.518614 -1
1 0.273478 0.067192 0.986872 0.095247 0.530600 -1
1 0.199705 0.526268 0.885332 0.867866 0.479829 -1
1 0.199705 0.526268 0.962902 0.867866 0.518614 -1
1 0.273478 0.526268 0.986872 0.904753 0.530600 -1
1 0.273478 0.526268 0.861361 0.904753 0.467844 -1
1 0.319073 0.526268 0.924117 0.927550 0.499222 -1
450
-0.000000 -0.959493 -0.281733
0.000000 -0.995244 0.097411
-0.000000 -0.995244 -0.097410
-0.000000 -0.959493 -0.281733
-0.000000 -0.654859 -0.755751
-0.000000 -0.324832 -0.945772
-0.000000 -0.502046 -0.864841
-0.000000 -0.654859 -0.755751
-0.000000 0.045219 -0.998977
-0.000000 0.238057 -0.971251
-0.000000 0.415416 -0.909632
-0.000000 0.415416 -0.909632
-0.000000 0.841253 -0.540642
0.000000 0.982373 -0.186929
-0.000000 0.927486 -0.373858
-0.000000 0.841253 -0.540642
0.000000 0.982373 0.186929
0.000000 0.927486 0.373859
0.000000 0.841252 0.540643
0.000000 0.415416 0.909632
0.000000 0.045219 0.998977
0.000000 0.238057 0.971251
0.000000 -0.324833 0.945771
0.000000 -0.502048 0.864840
0.000000 -0.654862 0.755749
0.000000 -0.959493 0.281734
-1.000000 0.000000 0.000000
-1.000000 0.000000 -0.000000
-1.000000 0.000000 -0.000000
-1.000000 0.000000 0.000000
-1.000000 0.000000 0.000000
-1.000000 0.000000 0.000000
-1.000000 0.000000 0.000000
-1.000000 0.000000 0.000000
-1.000000 0.000000 0.000000
-1.000000 0.000000 0.000000
-1.000000 0.000000 0.000000
-0.000000 -0.809015 -0.587788
-0.000000 -0.809015 -0.587788
-0.000000 -0.809015 -0.587788
-0.000000 0.309027 -0.951053
0.000000 1.000000 0.000000
0.000000 0.309016 0.951057
0.000000 0.309016 0.951057
0.000000 -0.809011 0.587794
-1.000000 0.000000 0.000000
-1.000000 0.000000 0.000000
-1.000000 0.000000 0.000000
-1.000000 0.000000 0.000000
-1.000000 0.000001 -0.000000
-0.000000 -0.809015 -0.587788
-0.000000 0.309027 -0.951053
-0.000000 0.309027 -0.951053
-0.000000 0.309027 -0.951053
0.000000 0.309017 0.951056
0.000000 -0.809011 0.587793
0.000000 -0.809011 0.587793
-1.000000 0.000001 0.000000
-1.000000 0.000001 0.000000
-1.000000 0.000000 0.000000
-1.000000 0.000000 0.000000
-1.000000 0.000000 0.000001
-0.000002 -0.809017 -0.587786
-0.000003 -0.809011 -0.587794
-0.000000 -0.809023 -0.587778
-0.000000 0.309008 -0.951060
-0.000000 0.309008 -0.951060
0.000000 0.309020 0.951055
0.000000 0.309021 0.951055
0.000000 0.309020 0.951056
-0.000002 -0.809021 0.587779
-0.000003 -0.809027 0.587771
0.000000 -0.809015 0.587788
-1.000000 0.000001 0.000000
-1.000000 0.000001 0.000000
-1.000000 0.000000 0.000000
-1.000000 0.000000 0.000000
-1.000000 0.000000 0.000001
-0.000002 -0.809017 -0.587786
-0.000003 -0.809011 -0.587794
0.000000 -0.809023 -0.587778
0.000000 0.309009 -0.951059
0.000000 0.309020 0.951056
0.000000 0.309020 0.951056
0.000000 0.309020 0.951056
-0.000002 -0.809021 0.587779
-0.000003 -0.809027 0.587771
0.000000 -0.809015 0.587788
-1.000000 0.000000 0.000000
-1.000000 0.000000 0.000000
-1.000000 0.000000 0.000000
-1.000000 0.000001 -0.000000
-0.000000 -0.809011 -0.587793
0.000000 -0.809011 -0.587793
-0.000000 -0.809011 -0.587794
-0.000000 0.309009 -0.951059
-0.000000 0.309010 -0.951059
0.000000 0.309020 0.951055
0.000000 0.309021 0.951055
0.000000 0.309020 0.951056
0.000000 -0.809015 0.587787
0.000000 -0.809016 0.587787
-0.000002 -0.809021 -0.587779
0.000000 -0.809027 -0.587771
-0.000003 -0.809016 -0.587787
0.000001 0.309025 -0.951054
0.000000 0.309028 -0.951053
0.000001 0.309021 -0.951055
0.000001 0.309011 0.951059
0.000001 0.309014 0.951057
0.000000 0.309007 0.951060
-0.000002 -0.809016 0.587786
0.000000 -0.809010 0.587794
-0.000003 -0.809022 0.587778
-1.000000 0.000000 0.000000
-1.000000 0.000000 0.000000
-1.000000 0.000001 -0.000000
-0.000000 -0.809015 -0.587788
0.000000 -0.809016 -0.587787
-0.000000 -0.809015 -0.587789
-0.000000 0.309020 -0.951056
0.000000 0.309018 -0.951056
-0.000000 0.309021 -0.951055
0.000000 0.309010 0.951059
0.000000 -0.809011 0.587793
0.000000 -0.809011 0.587793
-1.000000 0.000001 0.000000
-1.000000 0.000001 0.000000
-1.000000 0.000000 0.000000
-1.000000 0.000000 0.000000
-1.000000 0.000000 0.000001
0.000000 0.309021 -0.951055
0.000000 0.309007 0.951060
0.000001 0.309010 0.951059
0.000000 0.309004 0.951061
0.000000 -0.809010 0.587794
0.000001 -0.809009 0.587796
-0.000000 -0.809010 -0.587794
-0.000001 -0.809009 -0.587796
0.000000 -0.809011 -0.587793
-0.000000 0.309016 -0.951057
-0.000000 0.309017 -0.951056
0.000000 0.309014 -0.951057
0.000000 0.309014 0.951057
0.000000 0.309012 0.951058
0.000001 0.309017 0.951056
0.000000 -0.809015 0.587789
0.000001 -0.809013 0.587790
-1.000000 0.000001 0.000000
-1.000000 0.000001 0.000000
-1.000000 0.000000 0.000000
-1.000000 0.000000 0.000000
-1.000000 0.000000 0.000001
-0.000000 -0.809023 -0.587778
-0.000000 -0.809022 -0.587778
0.000000 -0.809023 -0.587777
0.000000 0.309007 -0.951060
0.000000 0.309020 0.951056
0.000000 0.309018 0.951056
0.000000 0.309021 0.951055
0.000000 -0.809027 0.587772
0.000000 -0.809026 0.587772
0.000000 -0.809027 0.587771
-0.000002 -0.809021 -0.587779
0.000000 -0.809027 -0.587771
-0.000003 -0.809016 -0.587787
0.000000 0.309023 -0.951054
-0.000000 0.309028 -0.951053
0.000001 0.309018 -0.951056
0.000001 0.309011 0.951059
0.000001 0.309014 0.951057
0.000000 0.309007 0.951060
-0.000002 -0.809016 0.587787
0.000000 -0.809010 0.587795
-0.000003 -0.809022 0.587779
-1.000000 0.000000 0.000000
-1.000000 0.000000 0.000000
-1.000000 0.000000 0.000000
-1.000000 0.000001 -0.000000
0.959493 -0.000000 -0.281732
0.995244 -0.000000 0.097410
0.995244 -0.000000 -0.097410
0.654860 -0.000000 -0.755750
0.324832 -0.000000 -0.945772
0.502046 -0.000000 -0.864841
0.654860 -0.000000 -0.755750
-0.045219 -0.000000 -0.998977
-0.238057 -0.000000 -0.971251
-0.415416 0.000000 -0.909631
-0.415416 0.000000 -0.909631
-0.841253 0.000000 -0.540641
-0.982374 0.000000 -0.186928
-0.927486 0.000000 -0.373857
-0.841253 0.000000 -0.540641
-0.982374 0.000000 0.186929
-0.927486 0.000000 0.373857
-0.841254 0.000000 0.540641
-0.841254 0.000000 0.540640
-0.415414 0.000000 0.909632
-0.045219 0.000000 0.998977
-0.238056 0.000000 0.971251
-0.415414 0.000000 0.909632
0.324833 -0.000000 0.945771
0.502047 -0.000000 0.864840
0.654861 -0.000000 0.755749
0.959493 -0.000000 0.281732
0.000000 -1.000000 0.000000
0.809016 -0.000000 -0.587786
-0.309025 0.000000 -0.951054
-1.000000 0.000000 0.000000
-1.000000 0.000000 0.000000
-1.000000 0.000000 0.000000
-0.309013 0.000000 0.951058
-0.309013 0.000000 0.951058
-0.309013 0.000000 0.951058
0.809012 -0.000000 0.587792
0.809023 -0.000000 -0.587778
0.809022 -0.000000 -0.587778
0.809023 -0.000000 -0.587777
-0.309022 -0.000000 -0.951055
-0.309022 -0.000000 -0.951055
-0.309021 0.000000 -0.951055
-1.000000 0.000000 0.000000
-1.000000 0.000000 0.000000
-1.000000 0.000000 0.000000
-0.309010 0.000000 0.951059
-0.309010 0.000000 0.951059
-0.309010 0.000000 0.951059
0.809018 -0.000000 0.587783
0.809018 0.000000 0.587784
0.809019 -0.000000 0.587783
0.809011 -0.000000 -0.587793
0.809011 -0.000000 -0.587793
0.809012 -0.000000 -0.587793
-0.309013 -0.000000 -0.951058
-1.000000 0.000000 0.000000
-1.000000 0.000000 0.000000
-1.000000 0.000000 0.000001
-0.309025 0.000000 0.951054
-0.309025 0.000000 0.951054
-0.309026 0.000000 0.951054
0.809016 -0.000000 0.587786
0.809016 -0.000000 0.587787
0.809016 -0.000000 0.587786
0.809011 -0.000000 -0.587794
-0.309014 0.000000 -0.951057
-0.309024 0.000000 0.951054
-0.309025 0.000000 0.951054
-0.309024 0.000000 0.951054
0.809015 -0.000000 0.587788
0.809016 -0.000000 0.587787
0.809015 -0.000000 0.587788
0.809012 -0.000000 -0.587791
0.809012 -0.000000 -0.587792
0.809013 0.000000 -0.587791
-0.309014 0.000000 -0.951057
-0.309013 0.000000 -0.951058
-0.309015 0.000000 -0.951057
-1.000000 0.000000 0.000000
-0.309023 0.000000 0.951055
0.809016 -0.000000 0.587787
0.809023 0.000000 -0.587777
-0.309023 0.000000 -0.951055
-0.309009 0.000000 0.951059
0.809018 0.000000 0.587784
0.809016 -0.000000 -0.587787
-0.309026 0.000000 -0.951053
-0.309013 0.000000 0.951058
0.809010 -0.000000 0.587794
0.809015 -0.000000 -0.587788
0.809016 -0.000000 -0.587786
0.809014 -0.000001 -0.587789
-0.309023 -0.000000 -0.951055
-0.309020 0.000000 -0.951055
-0.309026 -0.000001 -0.951054
-1.000000 0.000000 0.000000
-0.309015 0.000000 0.951057
0.809012 -0.000000 0.587792
0.809018 -0.000000 -0.587784
-0.309010 -0.000000 -0.951059
-0.309011 -0.000000 -0.951058
-0.309008 0.000000 -0.951059
-1.000000 0.000000 0.000000
-1.000000 0.000000 0.000000
-0.309017 0.000001 0.951057
-0.309011 0.000000 0.951058
-0.309022 0.000002 0.951055
0.809023 -0.000000 0.587777
0.809018 -0.000000 -0.587784
-0.309008 0.000000 -0.951059
-1.000000 0.000000 0.000000
-1.000000 0.000000 0.000000
-1.000000 0.000000 0.000000
-0.309021 -0.000000 0.951055
-0.309022 0.000000 0.951055
-0.309019 -0.000000 0.951056
0.809021 -0.000000 -0.587779
0.809021 -0.000000 -0.587779
0.809022 -0.000000 -0.587779
-0.309019 0.000000 -0.951056
-0.309019 0.000000 -0.951056
-0.309019 0.000000 -0.951056
-1.000000 0.000000 0.000000
-1.000000 0.000000 0.000000
-1.000000 0.000000 0.000000
-0.309010 0.000000 0.951059
-0.309008 0.000000 0.951059
-0.309011 0.000001 0.951058
0.809019 -0.000000 0.587783
0.959493 -0.000000 -0.281734
0.995244 -0.000000 0.097409
0.995244 -0.000000 -0.097411
0.324832 0.000000 -0.945772
0.502046 -0.000000 -0.864841
-0.045219 0.000000 -0.998977
-0.238057 0.000000 -0.971251
-0.415416 0.000000 -0.909631
-0.415417 0.000000 -0.909631
-0.841253 0.000000 -0.540641
-0.982374 0.000000 -0.186929
-0.927486 0.000000 -0.373857
-0.841253 0.000000 -0.540641
-0.982373 0.000000 0.186929
-0.927486 0.000001 0.373857
-0.841253 0.000001 0.540641
-0.841254 0.000002 0.540641
-0.415414 0.000001 0.909633
-0.045218 0.000000 0.998977
-0.238055 0.000000 0.971252
-0.415414 0.000001 0.909632
0.324833 -0.000000 0.945771
0.502047 -0.000000 0.864840
0.959493 -0.000000 0.281732
0.000001 -1.000000 0.000002
-0.000001 -1.000000 0.000006
-0.000002 -1.000000 0.000003
-0.000006 -1.000000 0.000002
-0.000002 -1.000000 -0.000001
-0.000001 -1.000000 -0.000003
-0.000000 -1.000000 -0.000003
0.000000 -1.000000 -0.000003
0.000001 -1.000000 -0.000001
0.000003 -1.000000 0.000001
0.000003 -1.000000 0.000001
-0.000002 1.000000 0.000001
-0.000003 1.000000 0.000006
-0.000001 1.000000 0.000002
-0.000001 1.000000 -0.000000
-0.000003 1.000000 -0.000001
-0.000003 1.000000 -0.000001
0.809022 -0.000000 -0.587778
0.809022 -0.000000 -0.587778
0.809022 -0.000000 -0.587778
-0.309021 0.000000 -0.951055
-0.309021 0.000000 -0.951055
-0.309021 0.000000 -0.951055
-1.000000 0.000000 0.000000
-0.309009 0.000000 0.951059
0.809018 -0.000000 0.587784
0.809016 -0.000000 -0.587787
-0.309025 0.000000 -0.951054
-0.309025 0.000000 -0.951054
-0.309026 0.000000 -0.951054
-1.000000 0.000000 0.000000
-1.000000 0.000000 0.000000
-1.000000 0.000000 0.000000
-0.309013 0.000000 0.951058
-0.309014 0.000000 0.951058
-0.309013 0.000000 0.951058
0.809012 -0.000000 0.587792
0.809015 0.000001 -0.587788
0.809018 0.000002 -0.587784
0.809012 -0.000000 -0.587792
-0.309009 0.000000 -0.951059
-1.000000 0.000000 0.000000
-1.000000 0.000000 0.000001
-1.000000 0.000000 0.000000
-0.309021 -0.000000 0.951055
-0.309022 0.000000 0.951055
-0.309021 -0.000000 0.951055
0.809020 0.000001 0.587781
0.809017 0.000002 0.587785
0.809023 -0.000000 0.587777
0.809017 -0.000000 -0.587786
-0.309010 0.000000 -0.951059
-0.309021 -0.000000 0.951055
-0.309020 -0.000000 0.951056
-0.309021 0.000000 0.951055
0.809021 -0.000000 0.587779
0.809021 -0.000000 0.587780
0.809021 -0.000000 0.587779
0.809018 -0.000000 -0.587783
0.809019 0.000000 -0.587783
0.809018 -0.000000 -0.587784
-0.309010 -0.000000 -0.951059
-0.309011 -0.000000 -0.951058
-0.309009 0.000000 -0.951059
-0.309019 0.000000 0.951056
0.809022 0.000000 0.587779
0.809019 0.000001 -0.587783
0.809022 0.000002 -0.587779
0.809016 -0.000000 -0.587787
-0.309026 0.000000 -0.951053
-0.309013 0.000000 0.951058
0.809014 0.000001 0.587789
0.809010 0.000002 0.587794
0.809019 -0.000000 0.587783
-0.309022 0.000000 -0.951055
-0.309008 0.000000 0.951059
0.809018 0.000000 0.587784
0.809021 0.000000 -0.587780
0.809020 -0.000000 -0.587781
0.809022 0.000001 -0.587778
-0.309020 0.000001 -0.951056
-0.309022 0.000000 -0.951055
-0.309017 0.000001 -0.951057
-1.000000 0.000000 0.000000
-0.309011 0.000000 0.951058
0.809018 -0.000000 0.587784
0.809011 -0.000000 -0.587794
-0.309014 0.000000 -0.951058
-0.309012 0.000001 -0.951058
-0.309015 0.000000 -0.951057
-1.000000 0.000000 0.000000
-1.000000 0.000000 0.000000
-0.309020 0.000001 0.951055
-0.309015 0.000000 0.951057
-0.309026 0.000002 0.951054
0.809016 -0.000000 0.587786
0.809011 -0.000000 -0.587793
-0.309008 0.000000 -0.951059
-1.000000 0.000000 0.000000
-1.000000 0.000000 0.000000
-1.000000 0.000000 0.000000
-0.309021 0.000000 0.951055
-0.309019 0.000000 0.951056
-0.309022 0.000001 0.951055
0.809017 -0.000000 0.587785
0.809015 -0.000000 -0.587788
0.809015 -0.000000 -0.587787
0.809015 -0.000000 -0.587788
-0.309023 0.000000 -0.951054
-0.309023 0.000000 -0.951054
-0.309023 0.000000 -0.951055
-1.000000 0.000000 0.000000
-1.000000 0.000000 0.000000
-0.309013 -0.000000 0.951058
-0.309015 0.000000 0.951057
-0.309012 -0.000000 0.951058
0.809012 -0.000000 0.587791
606
1 0 1 2 0 1 2 1
1 2 3 0 2 3 0 1
1 4 5 6 4 5 6 1
1 6 7 4 6 7 4 1
1 8 6 5 8 6 5 1
1 5 9 8 5 9 8 1
1 10 8 9 10 8 9 1
1 9 11 10 9 11 10 1
1 12 13 14 12 13 14 1
1 14 15 12 14 15 12 1
1 16 14 13 16 14 13 1
1 13 17 16 13 17 16 1
1 18 16 17 18 16 17 1
1 17 19 18 17 18 18 1
1 20 21 22 19 20 21 1
1 22 23 20 21 19 19 1
1 24 22 21 22 21 20 1
1 21 25 24 20 23 22 1
1 26 24 25 24 22 23 1
1 25 27 26 23 24 24 1
1 28 2 1 25 2 1 1
1 1 29 28 1 25 25 1
1 30 31 32 26 27 28 1
1 32 33 34 28 29 30 1
1 30 32 34 26 28 30 1
1 34 35 36 30 31 32 1
1 36 37 38 32 33 34 1
1 34 36 38 30 32 34 1
1 30 34 38 26 30 34 1
1 30 38 39 26 34 35 1
1 40 30 39 36 26 35 1
1 41 42 43 37 38 37 1
1 43 44 41 37 39 37 1
1 45 46 47 40 40 40 1
1 47 48 45 40 40 40 1
1 49 50 51 41 41 41 1
1 51 52 49 41 41 41 1
1 53 54 55 42 42 42 1
1 55 56 53 42 43 42 1
1 57 43 42 44 44 44 2
1 42 58 57 44 44 44 2
1 59 60 61 45 46 47 1
1 62 59 61 48 45 47 1
1 63 62 61 49 48 47 1
1 64 65 66 50 50 50 1
1 66 67 64 50 50 50 1
1 68 69 70 51 52 51 1
1 70 71 68 51 53 51 1
1 72 73 74 41 41 41 1
1 74 75 72 41 41 41 1
1 76 77 78 54 54 54 1
1 78 79 76 54 54 54 1
1 80 66 65 55 55 55 2
1 65 81 80 55 56 55 2
1 82 83 84 57 58 59 1
1 85 82 84 60 57 59 1
1 86 85 84 61 60 59 1
1 87 88 89 62 63 62 1
1 89 90 87 62 64 62 1
1 91 92 93 65 65 65 1
1 93 94 91 65 66 65 1
1 95 96 97 41 41 41 1
1 97 98 95 41 41 41 1
1 99 100 101 67 68 67 1
1 101 102 99 67 69 67 1
1 103 89 88 70 71 70 2
1 88 104 103 70 72 70 2
1 105 106 107 73 74 75 1
1 108 105 107 76 73 75 1
1 109 108 107 77 76 75 1
1 110 111 112 78 79 78 1
1 112 113 110 78 80 78 1
1 114 115 116 81 81 81 1
1 116 117 114 81 81 81 1
1 118 119 120 41 41 41 1
1 120 121 118 41 41 41 1
1 122 123 124 82 83 82 1
1 124 125 122 82 84 82 1
1 126 112 111 85 86 85 2
1 111 127 126 85 87 85 2
1 128 129 130 88 46 89 1
1 131 128 130 90 88 89 1
1 132 131 130 91 90 89 1
1 133 134 135 92 93 92 1
1 135 136 133 92 94 92 1
1 137 138 139 95 81 95 1
1 139 140 137 95 96 95 1
1 141 142 143 41 41 41 1
1 143 144 141 41 41 41 1
1 145 146 147 97 98 97 1
1 147 148 145 97 99 97 1
1 149 135 134 100 101 100 2
1 134 150 149 100 87 100 2
1 151 152 153 46 46 46 1
1 154 151 153 46 46 46 1
1 155 154 153 46 46 46 1
1 156 157 158 102 103 102 1
1 158 159 156 102 104 102 1
1 160 161 162 105 106 105 1
1 162 163 160 105 107 105 1
1 164 165 166 41 41 41 1
1 166 167 164 41 41 41 1
1 168 169 170 108 109 108 1
1 170 171 168 108 110 108 1
1 172 158 157 111 112 111 2
1 157 173 172 111 113 111 2
1 174 175 176 45 46 114 1
1 177 174 176 115 45 114 1
1 178 177 176 116 115 114 1
1 179 180 181 117 118 117 1
1 181 182 179 117 119 117 1
1 183 184 185 120 121 120 1
1 185 186 183 120 122 120 1
1 187 188 189 41 41 41 1
1 189 190 187 41 41 41 1
1 191 192 193 123 123 123 1
1 193 194 191 123 123 123 1
1 195 181 180 124 124 124 2
1 180 196 195 124 125 124 2
1 197 198 199 126 127 128 1
1 200 197 199 129 126 128 1
1 201 200 199 130 129 128 1
1 202 203 204 118 118 118 1
1 204 205 202 118 118 118 1
1 206 207 208 131 131 131 1
1 208 209 206 131 131 131 1
1 210 211 212 41 41 41 1
1 212 213 210 41 41 41 1
1 214 215 216 132 133 132 1
1 216 217 214 132 134 132 1
1 218 204 203 135 124 135 2
1 203 219 218 135 136 135 2
1 220 221 222 46 46 46 1
1 223 220 222 46 46 46 1
1 224 223 222 46 46 46 1
1 225 226 227 137 138 137 1
1 227 228 225 137 139 137 1
1 229 230 231 140 141 140 1
1 231 232 229 140 142 140 1
1 233 234 235 41 41 41 1
1 235 236 233 41 41 41 1
1 237 238 239 143 144 143 1
1 239 240 237 143 145 143 1
1 241 227 226 146 147 146 2
1 226 242 241 146 101 146 2
1 243 244 245 148 149 150 1
1 246 243 245 151 148 150 1
1 247 246 245 152 151 150 1
1 248 249 250 153 154 153 1
1 250 251 248 153 155 153 1
1 252 253 254 156 156 156 1
1 254 255 252 156 156 156 1
1 256 257 258 41 41 41 1
1 258 259 256 41 41 41 1
1 260 261 262 157 158 157 1
1 262 263 260 157 159 157 1
1 264 250 249 160 161 160 2
1 249 265 264 160 162 160 2
1 266 267 268 46 46 46 1
1 269 266 268 46 46 46 1
1 270 269 268 46 46 46 1
1 271 272 273 163 164 163 1
1 273 274 271 163 165 163 1
1 275 276 277 166 167 166 1
1 277 278 275 166 168 166 1
1 279 280 281 41 41 41 1
1 281 282 279 41 41 41 1
1 283 284 285 169 170 169 1
1 285 286 283 169 171 169 1
1 287 273 272 172 173 172 2
1 272 288 287 172 174 172 2
1 289 290 291 175 46 176 1
1 292 289 291 177 175 176 1
1 293 292 291 178 177 176 1
1 294 295 296 179 180 181 1
1 296 297 294 181 179 179 1
1 298 299 300 182 183 184 1
1 300 301 298 184 185 182 1
1 302 300 299 186 184 183 1
1 299 303 302 183 187 186 1
1 304 302 303 188 186 187 1
1 303 305 304 187 189 188 1
1 306 307 308 190 191 192 1
1 308 309 306 192 193 190 1
1 310 308 307 194 192 191 1
1 307 311 310 191 195 194 1
1 312 310 311 196 194 195 1
1 311 313 312 195 197 196 1
1 314 315 316 198 199 200 1
1 316 317 314 200 201 198 1
1 318 316 315 202 200 199 1
1 315 319 318 199 203 202 1
1 320 318 319 204 202 203 1
1 319 321 320 203 204 204 1
1 322 296 295 205 181 180 1
1 295 323 322 180 205 205 1
1 324 325 326 206 206 206 1
1 326 327 328 206 206 206 1
1 324 326 328 206 206 206 1
1 328 329 330 206 206 206 1
1 330 331 332 206 206 206 1
1 328 330 332 206 206 206 1
1 324 328 332 206 206 206 1
1 324 332 333 206 206 206 1
1 334 324 333 206 206 206 1
1 335 336 337 41 41 41 1
1 337 338 339 41 41 41 1
1 335 337 339 41 41 41 1
1 339 340 341 41 41 41 1
1 341 342 343 41 41 41 1
1 339 341 343 41 41 41 1
1 335 339 343 41 41 41 1
1 335 343 344 41 41 41 1
1 345 335 344 41 41 41 1
1 346 347 348 207 207 207 1
1 348 349 346 207 207 207 1
1 350 351 352 208 208 208 1
1 352 353 350 208 208 208 1
1 354 355 356 209 210 209 1
1 356 357 354 209 211 209 1
1 358 359 360 212 213 212 1
1 360 361 358 212 214 212 1
1 362 348 347 215 215 215 2
1 347 363 362 215 215 215 2
1 364 365 366 206 206 206 1
1 367 364 366 206 206 206 1
1 368 367 366 206 206 206 1
1 369 370 371 41 41 41 1
1 372 369 371 41 41 41 1
1 373 372 371 41 41 41 1
1 374 375 376 216 217 216 1
1 376 377 374 216 218 216 1
1 378 379 380 219 220 219 1
1 380 381 378 219 221 219 1
1 382 383 384 222 223 222 1
1 384 385 382 222 224 222 1
1 386 387 388 225 226 225 1
1 388 389 386 225 227 225 1
1 390 376 375 228 229 228 2
1 375 391 390 228 230 228 2
1 392 393 394 206 206 206 1
1 395 392 394 206 206 206 1
1 396 395 394 206 206 206 1
1 397 398 399 41 41 41 1
1 400 397 399 41 41 41 1
1 401 400 399 41 41 41 1
1 402 403 404 231 232 231 1
1 404 405 402 231 233 231 1
1 406 407 408 234 234 234 1
1 408 409 406 234 234 234 1
1 410 411 412 235 236 235 1
1 412 413 410 235 237 235 1
1 414 415 416 238 239 238 1
1 416 417 414 238 240 238 1
1 418 404 403 241 242 241 2
1 403 419 418 241 243 241 2
1 420 421 422 206 206 206 1
1 423 420 422 206 206 206 1
1 424 423 422 206 206 206 1
1 425 426 427 41 41 41 1
1 428 425 427 41 41 41 1
1 429 428 427 41 41 41 1
1 430 431 432 244 244 244 1
1 432 433 430 244 244 244 1
1 434 435 436 245 245 245 1
1 436 437 434 245 245 245 1
1 438 439 440 236 236 236 1
1 440 441 438 236 236 236 1
1 442 443 444 246 247 246 1
1 444 445 442 246 248 246 1
1 446 432 431 249 250 249 2
1 431 447 446 249 251 249 2
1 448 449 450 206 206 206 1
1 451 448 450 206 206 206 1
1 452 451 450 206 206 206 1
1 453 454 455 41 41 41 1
1 456 453 455 41 41 41 1
1 457 456 455 41 41 41 1
1 458 459 460 252 253 252 1
1 460 461 458 252 254 252 1
1 462 463 464 255 256 255 1
1 464 465 462 255 257 255 1
1 466 467 468 236 236 236 1
1 468 469 466 236 258 236 1
1 470 471 472 259 259 259 1
1 472 473 470 259 259 259 1
1 474 460 459 260 260 260 2
1 459 475 474 260 260 260 2
1 476 477 478 206 206 206 1
1 479 476 478 206 206 206 1
1 480 479 478 206 206 206 1
1 481 482 483 41 41 41 1
1 484 481 483 41 41 41 1
1 485 484 483 41 41 41 1
1 486 487 488 261 261 261 1
1 488 489 486 261 261 261 1
1 490 491 492 262 262 262 1
1 492 493 490 262 262 262 1
1 494 495 496 46 46 46 1
1 496 497 494 46 46 46 1
1 498 499 500 263 263 263 1
1 500 501 498 263 263 263 1
1 502 488 487 264 264 264 2
1 487 503 502 264 264 264 2
1 504 505 506 206 206 206 1
1 507 504 506 206 206 206 1
1 508 507 506 206 206 206 1
1 509 510 511 41 41 41 1
1 512 509 511 41 41 41 1
1 513 512 511 41 41 41 1
1 514 515 516 265 265 265 1
1 516 517 514 265 265 265 1
1 518 519 520 266 266 266 1
1 520 521 518 266 266 266 1
1 522 523 524 258 258 258 1
1 524 525 522 258 258 258 1
1 526 527 528 267 267 267 1
1 528 529 526 267 267 267 1
1 530 516 515 268 268 268 2
1 515 531 530 268 268 268 2
1 532 533 534 206 206 206 1
1 535 532 534 206 206 206 1
1 536 535 534 206 206 206 1
1 537 538 539 41 41 41 1
1 540 537 539 41 41 41 1
1 541 540 539 41 41 41 1
1 542 543 544 269 270 269 1
1 544 545 542 269 271 269 1
1 546 547 548 272 273 272 1
1 548 549 546 272 274 272 1
1 550 551 552 275 275 275 1
1 552 553 550 275 275 275 1
1 554 555 556 276 276 276 1
1 556 557 554 276 276 276 1
1 558 544 543 277 277 277 2
1 543 559 558 277 277 277 2
1 560 561 562 206 206 206 1
1 563 560 562 206 206 206 1
1 564 563 562 206 206 206 1
1 565 566 567 41 41 41 1
1 568 565 567 41 41 41 1
1 569 568 567 41 41 41 1
1 570 571 572 278 278 278 1
1 572 573 570 278 278 278 1
1 574 575 576 279 280 279 1
1 576 577 574 279 281 279 1
1 578 579 580 282 223 282 1
1 580 581 578 282 283 282 1
1 582 583 584 284 285 284 1
1 584 585 582 284 286 284 1
1 586 572 571 287 287 287 2
1 571 587 586 287 287 287 2
1 588 589 590 206 206 206 1
1 591 588 590 206 206 206 1
1 592 591 590 206 206 206 1
1 593 594 595 41 41 41 1
1 596 593 595 41 41 41 1
1 597 596 595 41 41 41 1
1 598 599 600 288 288 288 1
1 600 601 598 288 288 288 1
1 602 603 604 289 289 289 1
1 604 605 602 289 289 289 1
1 606 607 608 290 291 290 1
1 608 609 606 290 292 290 1
1 610 611 612 293 294 293 1
1 612 613 610 293 295 293 1
1 614 600 599 287 287 287 2
1 599 615 614 287 287 287 2
1 616 617 618 206 206 206 1
1 619 616 618 206 206 206 1
1 620 619 618 206 206 206 1
1 621 622 623 41 41 41 1
1 624 621 623 41 41 41 1
1 625 624 623 41 41 41 1
1 626 627 628 296 297 296 1
1 628 629 626 296 298 296 1
1 630 631 632 299 300 299 1
1 632 633 630 299 301 299 1
1 634 635 636 302 303 302 1
1 636 637 634 302 304 302 1
1 638 639 640 305 306 305 1
1 640 641 638 305 307 305 1
1 642 628 627 308 308 308 2
1 627 643 642 308 308 308 2
1 644 645 646 206 206 206 1
1 647 644 646 206 206 206 1
1 648 647 646 206 206 206 1
1 649 650 651 41 41 41 1
1 652 649 651 41 41 41 1
1 653 652 651 41 41 41 1
1 654 655 656 309 310 311 1
1 656 657 654 311 309 309 1
1 658 659 660 185 312 313 1
1 660 661 658 313 185 185 1
1 662 660 659 314 313 312 1
1 659 663 662 312 315 314 1
1 664 662 663 316 314 315 1
1 663 665 664 315 317 316 1
1 666 667 668 318 319 320 1
1 668 669 666 320 321 318 1
1 670 668 667 322 320 319 1
1 667 671 670 319 323 322 1
1 672 670 671 324 322 323 1
1 671 673 672 323 325 324 1
1 674 675 676 326 327 328 1
1 676 677 674 328 329 326 1
1 678 676 675 330 328 327 1
1 675 679 678 327 331 330 1
1 680 678 679 204 330 331 1
1 679 681 680 331 204 204 1
1 682 656 655 332 311 310 1
1 655 683 682 310 332 332 1
1 684 685 686 333 334 335 1
1 686 687 688 335 336 337 1
1 684 686 688 333 335 337 1
1 688 689 690 337 338 339 1
1 690 691 692 339 340 341 1
1 688 690 692 337 339 341 1
1 684 688 692 333 337 341 1
1 684 692 693 333 341 342 1
1 694 684 693 343 333 342 1
1 695 696 697 344 345 346 1
1 697 698 699 346 41 41 1
1 695 697 699 344 346 41 1
1 699 700 701 41 41 41 1
1 701 702 703 41 41 347 1
1 699 701 703 41 41 347 1
1 695 699 703 344 41 347 1
1 695 703 704 344 347 348 1
1 705 695 704 349 344 348 1
1 706 707 708 350 351 350 1
1 708 709 706 350 352 350 1
1 710 711 712 353 354 353 1
1 712 713 710 353 355 353 1
1 714 715 716 356 356 356 1
1 716 717 714 356 356 356 1
1 718 719 720 357 357 357 1
1 720 721 718 357 357 357 1
1 722 708 707 358 358 358 2
1 707 723 722 358 358 358 2
1 724 725 726 206 206 206 1
1 727 724 726 206 206 206 1
1 728 727 726 206 206 206 1
1 729 730 731 41 41 41 1
1 732 729 731 41 41 41 1
1 733 732 731 41 41 41 1
1 734 735 736 359 359 359 1
1 736 737 734 359 359 359 1
1 738 739 740 360 361 360 1
1 740 741 738 360 362 360 1
1 742 743 744 363 364 363 1
1 744 745 742 363 365 363 1
1 746 747 748 366 367 366 1
1 748 749 746 366 368 366 1
1 750 736 735 369 369 369 2
1 735 751 750 369 369 369 2
1 752 753 754 206 206 206 1
1 755 752 754 206 206 206 1
1 756 755 754 206 206 206 1
1 757 758 759 41 41 41 1
1 760 757 759 41 41 41 1
1 761 760 759 41 41 41 1
1 762 763 764 370 371 370 1
1 764 765 762 370 372 370 1
1 766 767 768 373 373 373 1
1 768 769 766 373 373 373 1
1 770 771 772 374 375 374 1
1 772 773 770 374 376 374 1
1 774 775 776 377 378 377 1
1 776 777 774 377 379 377 1
1 778 764 763 380 381 380 2
1 763 779 778 380 382 380 2
1 780 781 782 206 206 206 1
1 783 780 782 206 206 206 1
1 784 783 782 206 206 206 1
1 785 786 787 41 41 41 1
1 788 785 787 41 41 41 1
1 789 788 787 41 41 41 1
1 790 791 792 383 383 383 1
1 792 793 790 383 383 383 1
1 794 795 796 384 384 384 1
1 796 797 794 384 384 384 1
1 798 799 800 376 376 376 1
1 800 801 798 376 376 376 1
1 802 803 804 385 386 385 1
1 804 805 802 385 387 385 1
1 806 792 791 388 389 388 2
1 791 807 806 388 390 388 2
1 808 809 810 206 206 206 1
1 811 808 810 206 206 206 1
1 812 811 810 206 206 206 1
1 813 814 815 41 41 41 1
1 816 813 815 41 41 41 1
1 817 816 815 41 41 41 1
1 818 819 820 391 392 391 1
1 820 821 818 391 393 391 1
1 822 823 824 394 395 394 1
1 824 825 822 394 396 394 1
1 826 827 828 46 46 46 1
1 828 829 826 46 46 46 1
1 830 831 832 397 397 397 1
1 832 833 830 397 397 397 1
1 834 820 819 398 398 398 2
1 819 835 834 398 398 398 2
1 836 837 838 206 206 206 1
1 839 836 838 206 206 206 1
1 840 839 838 206 206 206 1
1 841 842 843 41 41 41 1
1 844 841 843 41 41 41 1
1 845 844 843 41 41 41 1
1 846 847 848 399 400 399 1
1 848 849 846 399 401 399 1
1 850 851 852 402 402 402 1
1 852 853 850 402 402 402 1
1 854 855 856 376 376 376 1
1 856 857 854 376 376 376 1
1 858 859 860 403 403 403 1
1 860 861 858 403 403 403 1
1 862 848 847 404 405 404 2
1 847 863 862 404 406 404 2
1 864 865 866 206 206 206 1
1 867 864 866 206 206 206 1
1 868 867 866 206 206 206 1
1 869 870 871 41 41 41 1
1 872 869 871 41 41 41 1
1 873 872 871 41 41 41 1
1 874 875 876 261 261 261 1
1 876 877 874 261 261 261 1
1 878 879 880 407 407 407 1
1 880 881 878 407 407 407 1
1 882 883 884 46 46 46 1
1 884 885 882 46 46 46 1
1 886 887 888 408 408 408 1
1 888 889 886 408 408 408 1
1 890 876 875 409 409 409 2
1 875 891 890 409 409 409 2
1 892 893 894 206 206 206 1
1 895 892 894 206 206 206 1
1 896 895 894 206 206 206 1
1 897 898 899 41 41 41 1
1 900 897 899 41 41 41 1
1 901 900 899 41 41 41 1
1 902 903 904 410 411 410 1
1 904 905 902 410 412 410 1
1 906 907 908 413 414 413 1
1 908 909 906 413 415 413 1
1 910 911 912 416 416 416 1
1 912 913 910 416 416 416 1
1 914 915 916 417 417 417 1
1 916 917 914 417 417 417 1
1 918 904 903 418 418 418 2
1 903 919 918 418 418 418 2
1 920 921 922 206 206 206 1
1 923 920 922 206 206 206 1
1 924 923 922 206 206 206 1
1 925 926 927 41 41 41 1
1 928 925 927 41 41 41 1
1 929 928 927 41 41 41 1
1 930 931 932 419 419 419 1
1 932 933 930 419 419 419 1
1 934 935 936 420 421 420 1
1 936 937 934 420 422 420 1
1 938 939 940 423 424 423 1
1 940 941 938 423 365 423 1
1 942 943 944 425 426 425 1
1 944 945 942 425 427 425 1
1 946 932 931 428 428 428 2
1 931 947 946 428 428 428 2
1 948 949 950 206 206 206 1
1 951 948 950 206 206 206 1
1 952 951 950 206 206 206 1
1 953 954 955 41 41 41 1
1 956 953 955 41 41 41 1
1 957 956 955 41 41 41 1
1 958 959 960 429 429 429 1
1 960 961 958 429 429 429 1
1 962 963 964 430 430 430 1
1 964 965 962 430 430 430 1
1 966 967 968 431 432 431 1
1 968 969 966 431 433 431 1
1 970 971 972 434 435 434 1
1 972 973 970 434 436 434 1
1 974 960 959 437 437 437 2
1 959 975 974 437 437 437 2
1 976 977 978 206 206 206 1
1 979 976 978 206 206 206 1
1 980 979 978 206 206 206 1
1 981 982 983 41 41 41 1
1 984 981 983 41 41 41 1
1 985 984 983 41 41 41 1
1 986 987 988 438 439 438 1
1 988 989 986 438 440 438 1
1 990 991 992 441 442 441 1
1 992 993 990 441 443 441 1
1 994 995 996 444 445 444 1
1 996 997 994 444 444 444 1
1 998 999 1000 446 447 446 1
1 1000 1001 998 446 448 446 1
1 1002 988 987 449 449 449 2
1 987 1003 1002 449 449 449 2
1 1004 1005 1006 206 206 206 1
1 1007 1004 1006 206 206 206 1
1 1008 1007 1006 206 206 206 1
1 1009 1010 1011 41 41 41 1
1 1012 1009 1011 41 41 41 1
1 1013 1012 1011 41 41 41 1

Materials: 3
"Cylinder04Cls_9_"
0.584314 0.584314 0.584314 1.000000
0.584314 0.584314 0.584314 1.000000
0.894118 0.894118 0.894118 1.000000
0.000000 0.000000 0.000000 1.000000
125.440002
1.000000
"ROHR_5.tga"
""
"Cylinder04Cls_0_"
0.584314 0.584314 0.584314 1.000000
0.584314 0.584314 0.584314 1.000000
0.894118 0.894118 0.894118 1.000000
0.000000 0.000000 0.000000 1.000000
125.440002
1.000000
"METALL_2.tga"
""
"Material"
0.117647 0.117647 0.117647 1.000000
0.752941 0.752941 0.752941 1.000000
0.752941 0.752941 0.752941 1.000000
0.000000 0.000000 0.000000 1.000000
125.440002
1.000000
""
""

Bones: 0
GroupComments: 0
MaterialComments: 0
BoneComments: 0
ModelComment: 0
