// MilkShape 3D ASCII

Frames: 30
Frame: 1

Meshes: 2
"MDL-Cylin1" 1 0
38
1 0.142962 9.139982 0.715013 1.310418 -0.286574 -1
1 0.084099 9.139982 1.316425 1.170270 -0.286574 -1
1 0.142961 0.310718 1.115954 1.216986 1.264492 -1
1 -0.231705 0.310718 1.590071 1.078334 1.264492 -1
1 -0.231704 9.139982 1.590071 1.078334 -0.286574 -1
1 -0.645320 0.310719 1.649540 0.988053 1.264492 -1
1 -0.645319 9.139982 1.649540 0.988053 -0.286574 -1
1 -1.251342 0.310719 0.915484 0.763702 1.264492 -1
1 -1.251341 9.139982 0.915484 0.763702 -0.286574 -1
1 -0.835373 0.310719 0.268223 0.584143 1.264492 -1
1 -0.835372 9.139982 0.268223 0.584143 -0.286574 -1
1 -0.231705 9.139982 0.240898 0.449070 -0.286574 -1
1 -0.231705 0.310719 0.240898 0.449070 1.264492 -1
1 0.084098 0.310718 0.514543 1.357133 1.264492 -1
1 -0.231705 0.310719 0.240898 1.449069 1.264492 -1
1 -0.231705 9.139982 0.240898 1.449069 -0.286574 -1
1 1.258905 10.432026 0.715013 0.866168 0.246199 -1
1 1.258905 10.648790 1.453248 0.680053 0.246199 -1
1 0.571021 10.130739 0.915484 0.819452 0.477317 -1
1 1.258906 11.410360 1.562746 0.499012 0.246199 -1
1 1.258906 11.826330 0.915484 0.319452 0.246199 -1
1 0.133307 11.525192 0.915484 0.319452 0.400277 -1
1 -0.215780 10.749752 0.311621 0.162288 0.502997 -1
1 1.258905 11.410360 0.268223 0.139893 0.246199 -1
1 1.258905 10.806692 0.240898 0.004820 0.246199 -1
1 0.590514 10.627874 0.240898 0.004820 0.400277 -1
1 0.590514 10.627874 0.240898 1.004820 0.400277 -1
1 1.258905 10.806692 0.240898 1.004820 0.246199 -1
1 -0.835372 9.316082 1.562746 0.499012 0.759794 -1
1 -0.073803 9.316082 1.453248 0.680053 0.759794 -1
1 -0.950204 10.441681 0.915484 0.319452 0.605716 -1
1 -0.052886 9.984474 0.240898 0.004820 0.605716 -1
1 -0.835372 9.316082 0.268223 0.139893 0.759794 -1
1 -0.052886 9.984474 0.240898 1.004820 0.605716 -1
1 0.142962 9.316082 0.715013 0.866168 0.759794 -1
1 -1.251341 9.316084 0.915484 0.319452 0.759794 -1
1 -0.231705 9.316082 0.240898 0.004820 0.759794 -1
1 -0.231705 9.316082 0.240898 1.004820 0.759794 -1
44
0.975934 0.003111 -0.218042
0.855571 -0.001555 0.517683
0.975935 -0.003111 0.218041
0.555840 -0.003109 0.831283
0.324833 -0.000000 0.945771
-0.182824 0.000000 0.983146
-0.526086 0.000000 0.850431
-0.771154 0.000000 0.636649
-0.638913 0.000000 -0.769279
-0.841254 0.000000 -0.540640
-0.344539 0.000000 -0.938772
-0.045219 0.000000 -0.998977
-0.045219 0.000000 -0.998977
0.855570 0.001554 -0.517685
0.654861 -0.000000 -0.755749
0.722909 0.004443 -0.690929
0.305782 -0.888060 -0.343289
0.494859 -0.849065 0.184939
0.718898 -0.694160 -0.036435
-0.191134 0.421608 0.886405
-0.219573 0.820724 0.527447
-0.364522 0.571389 0.735281
-0.332433 0.416613 -0.846121
-0.419373 0.667735 -0.615025
-0.273828 0.727775 -0.628778
-0.166813 0.342711 -0.924512
-0.012097 0.045215 -0.998904
-0.053478 0.072562 -0.995929
0.348220 -0.751761 -0.559998
0.205428 -0.767856 -0.606793
0.533394 -0.289301 0.794856
0.651403 -0.014852 0.758587
0.140896 -0.140896 0.979947
-0.423635 0.256040 0.868894
-0.643009 0.331426 0.690432
-0.727340 0.397681 -0.559309
-0.072256 0.053117 -0.995971
-0.451188 0.169570 -0.876171
0.730750 -0.365625 -0.576475
0.863554 -0.345345 -0.367438
-0.820724 0.219573 0.527447
-0.820724 0.219573 -0.527447
-0.045216 0.012097 -0.998904
0.767854 -0.205429 -0.606794
38
1 0 1 2 0 1 2 1
1 3 2 1 3 2 1 1
1 1 4 3 1 4 3 1
1 5 3 4 5 3 4 1
1 4 6 5 4 6 5 1
1 7 5 6 7 5 6 1
1 6 8 7 6 7 7 1
1 9 7 8 8 9 9 2
1 8 10 9 9 10 8 2
1 10 11 12 10 11 12 2
1 12 9 10 12 8 10 2
1 13 14 15 13 14 15 1
1 15 0 13 15 0 13 1
1 2 13 0 2 13 0 1
1 16 17 18 16 17 18 1
1 19 20 21 19 20 21 2
1 22 21 20 22 23 24 1
1 20 23 22 24 25 22 1
1 23 24 25 25 26 27 1
1 25 22 23 27 22 25 1
1 16 26 27 16 28 29 1
1 26 16 18 28 16 18 1
1 28 29 18 30 31 18 1
1 18 17 28 18 17 30 1
1 17 19 28 32 19 33 2
1 19 21 28 19 21 33 2
1 30 28 21 34 33 21 2
1 22 30 21 22 35 23 1
1 22 25 31 22 27 36 1
1 31 32 22 36 37 22 1
1 18 33 26 18 38 28 1
1 33 18 34 38 18 39 1
1 29 34 18 31 39 18 1
1 28 30 35 33 34 40 2
1 32 35 30 37 41 35 1
1 30 22 32 35 22 37 1
1 32 31 36 37 36 42 1
1 34 37 33 39 43 38 1
"MDL-Cylin2" 1 1
215
1 1.056554 10.154715 0.907649 0.500000 0.583381 -1
1 1.056554 10.303267 0.401729 0.752960 0.583381 -1
1 1.397427 10.303267 0.401729 0.752960 0.412944 -1
1 1.397427 10.962711 0.018916 0.445586 0.412944 -1
1 1.397427 10.303267 0.401729 0.115863 0.412944 -1
1 1.056554 10.303267 0.401729 0.115863 0.583381 -1
1 1.056554 11.223667 -0.018604 0.576064 0.583381 -1
1 1.397427 11.703297 0.200436 0.815878 0.412944 -1
1 1.056554 11.703297 0.200436 0.815878 0.583381 -1
1 1.056554 11.703297 0.200436 0.146393 0.583381 -1
1 1.056554 11.988363 0.644010 0.368181 0.583381 -1
1 1.397428 11.988363 0.907649 0.500000 0.412944 -1
1 1.397427 11.703297 0.200436 0.146393 0.412944 -1
1 1.397428 11.703295 1.614863 0.853607 0.412944 -1
1 1.056555 11.703295 1.614863 0.853607 0.583381 -1
1 1.397428 10.962711 1.796382 0.554414 0.412944 -1
1 1.397428 11.703295 1.614863 0.184122 0.412944 -1
1 1.056555 11.703295 1.614863 0.184122 0.583381 -1
1 1.056554 10.701756 1.758862 0.684892 0.583381 -1
1 1.397427 10.303265 1.413568 0.884137 0.412944 -1
1 1.056554 10.303265 1.413568 0.884137 0.583381 -1
1 1.056554 10.303265 1.413568 0.247040 0.583381 -1
1 1.397427 10.303265 1.413568 0.247040 0.412944 -1
1 1.056554 10.701756 1.758862 0.315108 0.925607 -1
1 1.056555 11.703295 1.614863 0.815878 0.853607 -1
1 1.056554 11.988363 0.644010 0.958412 0.368181 -1
1 1.056554 11.703297 0.200436 0.815878 0.146393 -1
1 1.056554 11.223667 -0.018604 0.576064 0.036874 -1
1 1.056554 10.303267 0.401729 0.115863 0.247040 -1
1 1.056554 10.154715 0.907649 0.041588 0.500000 -1
1 1.056554 10.303265 1.413568 0.115863 0.752960 -1
1 0.993778 10.341562 0.429715 0.257330 0.614769 -1
1 0.993778 10.401245 0.511863 0.296115 0.614769 -1
1 1.452853 10.401245 0.461093 0.276722 0.385231 -1
1 0.993778 10.401245 0.511863 0.691900 0.614769 -1
1 0.993778 10.341562 0.429715 0.738967 0.614769 -1
1 1.452853 10.401245 0.461093 0.723278 0.385231 -1
1 0.273478 0.470712 0.861350 0.532156 0.385231 -1
1 0.236592 0.470712 0.955484 0.469400 0.385231 -1
1 0.257212 0.011636 0.911413 0.492933 0.614769 -1
1 0.236592 0.470712 0.955484 0.132134 0.385231 -1
1 0.273478 0.470712 0.861350 0.095247 0.385231 -1
1 0.257212 0.011636 0.911413 0.113691 0.614769 -1
1 0.144940 0.470712 1.303466 0.311098 0.385231 -1
1 0.108053 0.470712 1.397599 0.248342 0.385231 -1
1 0.128673 0.011636 1.353529 0.271876 0.614769 -1
1 0.108053 0.470712 1.397599 0.196403 0.385231 -1
1 0.144940 0.470712 1.303466 0.159516 0.385231 -1
1 0.128673 0.011636 1.353529 0.177960 0.614769 -1
1 -0.654255 0.470712 1.686095 0.119783 0.385231 -1
1 -0.691142 0.470712 1.780229 0.057028 0.385231 -1
1 -0.670522 0.011636 1.736158 0.080561 0.614769 -1
1 -0.691142 0.470712 1.780229 0.596001 0.385231 -1
1 -0.654255 0.470712 1.686095 0.559114 0.385231 -1
1 -0.670522 0.011636 1.736158 0.577558 0.614769 -1
1 -1.064049 0.470712 1.482497 0.221582 0.385231 -1
1 -1.100936 0.470712 1.576630 0.158827 0.385231 -1
1 -1.080316 0.011636 1.532560 0.182360 0.614769 -1
1 -1.100936 0.470712 1.576630 0.800897 0.385231 -1
1 -1.064049 0.470712 1.482497 0.764011 0.385231 -1
1 -1.080316 0.011636 1.532560 0.782454 0.614769 -1
1 -1.318967 0.470712 0.631187 0.647238 0.385231 -1
1 -1.355854 0.470712 0.725320 0.584482 0.385231 -1
1 -1.335235 0.011636 0.681250 0.608016 0.614769 -1
1 -1.355854 0.470712 0.725320 0.928356 0.385231 -1
1 -1.318967 0.470712 0.631187 0.891470 0.385231 -1
1 -1.335235 0.011636 0.681250 0.909913 0.614769 -1
1 -1.076423 0.470712 0.231971 0.846846 0.385231 -1
1 -1.113310 0.470712 0.326104 0.784090 0.385231 -1
1 -1.092690 0.011636 0.282034 0.807624 0.614769 -1
1 -1.113310 0.470712 0.326104 0.807084 0.385231 -1
1 -1.076423 0.470712 0.231971 0.770197 0.385231 -1
1 -1.092690 0.011636 0.282034 0.788640 0.614769 -1
1 -0.654280 0.470712 0.038917 0.943373 0.385231 -1
1 -0.691167 0.470712 0.133050 0.880617 0.385231 -1
1 -0.670548 0.011636 0.088980 0.904150 0.614769 -1
1 -0.691167 0.470712 0.133050 0.596013 0.385231 -1
1 -0.654280 0.470712 0.038917 0.559126 0.385231 -1
1 -0.670548 0.011636 0.088980 0.577569 0.614769 -1
1 -0.181544 0.470712 0.114493 0.905584 0.385231 -1
1 -0.218430 0.470712 0.208627 0.842829 0.385231 -1
1 -0.197809 0.011636 0.164556 0.866362 0.614769 -1
1 -0.218430 0.470712 0.208627 0.359644 0.385231 -1
1 -0.181544 0.470712 0.114493 0.322757 0.385231 -1
1 -0.197809 0.011636 0.164556 0.341201 0.614769 -1
1 0.171153 0.470712 0.416350 0.754656 0.385231 -1
1 0.134266 0.470712 0.510483 0.691900 0.385231 -1
1 0.154886 0.011636 0.466413 0.715433 0.614769 -1
1 0.134266 0.470712 0.510483 0.183296 0.385231 -1
1 0.171153 0.470712 0.416350 0.146410 0.385231 -1
1 0.154886 0.011636 0.466413 0.164853 0.614769 -1
1 0.232245 0.415284 0.419742 0.884137 0.247040 -1
1 -0.166244 0.415284 1.776875 0.684892 0.925607 -1
1 0.232246 0.415285 1.431581 0.884137 0.752960 -1
1 -1.452854 0.415285 0.662023 0.041588 0.368181 -1
1 -1.167784 0.415285 1.632876 0.184122 0.853607 -1
1 -0.688157 0.415285 -0.000591 0.423936 0.036874 -1
1 -1.167786 0.415285 0.218449 0.184122 0.146393 -1
1 0.232246 0.074411 1.431581 0.115863 0.752960 -1
1 -0.166244 0.074410 1.776875 0.315108 0.925607 -1
1 0.380797 0.074411 0.925662 0.041588 0.500000 -1
1 0.232245 0.074410 0.419742 0.115863 0.247040 -1
1 -1.452854 0.074411 0.662023 0.958412 0.368181 -1
1 -0.688157 0.074412 -0.000591 0.576064 0.036874 -1
1 -1.167786 0.074412 0.218449 0.815878 0.146393 -1
1 -1.167785 0.074411 1.632876 0.815878 0.853607 -1
1 0.232245 0.415284 0.419742 0.752960 0.412944 -1
1 0.232246 0.415285 1.431581 0.247040 0.412944 -1
1 0.232246 0.074411 1.431581 0.247040 0.583381 -1
1 0.380797 0.074411 0.925662 0.500000 0.583381 -1
1 -0.166244 0.074410 1.776875 0.684892 0.583381 -1
1 0.232246 0.074411 1.431581 0.884137 0.583381 -1
1 0.232246 0.415285 1.431581 0.884137 0.412944 -1
1 -0.166244 0.415284 1.776875 0.684892 0.412944 -1
1 -1.167785 0.074411 1.632876 0.184122 0.583381 -1
1 -1.167784 0.415285 1.632876 0.184122 0.412944 -1
1 -1.452854 0.074411 0.662023 0.368181 0.583381 -1
1 -1.167785 0.074411 1.632876 0.853607 0.583381 -1
1 -1.167784 0.415285 1.632876 0.853607 0.412944 -1
1 -1.452854 0.415285 0.662023 0.368181 0.412944 -1
1 -1.167786 0.415285 0.218449 0.146393 0.412944 -1
1 -1.167786 0.074412 0.218449 0.146393 0.583381 -1
1 -0.688157 0.074412 -0.000591 0.576064 0.583381 -1
1 -1.167786 0.074412 0.218449 0.815878 0.583381 -1
1 -1.167786 0.415285 0.218449 0.815878 0.412944 -1
1 -0.688157 0.415285 -0.000591 0.576064 0.412944 -1
1 0.232245 0.074410 0.419742 0.115863 0.583381 -1
1 0.232245 0.415284 0.419742 0.115863 0.412944 -1
1 0.232245 0.074410 0.419742 0.752960 0.583381 -1
1 0.273479 9.537260 0.861350 0.532156 0.385231 -1
1 0.236592 9.537260 0.955484 0.469400 0.385231 -1
1 0.257212 9.078186 0.911413 0.492933 0.614769 -1
1 0.236592 9.537260 0.955484 0.132134 0.385231 -1
1 0.273479 9.537260 0.861350 0.095247 0.385231 -1
1 0.257212 9.078186 0.911413 0.113691 0.614769 -1
1 0.144941 9.537260 1.303466 0.311098 0.385231 -1
1 0.108054 9.537260 1.397599 0.248342 0.385231 -1
1 0.128674 9.078186 1.353529 0.271876 0.614769 -1
1 0.108054 9.537260 1.397599 0.196403 0.385231 -1
1 0.144941 9.537260 1.303466 0.159516 0.385231 -1
1 0.128674 9.078186 1.353529 0.177960 0.614769 -1
1 -0.207751 9.537260 1.603408 0.161127 0.385231 -1
1 -0.244638 9.537260 1.697541 0.098371 0.385231 -1
1 -0.224018 9.078186 1.653471 0.121904 0.614769 -1
1 -0.244638 9.537260 1.697541 0.372749 0.385231 -1
1 -0.207751 9.537260 1.603408 0.335862 0.385231 -1
1 -0.224018 9.078186 1.653471 0.354306 0.614769 -1
1 -0.654255 9.537260 1.686095 0.119783 0.385231 -1
1 -0.691141 9.537260 1.780229 0.057028 0.385231 -1
1 -0.670521 9.078184 1.736158 0.080561 0.614769 -1
1 -0.691141 9.537260 1.780229 0.596001 0.385231 -1
1 -0.654255 9.537260 1.686095 0.559114 0.385231 -1
1 -0.670521 9.078184 1.736158 0.577558 0.614769 -1
1 -1.318872 9.537260 1.091567 0.417048 0.385231 -1
1 -1.355759 9.537260 1.185700 0.354292 0.385231 -1
1 -1.335139 9.078186 1.141630 0.377825 0.614769 -1
1 -1.355759 9.537260 1.185700 0.928309 0.385231 -1
1 -1.318872 9.537260 1.091567 0.891423 0.385231 -1
1 -1.335139 9.078186 1.141630 0.909866 0.614769 -1
1 -0.181542 9.537260 0.114493 0.905584 0.385231 -1
1 -0.218429 9.537260 0.208627 0.842829 0.385231 -1
1 -0.197809 9.078186 0.164556 0.866362 0.614769 -1
1 -0.218429 9.537260 0.208627 0.359644 0.385231 -1
1 -0.181542 9.537260 0.114493 0.322757 0.385231 -1
1 -0.197809 9.078186 0.164556 0.341201 0.614769 -1
1 0.232246 9.481834 0.419742 0.884137 0.247040 -1
1 -0.166244 9.481834 1.776875 0.684892 0.925607 -1
1 0.232246 9.481834 1.431581 0.884137 0.752960 -1
1 -1.452852 9.481834 0.662023 0.041588 0.368181 -1
1 -1.167784 9.481834 1.632876 0.184122 0.853607 -1
1 -0.688155 9.481834 -0.000591 0.423936 0.036874 -1
1 -1.167784 9.481834 0.218449 0.184122 0.146393 -1
1 0.232246 9.140959 1.431581 0.115863 0.752960 -1
1 -0.166244 9.140961 1.776875 0.315108 0.925607 -1
1 0.380797 9.140959 0.925662 0.041588 0.500000 -1
1 0.232246 9.140961 0.419742 0.115863 0.247040 -1
1 -1.452852 9.140961 0.662023 0.958412 0.368181 -1
1 -0.688155 9.140961 -0.000591 0.576064 0.036874 -1
1 0.993779 11.166969 1.699460 0.892202 0.614769 -1
1 0.993779 11.226654 1.781608 0.930987 0.614769 -1
1 1.452854 11.226654 1.730838 0.911595 0.385231 -1
1 -1.167784 9.140961 0.218449 0.815878 0.146393 -1
1 -1.167784 9.140961 1.632876 0.815878 0.853607 -1
1 0.232246 9.481834 0.419742 0.752960 0.412944 -1
1 0.232246 9.481834 1.431581 0.247040 0.412944 -1
1 0.232246 9.140959 1.431581 0.247040 0.583381 -1
1 0.993779 11.226654 1.781608 0.057028 0.614769 -1
1 0.993779 11.166969 1.699460 0.104094 0.614769 -1
1 1.452854 11.226654 1.730838 0.088405 0.385231 -1
1 0.380797 9.140959 0.925662 0.500000 0.583381 -1
1 -0.166244 9.140961 1.776875 0.684892 0.583381 -1
1 0.232246 9.140959 1.431581 0.884137 0.583381 -1
1 0.232246 9.481834 1.431581 0.884137 0.412944 -1
1 -0.166244 9.481834 1.776875 0.684892 0.412944 -1
1 -1.167784 9.140961 1.632876 0.184122 0.583381 -1
1 -1.167784 9.481834 1.632876 0.184122 0.412944 -1
1 -1.452852 9.140961 0.662023 0.368181 0.583381 -1
1 -1.167784 9.140961 1.632876 0.853607 0.583381 -1
1 -1.167784 9.481834 1.632876 0.853607 0.412944 -1
1 -1.452852 9.481834 0.662023 0.368181 0.412944 -1
1 -1.167784 9.481834 0.218449 0.146393 0.412944 -1
1 -1.167784 9.140961 0.218449 0.146393 0.583381 -1
1 0.993778 10.720467 1.616772 0.850858 0.614769 -1
1 0.993778 10.780149 1.698921 0.889643 0.614769 -1
1 1.452853 10.780149 1.648151 0.870250 0.385231 -1
1 -0.688155 9.140961 -0.000591 0.576064 0.583381 -1
1 -1.167784 9.140961 0.218449 0.815878 0.583381 -1
1 -1.167784 9.481834 0.218449 0.815878 0.412944 -1
1 -0.688155 9.481834 -0.000591 0.576064 0.412944 -1
1 0.993778 10.780149 1.698921 0.098371 0.614769 -1
1 0.993778 10.720467 1.616772 0.145438 0.614769 -1
1 1.452853 10.780149 1.648151 0.129749 0.385231 -1
1 0.232246 9.140961 0.419742 0.115863 0.583381 -1
1 0.232246 9.481834 0.419742 0.115863 0.412944 -1
1 0.232246 9.140961 0.419742 0.752960 0.583381 -1
133
0.353646 -0.934680 -0.036172
0.000000 -0.959493 -0.281733
0.231463 -0.972556 -0.023675
0.023402 -0.245045 -0.969229
0.000000 -0.502047 -0.864840
-0.107193 -0.457131 -0.882916
0.023653 0.086858 -0.995940
0.140882 0.326682 -0.934575
0.000000 0.415416 -0.909632
0.197570 0.872487 -0.446914
0.385775 0.776135 -0.498790
0.000000 0.927487 -0.373856
-0.140436 0.935570 0.324016
-0.277771 0.890987 0.359145
0.000000 0.959493 0.281733
0.023402 -0.037945 0.999006
0.000000 0.238056 0.971251
-0.107193 0.189867 0.975941
0.023652 -0.363928 0.931127
0.140882 -0.576749 0.804682
0.000000 -0.654860 0.755750
0.344284 -0.931674 0.115982
0.000000 -1.000000 -0.000002
-1.000000 0.000000 0.000000
-1.000000 0.000000 0.000000
-1.000000 0.000000 0.000000
-1.000000 0.000000 0.000000
-1.000000 0.000000 0.000000
-1.000000 0.000000 0.000000
-1.000000 0.000000 0.000000
-1.000000 0.000000 0.000000
-0.064867 0.807319 -0.586539
0.064867 -0.807319 0.586539
0.931050 0.006796 0.364828
-0.931050 -0.006796 -0.364828
0.931045 0.006795 0.364840
-0.931045 -0.006795 -0.364840
0.931047 0.006795 0.364836
-0.931047 -0.006795 -0.364836
0.931045 0.006796 0.364842
-0.931045 -0.006796 -0.364842
0.931046 0.006795 0.364839
-0.931046 -0.006795 -0.364839
0.931046 0.006795 0.364839
-0.931046 -0.006795 -0.364839
0.931045 0.006795 0.364840
-0.931045 -0.006795 -0.364840
0.931050 0.006796 0.364827
-0.931050 -0.006796 -0.364827
0.931046 0.006795 0.364840
-0.931046 -0.006795 -0.364840
-0.000001 1.000000 -0.000000
-0.000001 1.000000 -0.000000
-0.000003 1.000000 -0.000001
0.000000 1.000000 0.000000
0.000000 1.000000 -0.000000
0.000000 1.000000 0.000000
0.000000 1.000000 0.000000
0.000003 -1.000000 0.000001
0.000001 -1.000000 0.000000
0.000003 -1.000000 0.000001
0.000001 -1.000000 -0.000000
-0.000001 -1.000000 -0.000001
-0.000001 -1.000000 -0.000003
-0.000001 -1.000000 -0.000003
-0.000000 -1.000000 0.000000
0.972555 0.231463 -0.023675
1.000000 -0.000000 -0.000001
0.931674 0.344285 0.115983
0.934679 0.353647 -0.036171
0.422923 -0.000000 0.906166
0.654861 -0.000000 0.755749
0.654861 -0.000000 0.755749
0.134127 0.000000 0.990964
-0.142314 0.000000 0.989822
-0.142314 0.000000 0.989822
-0.999966 0.000001 0.008269
-0.959493 0.000003 0.281732
-0.959493 0.000001 0.281733
-0.957131 0.000000 -0.289657
-0.841253 0.000000 -0.540641
-0.841253 0.000000 -0.540641
-0.150496 0.000000 -0.988611
-0.415416 0.000000 -0.909631
-0.415416 0.000000 -0.909631
0.150494 0.000000 -0.988611
0.415415 -0.000000 -0.909632
0.415415 -0.000000 -0.909632
0.959493 -0.000000 -0.281734
0.931047 0.006795 0.364837
-0.931047 -0.006795 -0.364837
0.931045 0.006795 0.364840
-0.931045 -0.006795 -0.364840
0.931045 0.006795 0.364841
-0.931045 -0.006795 -0.364841
0.931050 0.006796 0.364829
-0.931050 -0.006796 -0.364829
0.931046 0.006795 0.364839
-0.931046 -0.006795 -0.364839
0.931047 0.006795 0.364837
-0.931047 -0.006795 -0.364837
-0.000006 -1.000000 -0.000002
-0.000003 -1.000000 -0.000001
-0.000006 -1.000000 -0.000002
-0.000002 -1.000000 -0.000001
0.000000 -1.000000 0.000000
-0.064868 0.807310 -0.586552
0.972556 0.231462 -0.023673
1.000000 -0.000000 -0.000000
0.931675 0.344282 0.115984
0.064868 -0.807310 0.586552
0.934680 0.353644 -0.036170
0.422923 -0.000000 0.906166
0.654861 -0.000000 0.755749
0.654861 -0.000000 0.755749
0.134126 -0.000000 0.990964
-0.142314 0.000000 0.989822
-0.142314 0.000000 0.989822
-0.999966 0.000000 0.008269
-0.959493 0.000000 0.281732
-0.959493 0.000000 0.281733
-0.957131 0.000000 -0.289657
-0.841253 0.000000 -0.540641
-0.841253 0.000000 -0.540641
-0.064866 0.807321 -0.586537
-0.150496 -0.000000 -0.988611
-0.415416 0.000000 -0.909631
-0.415416 -0.000000 -0.909631
0.150494 -0.000000 -0.988611
0.064866 -0.807321 0.586537
0.415415 -0.000000 -0.909632
0.415415 0.000000 -0.909632
0.959493 -0.000000 -0.281732
109
1 0 1 2 0 1 2 1
1 3 4 5 3 4 5 1
1 5 6 3 5 6 3 1
1 7 3 6 7 3 6 1
1 6 8 7 6 8 7 1
1 9 10 11 9 10 9 1
1 11 12 9 9 11 9 1
1 13 11 10 12 13 12 2
1 10 14 13 12 14 12 2
1 15 16 17 15 16 17 1
1 17 18 15 17 18 15 1
1 19 15 18 19 15 18 1
1 18 20 19 18 20 19 1
1 21 0 2 21 0 2 1
1 2 22 21 2 22 21 1
1 23 24 25 23 24 25 1
1 25 26 27 25 26 27 1
1 25 27 28 25 27 28 1
1 23 25 28 23 25 28 1
1 23 28 29 23 28 29 1
1 30 23 29 30 23 29 1
1 31 32 33 31 31 31 1
1 34 35 36 32 32 32 1
1 37 38 39 33 33 33 1
1 40 41 42 34 34 34 1
1 43 44 45 35 35 35 1
1 46 47 48 36 36 36 1
1 49 50 51 37 37 37 1
1 52 53 54 38 38 38 1
1 55 56 57 39 39 39 1
1 58 59 60 40 40 40 1
1 61 62 63 41 41 41 1
1 64 65 66 42 42 42 1
1 67 68 69 43 43 43 1
1 70 71 72 44 44 44 1
1 73 74 75 45 45 45 1
1 76 77 78 46 46 46 1
1 79 80 81 47 47 47 1
1 82 83 84 48 48 48 1
1 85 86 87 49 49 49 1
1 88 89 90 50 50 50 1
1 91 92 93 51 52 53 1
1 91 94 92 51 54 52 1
1 94 95 92 54 55 52 1
1 91 96 94 51 56 54 1
1 96 97 94 56 57 54 1
1 98 99 100 58 59 60 1
1 99 101 100 59 61 60 1
1 99 102 101 59 62 61 1
1 102 103 101 62 63 61 1
1 102 104 103 62 64 63 1
1 99 105 102 59 65 62 1
1 106 107 108 66 67 68 1
1 108 109 106 68 69 66 1
1 110 111 112 70 71 72 1
1 112 113 110 72 73 70 1
1 114 110 113 74 70 73 1
1 113 115 114 73 75 74 1
1 116 117 118 76 77 78 1
1 118 119 116 78 79 76 1
1 119 120 121 79 80 81 1
1 121 116 119 81 76 79 1
1 122 123 124 82 83 84 1
1 124 125 122 84 85 82 1
1 126 122 125 86 82 85 1
1 125 127 126 85 87 86 1
1 109 128 106 69 88 66 1
1 129 130 131 89 89 89 1
1 132 133 134 90 90 90 1
1 135 136 137 91 91 91 1
1 138 139 140 92 92 92 1
1 141 142 143 93 93 93 1
1 144 145 146 94 94 94 1
1 147 148 149 95 95 95 1
1 150 151 152 96 96 96 1
1 153 154 155 97 97 97 1
1 156 157 158 98 98 98 1
1 159 160 161 99 99 99 1
1 162 163 164 100 100 100 1
1 165 166 167 57 57 57 1
1 165 168 166 57 57 57 1
1 168 169 166 57 57 57 1
1 165 170 168 57 57 57 1
1 170 171 168 57 57 57 1
1 172 173 174 101 102 103 1
1 173 175 174 102 104 103 1
1 173 176 175 102 105 104 1
1 176 177 175 105 105 104 1
1 178 179 180 106 106 106 1
1 176 181 177 105 105 105 1
1 173 182 176 102 105 105 1
1 183 184 185 107 108 109 1
1 186 187 188 110 110 110 1
1 185 189 183 109 111 107 1
1 190 191 192 112 113 114 1
1 192 193 190 114 115 112 1
1 194 190 193 116 112 115 1
1 193 195 194 115 117 116 1
1 196 197 198 118 119 120 1
1 198 199 196 120 121 118 1
1 199 200 201 121 122 123 1
1 202 203 204 124 124 124 1
1 201 196 199 123 118 121 1
1 205 206 207 125 126 127 1
1 207 208 205 127 128 125 1
1 209 210 211 129 129 129 1
1 212 205 208 130 125 128 1
1 208 213 212 128 131 130 1
1 189 214 183 111 132 107 1

Materials: 3
"Cylinder04Cls_9_"
0.584314 0.584314 0.584314 1.000000
0.584314 0.584314 0.584314 1.000000
0.894118 0.894118 0.894118 1.000000
0.000000 0.000000 0.000000 1.000000
125.440002
1.000000
"ROHR_5.tga"
""
"Cylinder04Cls_0_"
0.584314 0.584314 0.584314 1.000000
0.584314 0.584314 0.584314 1.000000
0.894118 0.894118 0.894118 1.000000
0.000000 0.000000 0.000000 1.000000
125.440002
1.000000
"METALL_2.tga"
""
"Material"
0.117647 0.117647 0.117647 1.000000
0.752941 0.752941 0.752941 1.000000
0.752941 0.752941 0.752941 1.000000
0.000000 0.000000 0.000000 1.000000
125.440002
1.000000
""
""

Bones: 0
GroupComments: 0
MaterialComments: 0
BoneComments: 0
ModelComment: 0
