// MilkShape 3D ASCII

Frames: 30
Frame: 1

Meshes: 2
"Object2121" 1 0
120
1 -0.468437 28.372364 0.225625 12.652799 0.708106 -1
1 -0.467847 28.373043 1.720379 13.156083 0.708302 -1
1 -0.562798 28.373207 1.720429 13.156100 0.676652 -1
1 -0.563422 28.372482 0.139019 12.623639 0.676444 -1
1 -0.562635 28.469181 1.720383 -12.156085 0.676706 -1
1 -0.467684 28.469021 1.720333 -12.156068 0.708357 -1
1 -0.468275 28.468338 0.225579 -11.652783 0.708160 -1
1 -0.563261 28.468456 0.138981 -11.623627 0.676498 -1
1 0.563255 28.371311 1.719834 13.155900 1.052003 -1
1 0.468302 28.371468 1.719883 13.155916 1.020352 -1
1 0.467712 28.370789 0.225129 12.652632 1.020155 -1
1 0.562630 28.370586 0.138428 12.623440 1.051795 -1
1 0.467874 28.466763 0.225087 -11.652618 1.020210 -1
1 0.468464 28.467445 1.719841 -12.155903 1.020406 -1
1 0.563418 28.467285 1.719792 -12.155886 1.052057 -1
1 0.562793 28.466560 0.138382 -11.623425 1.051849 -1
1 -0.562798 28.373207 1.720429 13.156100 -4.872249 -1
1 -0.562635 28.469181 1.720383 13.156085 -4.904240 -1
1 -0.563422 28.372482 0.139019 12.623639 -4.872008 -1
1 -0.563261 28.468456 0.138981 12.623627 -4.903999 -1
1 0.562630 28.370586 0.138428 -11.623440 -4.871376 -1
1 0.562793 28.466560 0.138382 -11.623425 -4.903367 -1
1 0.563255 28.371311 1.719834 -12.155900 -4.871617 -1
1 0.563418 28.467285 1.719792 -12.155886 -4.903609 -1
1 -0.563422 28.372482 0.139019 0.323556 -4.872008 -1
1 -0.563261 28.468456 0.138981 0.323502 -4.903999 -1
1 0.562630 28.370586 0.138428 -0.051795 -4.871376 -1
1 0.562793 28.466560 0.138382 -0.051849 -4.903367 -1
1 -0.467847 28.373043 1.720379 -12.156083 -4.872195 -1
1 -0.468437 28.372364 0.225625 -11.652799 -4.871968 -1
1 -0.467684 28.469021 1.720333 -12.156068 -4.904187 -1
1 -0.468275 28.468338 0.225579 -11.652783 -4.903959 -1
1 0.467712 28.370789 0.225129 12.652632 -4.871442 -1
1 0.468302 28.371468 1.719883 13.155916 -4.871669 -1
1 0.467874 28.466763 0.225087 12.652618 -4.903434 -1
1 0.468464 28.467445 1.719841 13.155903 -4.903661 -1
1 -0.468437 28.372364 0.225625 0.708106 -4.871968 -1
1 0.467712 28.370789 0.225129 1.020155 -4.871442 -1
1 -0.468275 28.468338 0.225579 0.708160 -4.903959 -1
1 0.467874 28.466763 0.225087 1.020210 -4.903434 -1
1 -0.468436 18.204033 0.225625 12.652799 0.708106 -1
1 -0.467846 18.204712 1.720379 13.156083 0.708302 -1
1 -0.562797 18.204876 1.720429 13.156100 0.676652 -1
1 -0.563421 18.204151 0.139020 12.623639 0.676444 -1
1 -0.562634 18.300850 1.720383 -12.156085 0.676706 -1
1 -0.467683 18.300690 1.720334 -12.156068 0.708357 -1
1 -0.468274 18.300007 0.225579 -11.652783 0.708160 -1
1 -0.563260 18.300125 0.138981 -11.623627 0.676498 -1
1 0.563256 18.202980 1.719834 13.155900 1.052003 -1
1 0.468303 18.203136 1.719884 13.155916 1.020352 -1
1 0.467713 18.202457 0.225129 12.652632 1.020155 -1
1 0.562631 18.202255 0.138428 12.623440 1.051795 -1
1 0.467875 18.298431 0.225087 -11.652618 1.020210 -1
1 0.468465 18.299114 1.719842 -12.155903 1.020406 -1
1 0.563419 18.298954 1.719792 -12.155886 1.052057 -1
1 0.562794 18.298229 0.138382 -11.623425 1.051849 -1
1 -0.562797 18.204876 1.720429 13.156100 -1.482806 -1
1 -0.562634 18.300850 1.720383 13.156085 -1.514796 -1
1 -0.563421 18.204151 0.139020 12.623639 -1.482564 -1
1 -0.563260 18.300125 0.138981 12.623627 -1.514555 -1
1 0.562631 18.202255 0.138428 -11.623440 -1.481932 -1
1 0.562794 18.298229 0.138382 -11.623425 -1.513923 -1
1 0.563256 18.202980 1.719834 -12.155900 -1.482173 -1
1 0.563419 18.298954 1.719792 -12.155886 -1.514165 -1
1 -0.563421 18.204151 0.139020 0.323556 -1.482564 -1
1 -0.563260 18.300125 0.138981 0.323502 -1.514555 -1
1 0.562631 18.202255 0.138428 -0.051795 -1.481932 -1
1 0.562794 18.298229 0.138382 -0.051849 -1.513923 -1
1 -0.467846 18.204712 1.720379 -12.156083 -1.482751 -1
1 -0.468436 18.204033 0.225625 -11.652799 -1.482525 -1
1 -0.467683 18.300690 1.720334 -12.156068 -1.514743 -1
1 -0.468274 18.300007 0.225579 -11.652783 -1.514515 -1
1 0.467713 18.202457 0.225129 12.652632 -1.481999 -1
1 0.468303 18.203136 1.719884 13.155916 -1.482226 -1
1 0.467875 18.298431 0.225087 12.652618 -1.513991 -1
1 0.468465 18.299114 1.719842 13.155903 -1.514218 -1
1 -0.468436 18.204033 0.225625 0.708106 -1.482525 -1
1 0.467713 18.202457 0.225129 1.020155 -1.481999 -1
1 -0.468274 18.300007 0.225579 0.708160 -1.514515 -1
1 0.467875 18.298431 0.225087 1.020210 -1.513991 -1
1 -0.468436 9.009631 0.225625 12.652799 0.708106 -1
1 -0.467846 9.010310 1.720380 13.156083 0.708302 -1
1 -0.562797 9.010474 1.720429 13.156100 0.676652 -1
1 -0.563421 9.009749 0.139020 12.623639 0.676444 -1
1 -0.562634 9.106446 1.720384 -12.156085 0.676706 -1
1 -0.467683 9.106286 1.720334 -12.156068 0.708357 -1
1 -0.468274 9.105603 0.225579 -11.652783 0.708160 -1
1 -0.563260 9.105723 0.138982 -11.623627 0.676498 -1
1 0.563256 9.008576 1.719834 13.155900 1.052003 -1
1 0.468303 9.008735 1.719884 13.155916 1.020352 -1
1 0.467713 9.008054 0.225129 12.652632 1.020155 -1
1 0.562631 9.007854 0.138429 12.623440 1.051795 -1
1 0.467875 9.104030 0.225087 -11.652618 1.020210 -1
1 0.468465 9.104711 1.719842 -12.155903 1.020406 -1
1 0.563419 9.104552 1.719792 -12.155886 1.052057 -1
1 0.562794 9.103827 0.138383 -11.623425 1.051849 -1
1 -0.562797 9.010474 1.720429 13.156100 1.581997 -1
1 -0.562634 9.106446 1.720384 13.156085 1.550006 -1
1 -0.563421 9.009749 0.139020 12.623639 1.582238 -1
1 -0.563260 9.105723 0.138982 12.623627 1.550247 -1
1 0.562631 9.007854 0.138429 -11.623440 1.582870 -1
1 0.562794 9.103827 0.138383 -11.623425 1.550879 -1
1 0.563256 9.008576 1.719834 -12.155900 1.582629 -1
1 0.563419 9.104552 1.719792 -12.155886 1.550637 -1
1 -0.563421 9.009749 0.139020 0.323556 1.582238 -1
1 -0.563260 9.105723 0.138982 0.323502 1.550247 -1
1 0.562631 9.007854 0.138429 -0.051795 1.582870 -1
1 0.562794 9.103827 0.138383 -0.051849 1.550879 -1
1 -0.467846 9.010310 1.720380 -12.156083 1.582052 -1
1 -0.468436 9.009631 0.225625 -11.652799 1.582278 -1
1 -0.467683 9.106286 1.720334 -12.156068 1.550060 -1
1 -0.468274 9.105603 0.225579 -11.652783 1.550287 -1
1 0.467713 9.008054 0.225129 12.652632 1.582804 -1
1 0.468303 9.008735 1.719884 13.155916 1.582577 -1
1 0.467875 9.104030 0.225087 12.652618 1.550812 -1
1 0.468465 9.104711 1.719842 13.155903 1.550585 -1
1 -0.468436 9.009631 0.225625 0.708106 1.582278 -1
1 0.467713 9.008054 0.225129 1.020155 1.582804 -1
1 -0.468274 9.105603 0.225579 0.708160 1.550287 -1
1 0.467875 9.104030 0.225087 1.020210 1.550812 -1
94
-0.001689 -0.999998 0.000471
-0.001727 -0.999998 0.000455
-0.001695 -0.999998 0.000457
-0.001673 -0.999999 0.000470
0.001675 0.999999 -0.000458
0.001687 0.999998 -0.000457
0.001678 0.999999 -0.000466
0.001677 0.999999 -0.000476
-0.001679 -0.999999 0.000457
-0.001647 -0.999999 0.000455
-0.001680 -0.999998 0.000468
-0.001692 -0.999998 0.000477
0.001691 0.999998 -0.000471
0.001687 0.999998 -0.000457
0.001699 0.999998 -0.000458
0.001697 0.999998 -0.000474
-0.999998 0.001699 0.000394
-0.999999 0.001688 0.000394
-0.999999 0.001678 0.000395
0.999999 -0.001698 -0.000394
0.999999 -0.001698 -0.000394
0.999999 -0.001698 -0.000394
-0.000526 -0.000397 -1.000000
-0.000529 -0.000436 -1.000000
-0.000533 -0.000476 -1.000000
0.999999 -0.001697 -0.000394
0.999999 -0.001693 -0.000394
0.999999 -0.001689 -0.000395
-0.999999 0.001688 0.000394
-0.999999 0.001688 0.000394
-0.999999 0.001688 0.000394
0.000531 0.000476 1.000000
0.000528 0.000456 1.000000
0.000526 0.000436 1.000000
-0.001689 -0.999998 0.000471
-0.001727 -0.999998 0.000455
-0.001695 -0.999998 0.000457
-0.001673 -0.999999 0.000470
0.001675 0.999999 -0.000458
0.001687 0.999998 -0.000457
0.001678 0.999999 -0.000466
0.001677 0.999999 -0.000476
-0.001679 -0.999999 0.000457
-0.001647 -0.999999 0.000455
-0.001680 -0.999998 0.000468
-0.001692 -0.999998 0.000477
0.001691 0.999998 -0.000471
0.001687 0.999998 -0.000457
0.001699 0.999998 -0.000458
0.001697 0.999998 -0.000474
-0.999999 0.001698 0.000394
-0.999999 0.001688 0.000394
-0.999999 0.001678 0.000395
0.999999 -0.001698 -0.000394
0.999999 -0.001698 -0.000394
0.999999 -0.001698 -0.000394
-0.000526 -0.000397 -1.000000
-0.000529 -0.000436 -1.000000
0.999998 -0.001699 -0.000394
0.999999 -0.001693 -0.000394
0.999999 -0.001688 -0.000395
-0.999999 0.001688 0.000394
-0.999999 0.001688 0.000394
-0.999999 0.001688 0.000394
0.000528 0.000456 1.000000
0.000526 0.000436 1.000000
-0.001690 -0.999998 0.000465
-0.001727 -0.999998 0.000455
-0.001695 -0.999998 0.000457
-0.001673 -0.999999 0.000470
0.001685 0.999998 -0.000458
0.001683 0.999998 -0.000457
0.001682 0.999998 -0.000468
-0.001679 -0.999999 0.000457
-0.001667 -0.999999 0.000456
-0.001681 -0.999999 0.000460
-0.001687 -0.999998 0.000468
0.001685 0.999998 -0.000465
0.001667 0.999999 -0.000456
0.001689 0.999998 -0.000458
0.001697 0.999998 -0.000474
-0.999998 0.001699 0.000394
-0.999999 0.001688 0.000394
-0.999999 0.001678 0.000395
0.999999 -0.001698 -0.000394
0.999999 -0.001698 -0.000394
0.999999 -0.001698 -0.000394
0.999999 -0.001697 -0.000394
0.999999 -0.001693 -0.000394
0.999999 -0.001689 -0.000395
-0.999999 0.001688 0.000394
0.000531 0.000476 1.000000
0.000528 0.000456 1.000000
0.000526 0.000436 1.000000
72
1 0 1 2 0 1 2 1
1 0 2 3 0 2 3 1
1 4 5 6 4 5 6 1
1 4 6 7 4 6 7 1
1 8 9 10 8 9 10 1
1 8 10 11 8 10 11 1
1 12 13 14 12 13 14 1
1 12 14 15 12 14 15 1
1 11 10 0 11 10 0 1
1 11 0 3 11 0 3 1
1 7 6 12 7 6 12 1
1 7 12 15 7 12 15 1
1 16 17 18 16 17 17 1
1 18 17 19 17 17 18 1
1 20 21 22 19 20 20 1
1 22 21 23 20 20 21 1
1 24 25 26 22 23 23 1
1 26 25 27 23 23 24 1
1 28 29 30 25 26 26 1
1 30 29 31 26 26 27 1
1 32 33 34 28 29 29 1
1 34 33 35 29 29 30 1
1 36 37 38 31 32 32 1
1 38 37 39 32 32 33 1
1 40 41 42 34 35 36 1
1 40 42 43 34 36 37 1
1 44 45 46 38 39 40 1
1 44 46 47 38 40 41 1
1 48 49 50 42 43 44 1
1 48 50 51 42 44 45 1
1 52 53 54 46 47 48 1
1 52 54 55 46 48 49 1
1 51 50 40 45 44 34 1
1 51 40 43 45 34 37 1
1 47 46 52 41 40 46 1
1 47 52 55 41 46 49 1
1 56 57 58 50 51 51 1
1 58 57 59 51 51 52 1
1 60 61 62 53 54 54 1
1 62 61 63 54 54 55 1
1 64 65 66 56 57 57 1
1 66 65 67 57 57 24 1
1 68 69 70 58 59 59 1
1 70 69 71 59 59 60 1
1 72 73 74 61 62 62 1
1 74 73 75 62 62 63 1
1 76 77 78 31 64 64 1
1 78 77 79 64 64 65 1
1 80 81 82 66 67 68 1
1 80 82 83 66 68 69 1
1 84 85 86 70 5 71 1
1 84 86 87 70 71 72 1
1 88 89 90 73 74 75 1
1 88 90 91 73 75 76 1
1 92 93 94 77 78 79 1
1 92 94 95 77 79 80 1
1 91 90 80 76 75 66 1
1 91 80 83 76 66 69 1
1 87 86 92 72 71 77 1
1 87 92 95 72 77 80 1
1 96 97 98 81 82 82 1
1 98 97 99 82 82 83 1
1 100 101 102 84 85 85 1
1 102 101 103 85 85 86 1
1 104 105 106 56 57 57 1
1 106 105 107 57 57 24 1
1 108 109 110 87 88 88 1
1 110 109 111 88 88 89 1
1 112 113 114 90 90 90 1
1 114 113 115 90 90 90 1
1 116 117 118 91 92 92 1
1 118 117 119 92 92 93 1
"Object2122" 1 1
100
1 0.004018 21.729275 0.676407 0.529997 -0.394005 -1
1 0.006281 32.859653 1.112873 0.257544 -2.498100 -1
1 0.315159 32.859077 0.984616 0.383617 -2.497991 -1
1 0.442087 32.858727 0.675610 0.501443 -2.497925 -1
1 0.314918 32.858799 0.366741 0.618596 -2.497938 -1
1 0.005938 32.859261 0.238812 0.742721 -2.498025 -1
1 -0.302941 32.859840 0.367069 0.871391 -2.498135 -1
1 -0.431206 32.860191 0.676071 0.998595 -2.498201 -1
1 0.004018 21.729275 0.676407 1.529997 -0.394005 -1
1 -0.302697 32.860119 0.984940 1.126682 -2.498188 -1
1 -0.302697 32.860119 0.984940 0.126682 -2.498188 -1
1 -0.468638 0.346879 2.476926 13.410812 4.279861 -1
1 -0.339731 0.655829 2.476716 13.410742 4.176877 -1
1 -0.341436 0.655410 1.542375 13.096149 4.177017 -1
1 -0.470355 0.346440 1.512445 13.086072 4.280007 -1
1 -0.344128 0.705113 1.285222 13.009565 4.160450 -1
1 -0.473052 0.410033 1.183702 12.975384 4.258810 -1
1 -0.349400 0.789297 1.119416 12.953739 4.132388 -1
1 -0.482279 0.552786 0.912381 12.884030 4.211226 -1
1 -0.347868 0.926256 1.027047 12.922638 4.086735 -1
1 -0.479235 0.812787 0.738957 12.825638 4.124558 -1
1 -0.340741 1.195101 0.993962 12.911497 3.997120 -1
1 -0.469286 1.173202 0.686040 12.807821 4.004420 -1
1 -0.340741 1.195101 0.993962 0.119167 3.487790 -1
1 -0.431206 32.860191 0.676071 -0.001405 -2.498201 -1
1 -0.469286 1.173202 0.686040 0.002082 3.491930 -1
1 -0.340772 0.038222 2.476998 13.410837 4.382747 -1
1 -0.342500 0.037774 1.483319 13.076265 4.382896 -1
1 -0.345203 0.115254 1.081105 12.940840 4.357069 -1
1 -0.350362 0.315099 0.706147 12.814591 4.290454 -1
1 -0.348478 0.698879 0.450727 12.728591 4.162528 -1
1 -0.341059 1.150132 0.377992 12.704101 4.012110 -1
1 -0.302941 32.859840 0.367069 -0.128609 -2.498135 -1
1 -0.341059 1.150132 0.377992 -0.115954 3.496292 -1
1 -0.032057 -0.090505 2.476892 13.410801 0.663565 -1
1 -0.340772 0.038222 2.476998 13.410837 0.560660 -1
1 -0.342500 0.037774 1.483319 13.076265 0.560084 -1
1 -0.032455 -0.090963 1.470971 13.072107 0.663432 -1
1 -0.345203 0.115254 1.081105 12.940840 0.559183 -1
1 -0.032483 -0.006910 1.039552 12.926848 0.663423 -1
1 -0.350362 0.315099 0.706147 12.814591 0.557463 -1
1 -0.032271 0.216351 0.620317 12.785692 0.663494 -1
1 -0.350362 0.315099 0.706147 0.252537 4.290454 -1
1 -0.348478 0.698879 0.450727 0.251909 4.162528 -1
1 -0.031651 0.651403 0.330960 0.146299 4.178353 -1
1 -0.032271 0.216351 0.620317 0.146506 4.323370 -1
1 -0.341059 1.150132 0.377992 0.249436 4.012110 -1
1 -0.030860 1.140029 0.250676 0.146036 4.015478 -1
1 -0.030860 1.140029 0.250676 0.756609 3.498201 -1
1 -0.341059 1.150132 0.377992 0.884046 3.496292 -1
1 0.278032 0.036729 1.482991 13.076155 0.766928 -1
1 0.277088 0.037183 2.476670 13.410727 0.766613 -1
1 0.279344 0.114203 1.080777 12.940729 0.767365 -1
1 0.286218 0.314027 0.705815 12.814478 0.769657 -1
1 0.285427 0.697812 0.450391 0.040607 4.162883 -1
1 0.286218 0.314027 0.705815 0.040343 4.290811 -1
1 0.278136 1.149087 0.377664 0.043037 4.012458 -1
1 0.278136 1.149087 0.377664 0.625214 3.496489 -1
1 0.406951 0.344964 1.511983 -12.085917 4.280499 -1
1 0.404655 0.345408 2.476464 -12.410658 4.280351 -1
1 0.277088 0.037183 2.476670 -12.410727 4.383093 -1
1 0.278032 0.036729 1.482991 -12.076155 4.383245 -1
1 0.409601 0.408545 1.183236 -11.975227 4.259305 -1
1 0.279344 0.114203 1.080777 -11.940729 4.357419 -1
1 0.419098 0.551268 0.911904 -11.883869 4.211731 -1
1 0.286218 0.314027 0.705815 -11.814478 4.290811 -1
1 0.416793 0.811278 0.738484 -11.825480 4.125061 -1
1 0.285427 0.697812 0.450391 -11.728477 4.162883 -1
1 0.278136 1.149087 0.377664 -11.703991 4.012458 -1
1 0.406682 1.171727 0.685578 -11.807666 4.004912 -1
1 0.406682 1.171727 0.685578 0.497911 3.492209 -1
1 0.279096 0.654363 1.542047 -12.096039 4.177366 -1
1 0.278127 0.654790 2.476392 -12.410632 4.177224 -1
1 0.280417 0.704062 1.284894 -12.009456 4.160800 -1
1 0.287180 0.788228 1.119081 -11.953626 4.132745 -1
1 0.286037 0.925189 1.026711 -11.922525 4.087091 -1
1 0.278453 1.194058 0.993630 -11.911386 3.997468 -1
1 0.278453 1.194058 0.993630 0.371893 3.487988 -1
1 -0.030948 0.783101 1.554399 -12.100198 0.663935 -1
1 -0.030584 0.783521 2.476495 -12.410667 0.664056 -1
1 0.278127 0.654790 2.476392 -12.410632 0.766960 -1
1 0.279096 0.654363 1.542047 -12.096039 0.767283 -1
1 -0.030963 0.826223 1.327386 -12.023763 0.663930 -1
1 0.280417 0.704062 1.284894 -12.009456 0.767723 -1
1 -0.030912 0.886975 1.203973 -11.982209 0.663947 -1
1 0.287180 0.788228 1.119081 -11.953626 0.769978 -1
1 0.286037 0.925189 1.026711 0.959597 4.087091 -1
1 -0.030789 0.972666 1.145539 0.853988 4.071265 -1
1 -0.030912 0.886975 1.203973 0.853947 4.099829 -1
1 0.287180 0.788228 1.119081 0.959978 4.132745 -1
1 0.278453 1.194058 0.993630 0.957069 3.997468 -1
1 -0.030408 1.204161 1.120942 0.854115 3.994100 -1
1 -0.030408 1.204161 1.120942 0.243736 3.486078 -1
1 -0.339731 0.655829 2.476716 -12.410742 0.561007 -1
1 -0.341436 0.655410 1.542375 -12.096149 0.560439 -1
1 -0.344128 0.705113 1.285222 -12.009565 0.559541 -1
1 -0.349400 0.789297 1.119416 -11.953739 0.557784 -1
1 -0.347868 0.926256 1.027047 0.748295 4.086735 -1
1 -0.349400 0.789297 1.119416 0.747784 4.132388 -1
1 -0.340741 1.195101 0.993962 0.750671 3.997120 -1
99
-0.895373 0.245657 0.371431
0.001473 0.999862 0.016552
0.380640 0.071019 0.921992
0.921149 0.069482 0.382958
0.920457 0.069402 -0.384632
0.378844 0.070878 -0.922742
0.704274 0.094088 -0.703666
0.999236 0.039071 -0.000428
0.922677 0.036066 -0.383884
-0.704760 0.020969 0.709136
-0.990363 0.138488 0.001716
-0.922887 0.385068 0.001511
-0.923472 0.382605 0.028519
-0.999828 -0.000812 0.018510
-0.923970 0.362896 0.120776
-0.999274 -0.010416 0.036644
-0.921482 0.283076 0.265967
-0.996611 -0.077068 -0.028772
-0.921874 0.128418 0.365590
-0.997981 0.004871 -0.063323
-0.922265 0.071206 0.379944
-0.989518 0.043920 0.137566
-0.795482 0.001133 0.605976
-0.990431 0.001229 0.138005
-0.990594 0.001143 -0.136831
-0.923839 -0.382777 0.001799
-0.924317 -0.379156 -0.043354
-0.923209 -0.360946 -0.131925
-0.922017 -0.263533 -0.283610
-0.921303 -0.132955 -0.365409
-0.920216 -0.039734 -0.389389
-0.923388 0.000983 -0.383867
-0.923185 0.000977 -0.384355
-0.001683 -0.999998 0.000734
-0.384859 -0.922975 0.001086
-0.385263 -0.921042 -0.057039
-0.001492 -0.991961 -0.126532
-0.382975 -0.885708 -0.262396
-0.001235 -0.925293 -0.379252
-0.374750 -0.819283 -0.433979
-0.001723 -0.882641 -0.470045
-0.369145 -0.513991 -0.774303
-0.379512 -0.273011 -0.883988
-0.001185 -0.431592 -0.902068
-0.001352 -0.553799 -0.832649
-0.379826 -0.141115 -0.914231
-0.000383 -0.157375 -0.987539
-0.136805 -0.000196 -0.990598
-0.379691 0.000138 -0.925113
0.382106 -0.922312 -0.057757
0.381753 -0.924264 0.000785
0.380616 -0.886664 -0.262598
0.372277 -0.820599 -0.433621
0.378195 -0.273916 -0.884273
0.366626 -0.515274 -0.774647
0.379850 -0.141196 -0.914209
0.602284 -0.000983 -0.798282
0.999844 -0.002886 0.017451
0.990847 0.134978 0.001853
0.923257 -0.384179 0.001714
0.922603 -0.383086 -0.045262
0.999236 -0.014063 0.036463
0.920798 -0.366444 -0.133600
0.996237 -0.081518 -0.029439
0.920923 -0.267309 -0.283631
0.997913 0.002920 -0.064504
0.920538 -0.134801 -0.366659
0.919644 -0.039864 -0.390725
0.989695 0.044569 0.136081
0.990651 -0.001168 -0.136418
0.925234 0.378459 0.026654
0.925586 0.378538 0.000787
0.924492 0.361390 0.121293
0.922061 0.280086 0.267124
0.922480 0.127881 0.364249
0.922630 0.072630 0.378787
0.797092 -0.000734 0.603858
0.001715 0.998052 0.062356
0.001685 0.999998 -0.000457
0.384177 0.923259 -0.000298
0.383779 0.915988 0.116960
0.002248 0.961182 0.275905
0.380153 0.859400 0.341928
0.002162 0.891543 0.452930
0.370578 0.822028 0.432369
0.374017 0.398077 0.837643
0.001243 0.274531 0.961578
0.001369 0.562586 0.826738
0.367486 0.522124 0.769636
0.373392 0.110443 0.921076
0.001452 0.105656 0.994402
0.000894 0.000273 1.000000
-0.381062 0.924550 0.000004
-0.380151 0.917376 0.117927
-0.375864 0.861199 0.342144
-0.367160 0.824616 0.430352
-0.371834 0.398826 0.838259
-0.364946 0.523385 0.769989
-0.371285 0.110842 0.921879
104
1 0 1 2 0 1 2 1
1 0 2 3 0 2 3 1
1 0 3 4 0 3 4 1
1 0 4 5 0 4 5 1
1 0 5 6 0 5 6 1
1 0 6 7 0 6 7 1
1 8 7 9 8 7 8 1
1 0 10 1 0 9 1 1
1 11 12 13 10 11 12 1
1 11 13 14 10 12 13 1
1 14 13 15 13 12 14 1
1 14 15 16 13 14 15 1
1 16 15 17 15 14 16 1
1 16 17 18 15 16 17 1
1 17 19 20 16 18 19 1
1 17 20 18 16 19 17 1
1 19 21 22 18 20 21 1
1 19 22 20 18 21 19 1
1 23 10 24 22 9 23 1
1 23 24 25 22 23 24 1
1 26 11 14 25 10 13 1
1 26 14 27 25 13 26 1
1 27 14 16 26 13 15 1
1 27 16 28 26 15 27 1
1 28 16 18 27 15 17 1
1 28 18 29 27 17 28 1
1 29 18 20 28 17 19 1
1 29 20 30 28 19 29 1
1 20 22 31 19 21 30 1
1 20 31 30 19 30 29 1
1 25 24 32 24 23 31 1
1 25 32 33 24 31 32 1
1 34 35 36 33 34 35 1
1 34 36 37 33 35 36 1
1 37 36 38 36 35 37 1
1 37 38 39 36 37 38 1
1 39 38 40 38 37 39 1
1 39 40 41 38 39 40 1
1 42 43 44 41 42 43 1
1 42 44 45 41 43 44 1
1 43 46 47 42 45 46 1
1 43 47 44 42 46 43 1
1 48 49 6 47 48 6 1
1 48 6 5 47 6 5 1
1 50 51 34 49 50 33 1
1 50 34 37 49 33 36 1
1 52 50 37 51 49 36 1
1 52 37 39 51 36 38 1
1 53 52 39 52 51 38 1
1 53 39 41 52 38 40 1
1 44 54 55 43 53 54 1
1 44 55 45 43 54 44 1
1 47 56 54 46 55 53 1
1 47 54 44 46 53 43 1
1 5 4 57 5 4 56 1
1 5 57 48 5 56 47 1
1 58 59 60 57 58 59 1
1 58 60 61 57 59 60 1
1 62 58 61 61 57 60 1
1 62 61 63 61 60 62 1
1 64 62 63 63 61 62 1
1 64 63 65 63 62 64 1
1 66 64 65 65 63 64 1
1 66 65 67 65 64 66 1
1 68 69 66 67 68 65 1
1 68 66 67 67 65 66 1
1 4 3 70 4 3 69 1
1 4 70 57 4 69 56 1
1 71 72 59 70 71 58 1
1 71 59 58 70 58 57 1
1 73 71 58 72 70 57 1
1 73 58 62 72 57 61 1
1 74 73 62 73 72 61 1
1 74 62 64 73 61 63 1
1 66 75 74 65 74 73 1
1 66 74 64 65 73 63 1
1 69 76 75 68 75 74 1
1 69 75 66 68 74 65 1
1 3 2 77 3 2 76 1
1 3 77 70 3 76 69 1
1 78 79 80 77 78 79 1
1 78 80 81 77 79 80 1
1 82 78 81 81 77 80 1
1 82 81 83 81 80 82 1
1 84 82 83 83 81 82 1
1 84 83 85 83 82 84 1
1 86 87 88 85 86 87 1
1 86 88 89 85 87 88 1
1 90 91 87 89 90 86 1
1 90 87 86 89 86 85 1
1 92 77 2 91 76 2 1
1 92 2 1 91 2 1 1
1 93 79 78 92 78 77 1
1 93 78 94 92 77 93 1
1 94 78 82 93 77 81 1
1 94 82 95 93 81 94 1
1 95 82 84 94 81 83 1
1 95 84 96 94 83 95 1
1 88 87 97 87 86 96 1
1 88 97 98 87 96 97 1
1 87 91 99 86 90 98 1
1 87 99 97 86 98 96 1
1 92 1 10 91 1 9 1
1 92 10 23 91 9 22 1

Materials: 3
"_0_-_Default"
0.584314 0.584314 0.584314 1.000000
0.584314 0.584314 0.584314 1.000000
0.894118 0.894118 0.894118 1.000000
0.000000 0.000000 0.000000 1.000000
125.440002
1.000000
"METALL_2.tga"
""
"_9_-_Default"
0.584314 0.584314 0.584314 1.000000
0.584314 0.584314 0.584314 1.000000
0.894118 0.894118 0.894118 1.000000
0.000000 0.000000 0.000000 1.000000
125.440002
1.000000
"ROHR_4.tga"
""
"Material"
0.117647 0.117647 0.117647 1.000000
0.752941 0.752941 0.752941 1.000000
0.752941 0.752941 0.752941 1.000000
0.000000 0.000000 0.000000 1.000000
125.440002
1.000000
""
""

Bones: 0
GroupComments: 0
MaterialComments: 0
BoneComments: 0
ModelComment: 0
