// MilkShape 3D ASCII

Frames: 30
Frame: 1

Meshes: 2
"MDL-Cylin1" 1 0
46
1 0.086086 9.795525 0.365067 1.310418 -0.286574 -1
1 0.050641 9.795525 0.727211 1.170270 -0.286574 -1
1 0.086084 0.182910 0.606495 1.216986 1.264492 -1
1 -0.139523 0.182910 0.891988 1.078334 1.264492 -1
1 -0.139522 9.795525 0.891988 1.078334 -0.286574 -1
1 -0.388584 0.182910 0.927797 0.988053 1.264492 -1
1 -0.388583 9.795525 0.927798 0.988053 -0.286574 -1
1 -0.617468 0.182910 0.823270 0.898470 1.264492 -1
1 -0.617466 9.795525 0.823271 0.898470 -0.286574 -1
1 -0.753505 0.182910 0.485781 0.763702 1.264492 -1
1 -0.753504 9.795525 0.485782 0.763702 -0.286574 -1
1 -0.503026 0.182910 0.096028 0.584143 1.264492 -1
1 -0.503025 9.795525 0.096029 0.584143 -0.286574 -1
1 -0.139522 9.795525 0.079574 0.449070 -0.286574 -1
1 -0.139523 0.182910 0.079574 0.449070 1.264492 -1
1 0.050640 0.182910 0.244352 1.357133 1.264492 -1
1 -0.139523 0.182910 0.079574 1.449069 1.264492 -1
1 -0.139522 9.795525 0.079574 1.449069 -0.286574 -1
1 0.758058 11.162649 0.875534 0.499012 0.246199 -1
1 0.758058 11.413128 0.485781 0.319452 0.246199 -1
1 0.080272 11.231796 0.485782 0.319452 0.400277 -1
1 -0.129934 10.764858 0.122161 0.162288 0.502997 -1
1 0.758059 11.162649 0.096029 0.139893 0.246199 -1
1 0.758059 10.799145 0.079574 0.004820 0.246199 -1
1 0.480691 10.755215 0.079574 0.004820 0.348918 -1
1 0.758059 10.799145 0.079574 1.004820 0.246199 -1
1 0.758059 10.608984 0.244351 0.912884 0.246199 -1
1 0.480691 10.755215 0.079574 1.004820 0.348918 -1
1 0.758059 10.538094 0.485781 0.819452 0.246199 -1
1 -0.202610 10.862232 0.823270 0.454221 0.502997 -1
1 0.230474 10.627724 0.079574 0.004820 0.451637 -1
1 -0.264053 9.901566 0.909893 0.588944 0.759794 -1
1 0.050641 9.901566 0.727211 0.726021 0.759794 -1
1 0.758059 10.704065 0.809599 0.680053 0.246199 -1
1 -0.572172 10.579351 0.485782 0.319452 0.605716 -1
1 0.031900 10.429150 0.079574 0.004820 0.554356 -1
1 -0.503025 9.901566 0.096029 0.139893 0.759794 -1
1 0.230474 10.627724 0.079574 1.004820 0.451637 -1
1 0.031900 10.429150 0.079574 1.004820 0.554356 -1
1 -0.617467 9.901566 0.823271 0.454221 0.759794 -1
1 -0.095592 10.178934 0.079574 0.004820 0.657075 -1
1 -0.753504 9.901566 0.485782 0.319452 0.759794 -1
1 -0.139522 9.901566 0.079574 0.004820 0.759794 -1
1 0.086086 9.901566 0.365067 0.866168 0.759794 -1
1 -0.139522 9.901566 0.079574 1.004820 0.759794 -1
1 -0.095592 10.178934 0.079574 1.004820 0.657075 -1
52
0.975937 0.001721 -0.218045
0.855571 -0.000860 0.517685
0.975937 -0.001721 0.218045
0.555843 -0.001720 0.831285
0.324832 -0.000000 0.945772
-0.045219 -0.000000 0.998977
-0.238055 -0.000000 0.971252
-0.625523 0.000000 0.780206
-0.807693 0.000000 0.589603
-0.997064 0.000000 0.076576
-0.965175 0.000000 -0.261605
-0.638913 0.000000 -0.769279
-0.344540 0.000000 -0.938772
-0.045220 0.000000 -0.998977
-0.045220 0.000000 -0.998977
0.855571 0.000860 -0.517685
0.654861 -0.000000 -0.755749
0.722915 0.002457 -0.690933
-0.219572 0.820724 0.527447
-0.305695 0.907886 -0.286870
-0.421998 0.865528 -0.269776
-0.300873 0.381640 -0.873972
-0.163542 0.339425 -0.926307
-0.007162 0.045219 -0.998951
-0.047390 0.087735 -0.995016
0.103165 -0.651371 -0.751713
-0.115916 -0.831710 -0.542976
0.151099 -0.663593 -0.732676
0.039062 -0.869916 -0.491650
-0.505538 0.759986 0.408476
-0.470051 0.453767 0.757065
-0.055398 0.266379 0.962275
-0.075964 0.108177 -0.991225
0.223571 -0.202954 0.953323
0.489280 -0.224087 0.842847
0.578718 -0.500023 0.644253
0.451200 -0.480706 0.751891
-0.814929 0.437431 0.380192
-0.727340 0.397681 -0.559308
-0.083844 0.063926 -0.994426
-0.374858 0.141713 -0.916187
-0.000000 -0.000000 -1.000000
0.669246 -0.266955 -0.693429
0.755515 -0.482942 -0.442678
-0.687871 0.243466 0.683782
-0.053459 0.019299 -0.998384
-0.900188 0.240832 0.362852
-0.820724 0.219573 -0.527447
-0.045219 0.007162 -0.998951
0.884151 -0.107278 -0.454717
0.778600 -0.123317 -0.615284
0.709315 -0.223497 -0.668522
46
1 0 1 2 0 1 2 1
1 3 2 1 3 2 1 1
1 1 4 3 1 4 3 1
1 5 3 4 5 3 4 1
1 4 6 5 4 6 5 1
1 7 5 6 7 5 6 1
1 6 8 7 6 8 7 1
1 9 7 8 9 7 8 1
1 8 10 9 8 10 9 1
1 11 9 10 11 9 10 1
1 10 12 11 10 12 11 1
1 12 13 14 12 13 14 1
1 14 11 12 14 11 12 1
1 15 16 17 15 16 17 1
1 17 0 15 17 0 15 1
1 2 15 0 2 15 0 1
1 18 19 20 18 19 20 1
1 21 20 19 21 20 19 1
1 19 22 21 19 22 21 1
1 22 23 24 22 23 24 1
1 24 21 22 24 21 22 1
1 25 26 27 25 26 27 1
1 28 27 26 28 27 26 1
1 20 29 18 29 30 31 2
1 21 24 30 21 24 32 1
1 31 32 28 33 34 35 2
1 28 33 31 35 36 33 2
1 33 18 31 36 31 33 2
1 29 31 18 30 33 31 2
1 29 20 34 30 29 37 2
1 21 34 20 21 38 20 1
1 21 30 35 21 32 39 1
1 35 36 21 39 40 21 1
1 37 27 38 41 27 42 1
1 32 38 27 43 42 27 1
1 27 28 32 27 28 43 1
1 31 29 39 33 30 44 2
1 34 39 29 37 44 30 2
1 36 35 40 40 39 45 1
1 39 34 41 44 37 46 2
1 36 41 34 40 47 38 1
1 34 21 36 38 21 40 1
1 36 40 42 40 45 48 1
1 43 44 45 49 50 51 1
1 45 38 43 51 42 49 1
1 38 32 43 42 43 49 1
"MDL-Cylin2" 1 1
412
1 0.841471 10.496004 0.176420 0.752960 0.412944 -1
1 0.841471 10.406551 0.481063 0.500000 0.412944 -1
1 0.636212 10.406551 0.481063 0.500000 0.583381 -1
1 0.636212 10.496004 0.176420 0.752960 0.583381 -1
1 0.636212 10.496004 0.176420 0.115863 0.583381 -1
1 0.636212 10.735956 -0.031501 0.315108 0.583381 -1
1 0.841471 10.893093 -0.054093 0.445586 0.412944 -1
1 0.841471 10.496004 0.176420 0.115863 0.412944 -1
1 0.636212 11.050230 -0.076686 0.576064 0.583381 -1
1 0.841471 11.339043 0.055210 0.815878 0.412944 -1
1 0.636212 11.339043 0.055210 0.815878 0.583381 -1
1 0.636212 11.339043 0.055210 0.146393 0.583381 -1
1 0.636212 11.510696 0.322311 0.368181 0.583381 -1
1 0.841471 11.510696 0.481063 0.500000 0.412944 -1
1 0.841471 11.339043 0.055210 0.146393 0.412944 -1
1 0.636212 11.510696 0.639816 0.631819 0.583381 -1
1 0.841471 11.339041 0.906917 0.853607 0.412944 -1
1 0.636212 11.339041 0.906917 0.853607 0.583381 -1
1 0.636212 11.339041 0.906917 0.184122 0.583381 -1
1 0.636212 11.050230 1.038813 0.423936 0.583381 -1
1 0.841471 10.893093 1.016220 0.554414 0.412944 -1
1 0.841471 11.339041 0.906917 0.184122 0.412944 -1
1 0.636212 10.735956 0.993627 0.684892 0.583381 -1
1 0.841471 10.496004 0.785706 0.884137 0.412944 -1
1 0.636212 10.496004 0.785706 0.884137 0.583381 -1
1 0.636212 10.496004 0.785706 0.247040 0.583381 -1
1 0.841471 10.496004 0.785706 0.247040 0.412944 -1
1 0.636212 10.735956 0.993627 0.315108 0.925607 -1
1 0.636212 11.050230 1.038813 0.576064 0.963126 -1
1 0.636212 11.339041 0.906917 0.815878 0.853607 -1
1 0.636212 11.510696 0.639816 0.958412 0.631819 -1
1 0.636212 11.510696 0.322311 0.958412 0.368181 -1
1 0.636212 11.339043 0.055210 0.815878 0.146393 -1
1 0.636212 11.050230 -0.076686 0.576064 0.036874 -1
1 0.636212 10.735956 -0.031501 0.315108 0.074394 -1
1 0.636212 10.496004 0.176420 0.115863 0.247040 -1
1 0.636212 10.406551 0.481063 0.041588 0.500000 -1
1 0.636212 10.496004 0.785706 0.115863 0.752960 -1
1 0.598411 10.519064 0.193272 0.257330 0.614769 -1
1 0.598411 10.555002 0.242738 0.296115 0.614769 -1
1 0.874846 10.555002 0.242738 0.296115 0.385231 -1
1 0.874846 10.555002 0.181595 0.257330 0.385231 -1
1 0.598411 10.555002 0.242738 0.691900 0.614769 -1
1 0.598411 10.519064 0.193272 0.738967 0.614769 -1
1 0.874846 10.555002 0.181595 0.754656 0.385231 -1
1 0.874846 10.555002 0.242738 0.691900 0.385231 -1
1 0.598411 10.731441 0.011506 0.322757 0.614769 -1
1 0.598411 10.778486 0.034010 0.359644 0.614769 -1
1 0.874846 10.789593 0.030401 0.359644 0.385231 -1
1 0.874846 10.745169 0.030401 0.322757 0.385231 -1
1 0.874846 10.745169 0.030401 0.677243 0.385231 -1
1 0.874846 10.789593 0.030401 0.640356 0.385231 -1
1 0.598411 10.778486 0.034010 0.658800 0.614769 -1
1 0.598411 10.778486 0.034010 0.842829 0.614769 -1
1 0.598411 10.731441 0.011506 0.889895 0.614769 -1
1 0.874846 10.745169 0.030401 0.874206 0.385231 -1
1 0.598411 11.016104 -0.034002 0.559126 0.614769 -1
1 0.598411 11.063148 -0.011500 0.596013 0.614769 -1
1 0.874846 11.074255 -0.015108 0.596013 0.385231 -1
1 0.874846 11.029831 -0.015108 0.559126 0.385231 -1
1 0.874846 11.029831 -0.015108 0.440874 0.385231 -1
1 0.874846 11.074255 -0.015108 0.403987 0.385231 -1
1 0.598411 11.063148 -0.011500 0.422431 0.614769 -1
1 0.598411 11.063148 -0.011500 0.880617 0.614769 -1
1 0.598411 11.016104 -0.034002 0.927684 0.614769 -1
1 0.874846 11.029831 -0.015108 0.911995 0.385231 -1
1 0.598411 11.270300 0.082247 0.770197 0.614769 -1
1 0.598411 11.317345 0.104750 0.807084 0.614769 -1
1 0.874846 11.328451 0.101141 0.807084 0.385231 -1
1 0.874846 11.284027 0.101140 0.770197 0.385231 -1
1 0.874846 11.284027 0.101140 0.229803 0.385231 -1
1 0.874846 11.328451 0.101141 0.192916 0.385231 -1
1 0.598411 11.317345 0.104750 0.211360 0.614769 -1
1 0.598411 11.317345 0.104750 0.784090 0.614769 -1
1 0.598411 11.270300 0.082247 0.831157 0.614769 -1
1 0.874846 11.284027 0.101140 0.815468 0.385231 -1
1 0.598411 11.416349 0.322637 0.364747 0.614769 -1
1 0.598411 11.452288 0.372103 0.403532 0.614769 -1
1 0.874846 11.452288 0.372103 0.403532 0.385231 -1
1 0.874846 11.452288 0.310960 0.364747 0.385231 -1
1 0.598411 11.452288 0.372103 0.584482 0.614769 -1
1 0.598411 11.416349 0.322637 0.631549 0.614769 -1
1 0.874846 11.452288 0.310960 0.647238 0.385231 -1
1 0.874846 11.452288 0.372103 0.584482 0.385231 -1
1 0.164676 0.279250 0.453184 0.532156 0.385231 -1
1 0.142465 0.279250 0.509867 0.469400 0.385231 -1
1 0.131359 0.002814 0.494581 0.469400 0.614769 -1
1 0.178403 0.002814 0.472078 0.516467 0.614769 -1
1 0.142465 0.279250 0.509867 0.132134 0.385231 -1
1 0.164676 0.279250 0.453184 0.095247 0.385231 -1
1 0.178403 0.002814 0.472078 0.095247 0.614769 -1
1 0.131359 0.002814 0.494581 0.132134 0.614769 -1
1 0.087276 0.279250 0.719407 0.311098 0.385231 -1
1 0.065064 0.279250 0.776090 0.248342 0.385231 -1
1 0.053958 0.002814 0.760804 0.248342 0.614769 -1
1 0.101003 0.002814 0.738302 0.295409 0.614769 -1
1 0.598411 11.416294 0.599858 0.594938 0.614769 -1
1 0.598411 11.452232 0.649324 0.633723 0.614769 -1
1 0.874846 11.452232 0.649324 0.633723 0.385231 -1
1 0.874846 11.452232 0.588181 0.594938 0.385231 -1
1 0.065064 0.279250 0.776090 0.196403 0.385231 -1
1 0.087276 0.279250 0.719407 0.159516 0.385231 -1
1 0.101003 0.002814 0.738302 0.159516 0.614769 -1
1 0.053958 0.002814 0.760804 0.196403 0.614769 -1
1 0.598411 11.452232 0.649324 0.354292 0.614769 -1
1 0.598411 11.416294 0.599858 0.401359 0.614769 -1
1 0.874846 11.452232 0.588181 0.417048 0.385231 -1
1 0.874846 11.452232 0.649324 0.354292 0.385231 -1
1 -0.125100 0.279250 0.900019 0.161127 0.385231 -1
1 -0.147312 0.279250 0.956702 0.098371 0.385231 -1
1 -0.158417 0.002814 0.941416 0.098371 0.614769 -1
1 -0.111372 0.002814 0.918913 0.145438 0.614769 -1
1 -0.147312 0.279250 0.956702 0.372749 0.385231 -1
1 -0.125100 0.279250 0.900019 0.335862 0.385231 -1
1 -0.111372 0.002814 0.918913 0.335862 0.614769 -1
1 -0.158417 0.002814 0.941416 0.372749 0.614769 -1
1 -0.393965 0.279250 0.949810 0.119783 0.385231 -1
1 -0.416176 0.279250 1.006493 0.057028 0.385231 -1
1 -0.427283 0.002815 0.991207 0.057028 0.614769 -1
1 0.598411 11.262848 0.835260 0.764011 0.614769 -1
1 0.598411 11.309895 0.857763 0.800897 0.614769 -1
1 0.874846 11.321001 0.854154 0.800897 0.385231 -1
1 0.874846 11.276577 0.854154 0.764011 0.385231 -1
1 -0.380237 0.002815 0.968704 0.104094 0.614769 -1
1 -0.416176 0.279250 1.006493 0.596001 0.385231 -1
1 -0.393965 0.279250 0.949810 0.559114 0.385231 -1
1 -0.380237 0.002815 0.968704 0.559114 0.614769 -1
1 -0.427283 0.002815 0.991207 0.596001 0.614769 -1
1 0.874846 11.276577 0.854154 0.235989 0.385231 -1
1 0.874846 11.321001 0.854154 0.199102 0.385231 -1
1 0.598411 11.309895 0.857763 0.217546 0.614769 -1
1 0.598411 11.309895 0.857763 0.158827 0.614769 -1
1 0.598411 11.262848 0.835260 0.205893 0.614769 -1
1 0.874846 11.276577 0.854154 0.190205 0.385231 -1
1 -0.640725 0.279251 0.827212 0.221582 0.385231 -1
1 -0.662937 0.279251 0.883895 0.158827 0.385231 -1
1 -0.674042 0.002815 0.868610 0.158827 0.614769 -1
1 -0.626998 0.002815 0.846106 0.205893 0.614769 -1
1 -0.662937 0.279251 0.883895 0.800897 0.385231 -1
1 -0.640725 0.279251 0.827212 0.764011 0.385231 -1
1 -0.626998 0.002815 0.846106 0.764011 0.614769 -1
1 -0.674042 0.002815 0.868610 0.800897 0.614769 -1
1 -0.794169 0.279251 0.591811 0.417048 0.385231 -1
1 -0.816381 0.279251 0.648494 0.354292 0.385231 -1
1 -0.827487 0.002815 0.633208 0.354292 0.614769 -1
1 -0.780441 0.002815 0.610705 0.401359 0.614769 -1
1 0.598411 11.016088 0.957857 0.559114 0.614769 -1
1 0.598411 11.063133 0.980361 0.596001 0.614769 -1
1 0.874846 11.074240 0.976752 0.596001 0.385231 -1
1 0.874846 11.029816 0.976752 0.559114 0.385231 -1
1 -0.816381 0.279251 0.648494 0.928309 0.385231 -1
1 -0.794169 0.279251 0.591811 0.891423 0.385231 -1
1 -0.780441 0.002815 0.610705 0.891423 0.614769 -1
1 -0.827487 0.002815 0.633208 0.928309 0.614769 -1
1 -0.794226 0.279251 0.314590 0.647238 0.385231 -1
1 -0.816437 0.279251 0.371273 0.584482 0.385231 -1
1 -0.827544 0.002815 0.355987 0.584482 0.614769 -1
1 0.874846 11.029816 0.976752 0.440886 0.385231 -1
1 0.874846 11.074240 0.976752 0.403999 0.385231 -1
1 0.598411 11.063133 0.980361 0.422442 0.614769 -1
1 0.598411 11.063133 0.980361 0.057028 0.614769 -1
1 0.598411 11.016088 0.957857 0.104094 0.614769 -1
1 0.874846 11.029816 0.976752 0.088405 0.385231 -1
1 -0.780498 0.002815 0.333484 0.631549 0.614769 -1
1 -0.816437 0.279251 0.371273 0.928356 0.385231 -1
1 -0.794226 0.279251 0.314590 0.891470 0.385231 -1
1 -0.780498 0.002815 0.333484 0.891470 0.614769 -1
1 -0.827544 0.002815 0.355987 0.928356 0.614769 -1
1 -0.648176 0.279251 0.074199 0.846846 0.385231 -1
1 -0.670387 0.279251 0.130882 0.784090 0.385231 -1
1 -0.681493 0.002815 0.115596 0.784090 0.614769 -1
1 -0.634448 0.002815 0.093093 0.831157 0.614769 -1
1 -0.670387 0.279251 0.130882 0.807084 0.385231 -1
1 -0.648176 0.279251 0.074199 0.770197 0.385231 -1
1 -0.634448 0.002815 0.093093 0.770197 0.614769 -1
1 -0.681493 0.002815 0.115596 0.807084 0.614769 -1
1 -0.393980 0.279251 -0.042050 0.943373 0.385231 -1
1 -0.416192 0.279251 0.014633 0.880617 0.385231 -1
1 -0.427298 0.002815 -0.000653 0.880617 0.614769 -1
1 0.598411 10.747223 0.908067 0.850858 0.614769 -1
1 0.598411 10.783163 0.957533 0.889643 0.614769 -1
1 0.874846 10.783163 0.957533 0.889643 0.385231 -1
1 0.874846 10.783163 0.896389 0.850858 0.385231 -1
1 -0.380252 0.002815 -0.023155 0.927684 0.614769 -1
1 -0.416192 0.279251 0.014633 0.596013 0.385231 -1
1 -0.393980 0.279251 -0.042050 0.559126 0.385231 -1
1 -0.380252 0.002815 -0.023155 0.559126 0.614769 -1
1 0.598411 10.783163 0.957533 0.098371 0.614769 -1
1 0.598411 10.747223 0.908067 0.145438 0.614769 -1
1 0.874846 10.783163 0.896389 0.161127 0.385231 -1
1 0.874846 10.783163 0.957533 0.098371 0.385231 -1
1 -0.427298 0.002815 -0.000653 0.596013 0.614769 -1
1 -0.109318 0.279250 0.003459 0.905584 0.385231 -1
1 -0.131529 0.279250 0.060142 0.842829 0.385231 -1
1 -0.142635 0.002815 0.044856 0.842829 0.614769 -1
1 -0.095590 0.002815 0.022353 0.889895 0.614769 -1
1 -0.131529 0.279250 0.060142 0.359644 0.385231 -1
1 -0.109318 0.279250 0.003459 0.322757 0.385231 -1
1 -0.095590 0.002815 0.022353 0.322757 0.614769 -1
1 -0.142635 0.002815 0.044856 0.359644 0.614769 -1
1 0.103060 0.279250 0.185224 0.754656 0.385231 -1
1 0.080849 0.279250 0.241907 0.691900 0.385231 -1
1 0.069743 0.002814 0.226622 0.691900 0.614769 -1
1 0.116788 0.002814 0.204118 0.738967 0.614769 -1
1 0.598411 10.534847 0.727455 0.700887 0.614769 -1
1 0.598411 10.570787 0.776921 0.739672 0.614769 -1
1 0.874846 10.570787 0.746349 0.720280 0.385231 -1
1 0.080849 0.279250 0.241907 0.183296 0.385231 -1
1 0.103060 0.279250 0.185224 0.146410 0.385231 -1
1 0.116788 0.002814 0.204118 0.146410 0.614769 -1
1 0.069743 0.002814 0.226622 0.183296 0.614769 -1
1 0.229299 0.245875 0.491910 0.958412 0.500000 -1
1 0.139847 0.245875 0.187267 0.884137 0.247040 -1
1 0.139848 0.245875 0.796552 0.884137 0.752960 -1
1 0.598411 10.570787 0.776921 0.248342 0.614769 -1
1 0.598411 10.534847 0.727455 0.295409 0.614769 -1
1 0.874846 10.570787 0.746349 0.279720 0.385231 -1
1 -0.100105 0.245875 1.004473 0.684892 0.925607 -1
1 -0.874846 0.245875 0.333158 0.041588 0.368181 -1
1 -0.703190 0.245875 0.917764 0.184122 0.853607 -1
1 -0.414378 0.245875 1.049659 0.423936 0.963126 -1
1 -0.874846 0.245875 0.650662 0.041588 0.631819 -1
1 -0.414379 0.245875 -0.065840 0.423936 0.036874 -1
1 0.598411 10.457447 0.461231 0.095247 0.614769 -1
1 0.598411 10.504494 0.483734 0.132134 0.614769 -1
1 0.874846 10.493387 0.480126 0.113691 0.385231 -1
1 -0.703191 0.245875 0.066057 0.184122 0.146393 -1
1 -0.100106 0.245875 -0.020654 0.684892 0.074394 -1
1 0.139848 0.040615 0.796552 0.115863 0.752960 -1
1 -0.100106 0.040615 1.004473 0.315108 0.925607 -1
1 0.229299 0.040615 0.491910 0.041588 0.500000 -1
1 0.139847 0.040615 0.187267 0.115863 0.247040 -1
1 -0.874846 0.040615 0.333158 0.958412 0.368181 -1
1 0.598411 10.504494 0.483734 0.469400 0.614769 -1
1 0.598411 10.457447 0.461231 0.516467 0.614769 -1
1 0.874846 10.493387 0.480126 0.500778 0.385231 -1
1 -0.414379 0.040616 -0.065840 0.576064 0.036874 -1
1 -0.100106 0.040616 -0.020654 0.315108 0.074394 -1
1 -0.703191 0.040616 0.066057 0.815878 0.146393 -1
1 -0.703190 0.040615 0.917764 0.815878 0.853607 -1
1 0.139849 10.001373 0.187267 0.752960 0.412944 -1
1 0.229300 10.001373 0.491910 0.500000 0.412944 -1
1 0.229300 9.796114 0.491910 0.500000 0.583381 -1
1 0.139849 9.796114 0.187267 0.752960 0.583381 -1
1 0.139849 9.796114 0.187267 0.115863 0.583381 -1
1 -0.100105 9.796114 -0.020654 0.315108 0.583381 -1
1 -0.100105 10.001373 -0.020654 0.315108 0.412944 -1
1 0.139849 10.001373 0.187267 0.115863 0.412944 -1
1 -0.414378 10.001373 -0.065839 0.576064 0.412944 -1
1 -0.414378 9.796114 -0.065839 0.576064 0.583381 -1
1 -0.703190 10.001373 0.066057 0.815878 0.412944 -1
1 -0.703190 9.796114 0.066057 0.815878 0.583381 -1
1 -0.703190 9.796114 0.066057 0.146393 0.583381 -1
1 -0.874845 9.796114 0.333158 0.368181 0.583381 -1
1 -0.874845 10.001373 0.333158 0.368181 0.412944 -1
1 -0.703190 10.001373 0.066057 0.146393 0.412944 -1
1 -0.874845 10.001373 0.650663 0.631819 0.412944 -1
1 -0.874845 9.796114 0.650663 0.631819 0.583381 -1
1 -0.703189 10.001373 0.917764 0.853607 0.412944 -1
1 -0.703189 9.796114 0.917764 0.853607 0.583381 -1
1 -0.703189 9.796114 0.917764 0.184122 0.583381 -1
1 -0.414377 9.796114 1.049659 0.423936 0.583381 -1
1 -0.414377 10.001373 1.049659 0.423936 0.412944 -1
1 -0.703189 10.001373 0.917764 0.184122 0.412944 -1
1 -0.100104 10.001373 1.004473 0.684892 0.412944 -1
1 -0.100104 9.796114 1.004473 0.684892 0.583381 -1
1 0.139849 10.001373 0.796553 0.884137 0.412944 -1
1 0.139849 9.796114 0.796553 0.884137 0.583381 -1
1 0.139849 9.796114 0.796553 0.247040 0.583381 -1
1 0.139849 10.001373 0.796553 0.247040 0.412944 -1
1 -0.100104 9.796114 1.004473 0.315108 0.925607 -1
1 -0.414377 9.796114 1.049659 0.576064 0.963126 -1
1 -0.703189 9.796114 0.917764 0.815878 0.853607 -1
1 -0.874845 9.796114 0.650663 0.958412 0.631819 -1
1 -0.874845 9.796114 0.333158 0.958412 0.368181 -1
1 -0.703190 9.796114 0.066057 0.815878 0.146393 -1
1 -0.414378 9.796114 -0.065839 0.576064 0.036874 -1
1 -0.100105 9.796114 -0.020654 0.315108 0.074394 -1
1 0.139849 9.796114 0.187267 0.115863 0.247040 -1
1 0.229300 9.796114 0.491910 0.041588 0.500000 -1
1 0.139849 9.796114 0.796553 0.115863 0.752960 -1
1 0.139849 10.001373 0.187267 0.884137 0.247040 -1
1 -0.100105 10.001373 -0.020654 0.684892 0.074394 -1
1 -0.414378 10.001373 -0.065839 0.423936 0.036874 -1
1 -0.703190 10.001373 0.066057 0.184122 0.146393 -1
1 -0.874845 10.001373 0.333158 0.041588 0.368181 -1
1 -0.874845 10.001373 0.650663 0.041588 0.631819 -1
1 -0.703189 10.001373 0.917764 0.184122 0.853607 -1
1 -0.414377 10.001373 1.049659 0.423936 0.963126 -1
1 -0.100104 10.001373 1.004473 0.684892 0.925607 -1
1 0.139849 10.001373 0.796553 0.884137 0.752960 -1
1 0.229300 10.001373 0.491910 0.958412 0.500000 -1
1 -0.874846 0.040616 0.650662 0.958412 0.631819 -1
1 -0.414378 0.040616 1.049659 0.576064 0.963126 -1
1 0.116789 9.758312 0.204119 0.146410 0.614769 -1
1 0.069743 9.758312 0.226622 0.183296 0.614769 -1
1 0.080850 10.034748 0.241907 0.183296 0.385231 -1
1 0.103061 10.034748 0.185225 0.146410 0.385231 -1
1 0.229299 0.245875 0.491910 0.500000 0.412944 -1
1 0.139848 0.245875 0.796552 0.247040 0.412944 -1
1 0.139848 0.040615 0.796552 0.247040 0.583381 -1
1 0.229299 0.040615 0.491910 0.500000 0.583381 -1
1 -0.100106 0.040615 1.004473 0.684892 0.583381 -1
1 0.139848 0.040615 0.796552 0.884137 0.583381 -1
1 0.139848 0.245875 0.796552 0.884137 0.412944 -1
1 -0.100105 0.245875 1.004473 0.684892 0.412944 -1
1 0.069743 9.758312 0.226622 0.691900 0.614769 -1
1 0.116789 9.758312 0.204119 0.738967 0.614769 -1
1 0.103061 10.034748 0.185225 0.754656 0.385231 -1
1 0.080850 10.034748 0.241907 0.691900 0.385231 -1
1 -0.414378 0.040616 1.049659 0.423936 0.583381 -1
1 -0.414378 0.245875 1.049659 0.423936 0.412944 -1
1 -0.703190 0.245875 0.917764 0.184122 0.412944 -1
1 -0.703190 0.040615 0.917764 0.184122 0.583381 -1
1 -0.874846 0.040616 0.650662 0.631819 0.583381 -1
1 -0.703190 0.040615 0.917764 0.853607 0.583381 -1
1 -0.703190 0.245875 0.917764 0.853607 0.412944 -1
1 -0.874846 0.245875 0.650662 0.631819 0.412944 -1
1 -0.874846 0.040615 0.333158 0.368181 0.583381 -1
1 -0.874846 0.245875 0.333158 0.368181 0.412944 -1
1 -0.095589 9.758312 0.022353 0.322757 0.614769 -1
1 -0.142634 9.758312 0.044856 0.359644 0.614769 -1
1 -0.131528 10.034748 0.060142 0.359644 0.385231 -1
1 -0.109317 10.034748 0.003459 0.322757 0.385231 -1
1 -0.703191 0.245875 0.066057 0.146393 0.412944 -1
1 -0.703191 0.040616 0.066057 0.146393 0.583381 -1
1 -0.414379 0.040616 -0.065840 0.576064 0.583381 -1
1 -0.703191 0.040616 0.066057 0.815878 0.583381 -1
1 -0.703191 0.245875 0.066057 0.815878 0.412944 -1
1 -0.414379 0.245875 -0.065840 0.576064 0.412944 -1
1 -0.142634 9.758312 0.044856 0.842829 0.614769 -1
1 -0.095589 9.758312 0.022353 0.889895 0.614769 -1
1 -0.109317 10.034748 0.003459 0.905584 0.385231 -1
1 -0.131528 10.034748 0.060142 0.842829 0.385231 -1
1 -0.100106 0.040616 -0.020654 0.315108 0.583381 -1
1 -0.100106 0.245875 -0.020654 0.315108 0.412944 -1
1 0.139847 0.245875 0.187267 0.115863 0.412944 -1
1 0.139847 0.040615 0.187267 0.115863 0.583381 -1
1 0.139847 0.040615 0.187267 0.752960 0.583381 -1
1 0.139847 0.245875 0.187267 0.752960 0.412944 -1
1 0.164677 10.034748 0.453184 0.532156 0.385231 -1
1 0.142465 10.034748 0.509867 0.469400 0.385231 -1
1 0.131360 9.758312 0.494581 0.469400 0.614769 -1
1 0.178405 9.758312 0.472078 0.516467 0.614769 -1
1 -0.380251 9.758312 -0.023155 0.559126 0.614769 -1
1 -0.427296 9.758312 -0.000653 0.596013 0.614769 -1
1 -0.416191 10.034748 0.014633 0.596013 0.385231 -1
1 -0.393979 10.034748 -0.042050 0.559126 0.385231 -1
1 0.142465 10.034748 0.509867 0.132134 0.385231 -1
1 0.164677 10.034748 0.453184 0.095247 0.385231 -1
1 0.178405 9.758312 0.472078 0.095247 0.614769 -1
1 0.131360 9.758312 0.494581 0.132134 0.614769 -1
1 0.087277 10.034748 0.719407 0.311098 0.385231 -1
1 0.065065 10.034748 0.776090 0.248342 0.385231 -1
1 0.053960 9.758312 0.760804 0.248342 0.614769 -1
1 0.101005 9.758312 0.738302 0.295409 0.614769 -1
1 -0.427296 9.758312 -0.000653 0.880617 0.614769 -1
1 -0.380251 9.758312 -0.023155 0.927684 0.614769 -1
1 -0.393979 10.034748 -0.042050 0.943373 0.385231 -1
1 -0.416191 10.034748 0.014633 0.880617 0.385231 -1
1 0.065065 10.034748 0.776090 0.196403 0.385231 -1
1 0.087277 10.034748 0.719407 0.159516 0.385231 -1
1 0.101005 9.758312 0.738302 0.159516 0.614769 -1
1 0.053960 9.758312 0.760804 0.196403 0.614769 -1
1 -0.125098 10.034748 0.900019 0.161127 0.385231 -1
1 -0.147311 10.034748 0.956702 0.098371 0.385231 -1
1 -0.158416 9.758312 0.941417 0.098371 0.614769 -1
1 -0.111371 9.758312 0.918914 0.145438 0.614769 -1
1 -0.147311 10.034748 0.956702 0.372749 0.385231 -1
1 -0.125098 10.034748 0.900019 0.335862 0.385231 -1
1 -0.111371 9.758312 0.918914 0.335862 0.614769 -1
1 -0.158416 9.758312 0.941417 0.372749 0.614769 -1
1 -0.393964 10.034748 0.949810 0.119783 0.385231 -1
1 -0.416175 10.034748 1.006493 0.057028 0.385231 -1
1 -0.427281 9.758312 0.991207 0.057028 0.614769 -1
1 -0.380236 9.758312 0.968704 0.104094 0.614769 -1
1 -0.634447 9.758312 0.093093 0.770197 0.614769 -1
1 -0.681492 9.758312 0.115597 0.807084 0.614769 -1
1 -0.670386 10.034748 0.130882 0.807084 0.385231 -1
1 -0.648175 10.034748 0.074199 0.770197 0.385231 -1
1 -0.416175 10.034748 1.006493 0.596001 0.385231 -1
1 -0.393964 10.034748 0.949810 0.559114 0.385231 -1
1 -0.380236 9.758312 0.968704 0.559114 0.614769 -1
1 -0.427281 9.758312 0.991207 0.596001 0.614769 -1
1 -0.640724 10.034748 0.827213 0.221582 0.385231 -1
1 -0.662936 10.034748 0.883896 0.158827 0.385231 -1
1 -0.674041 9.758312 0.868610 0.158827 0.614769 -1
1 -0.626997 9.758312 0.846107 0.205893 0.614769 -1
1 -0.681492 9.758312 0.115597 0.784090 0.614769 -1
1 -0.634447 9.758312 0.093093 0.831157 0.614769 -1
1 -0.648175 10.034748 0.074199 0.846846 0.385231 -1
1 -0.670386 10.034748 0.130882 0.784090 0.385231 -1
1 -0.662936 10.034748 0.883896 0.800897 0.385231 -1
1 -0.640724 10.034748 0.827213 0.764011 0.385231 -1
1 -0.626997 9.758312 0.846107 0.764011 0.614769 -1
1 -0.674041 9.758312 0.868610 0.800897 0.614769 -1
1 -0.794168 10.034748 0.591811 0.417048 0.385231 -1
1 -0.816379 10.034748 0.648494 0.354292 0.385231 -1
1 -0.827486 9.758312 0.633208 0.354292 0.614769 -1
1 -0.780441 9.758312 0.610705 0.401359 0.614769 -1
1 -0.816379 10.034748 0.648494 0.928309 0.385231 -1
1 -0.794168 10.034748 0.591811 0.891423 0.385231 -1
1 -0.780441 9.758312 0.610705 0.891423 0.614769 -1
1 -0.827486 9.758312 0.633208 0.928309 0.614769 -1
1 -0.794225 10.034748 0.314590 0.647238 0.385231 -1
1 -0.816437 10.034748 0.371273 0.584482 0.385231 -1
1 -0.827542 9.758312 0.355987 0.584482 0.614769 -1
1 -0.780497 9.758312 0.333484 0.631549 0.614769 -1
1 -0.780497 9.758312 0.333484 0.891470 0.614769 -1
1 -0.827542 9.758312 0.355987 0.928356 0.614769 -1
1 -0.816437 10.034748 0.371273 0.928356 0.385231 -1
1 -0.794225 10.034748 0.314590 0.891470 0.385231 -1
294
0.000000 -0.959492 -0.281737
0.000000 -0.995244 0.097411
0.000000 -0.995244 -0.097412
0.197573 -0.566535 -0.800002
0.204687 -0.396067 -0.895117
0.179765 -0.276288 -0.944113
0.000000 -0.502047 -0.864840
0.096116 0.173631 -0.980109
0.140882 0.326680 -0.934576
-0.000000 0.415414 -0.909632
0.197569 0.872489 -0.446912
0.204682 0.942374 -0.264644
0.179763 0.973824 -0.139113
-0.000000 0.927488 -0.373854
0.096116 0.945423 0.311348
0.140883 0.878571 0.456360
0.000001 0.841254 0.540641
0.197572 0.318198 0.927208
0.204685 0.127839 0.970444
0.179765 -0.000891 0.983709
0.000001 0.238056 0.971251
0.096116 -0.442727 0.891490
0.140883 -0.576750 0.804681
0.000001 -0.654862 0.755749
0.000000 -0.959492 0.281737
0.000000 -0.959492 0.281737
-1.000000 0.000000 0.000000
-1.000000 0.000000 0.000000
-1.000000 0.000000 0.000000
-1.000000 0.000000 0.000000
-1.000000 0.000000 0.000000
-1.000000 0.000000 0.000000
-1.000000 0.000000 0.000000
-1.000000 0.000000 0.000000
-1.000000 0.000000 0.000000
-1.000000 0.000000 0.000000
-1.000000 0.000000 0.000000
-0.067905 0.948443 -0.309590
-0.000000 0.809024 -0.587776
-0.128921 0.991655 0.000000
0.067905 -0.949282 0.307006
0.128922 -0.802272 0.582870
0.000000 -1.000000 0.000000
0.020067 0.221397 -0.974977
-0.029101 0.431328 -0.901726
0.068194 -0.000013 -0.997672
0.013053 0.000013 0.999915
-0.040201 -0.431162 0.901379
0.020064 0.221399 -0.974977
-0.029101 0.431320 -0.901730
0.068189 0.000000 -0.997672
0.013054 0.000000 0.999915
-0.040198 -0.431154 0.901383
0.020064 0.221410 -0.974974
-0.029102 0.431328 -0.901726
0.068188 0.000013 -0.997672
0.013054 -0.000013 0.999915
-0.040197 -0.431162 0.901379
-0.067905 0.948442 -0.309593
0.000000 0.809020 -0.587781
-0.128921 0.991655 0.000000
0.067905 -0.949281 0.307009
0.128923 -0.802269 0.582875
0.732513 0.013640 0.680617
0.929532 -0.057486 0.364233
0.430030 0.082802 0.899009
-0.732303 -0.002114 -0.680976
-0.928722 -0.070992 -0.363916
-0.430541 0.067068 -0.900076
0.732502 0.013639 0.680629
0.929527 -0.057487 0.364245
0.430013 0.082802 0.899018
-0.067905 0.948443 -0.309590
-0.000000 0.809024 -0.587776
-0.732292 -0.002114 -0.680988
-0.928718 -0.070993 -0.363928
-0.430523 0.067069 -0.900084
0.067905 -0.949282 0.307006
0.128922 -0.802272 0.582871
0.732507 0.013640 0.680623
0.929527 -0.057484 0.364245
0.430028 0.082800 0.899011
-0.732298 -0.002115 -0.680981
-0.928718 -0.070992 -0.363928
-0.430538 0.067067 -0.900077
0.732504 0.013639 0.680626
0.929528 -0.057487 0.364243
0.020064 0.221392 -0.974979
-0.029101 0.431305 -0.901737
0.068189 0.000000 -0.997672
0.430016 0.082802 0.899016
-0.732294 -0.002114 -0.680985
-0.928719 -0.070993 -0.363925
-0.430527 0.067069 -0.900083
0.013054 0.000000 0.999915
-0.040195 -0.431139 0.901390
0.732507 0.013641 0.680623
0.929527 -0.057484 0.364246
0.430028 0.082802 0.899010
-0.732297 -0.002116 -0.680982
-0.928717 -0.070993 -0.363929
-0.430539 0.067065 -0.900077
0.732507 0.013642 0.680623
0.929528 -0.057484 0.364244
0.430025 0.082803 0.899012
0.020065 0.221405 -0.974975
-0.029102 0.431331 -0.901724
0.068191 0.000000 -0.997672
-0.732297 -0.002117 -0.680982
-0.928718 -0.070995 -0.363926
-0.430536 0.067065 -0.900079
0.732503 0.013640 0.680627
0.929528 -0.057486 0.364244
0.013054 0.000000 0.999915
-0.040199 -0.431165 0.901377
0.430015 0.082802 0.899017
-0.732293 -0.002115 -0.680986
-0.928718 -0.070993 -0.363927
-0.430525 0.067068 -0.900083
0.732508 0.013640 0.680622
0.929528 -0.057484 0.364244
0.430029 0.082800 0.899010
-0.732298 -0.002115 -0.680981
-0.928718 -0.070993 -0.363927
-0.430539 0.067067 -0.900077
0.732501 0.013640 0.680629
0.929527 -0.057486 0.364245
-0.067908 0.948438 -0.309602
0.000000 0.809008 -0.587797
-0.128928 0.991654 0.000000
0.430011 0.082803 0.899018
-0.732291 -0.002116 -0.680988
-0.928718 -0.070995 -0.363928
0.067908 -0.949278 0.307018
0.128927 -0.802257 0.582891
-0.430521 0.067068 -0.900085
0.732511 0.013640 0.680619
0.929532 -0.057486 0.364233
0.430025 0.082803 0.899012
-0.732301 -0.002115 -0.680978
-0.928723 -0.070995 -0.363915
-0.430535 0.067068 -0.900079
0.732508 0.013641 0.680622
0.929527 -0.057484 0.364245
0.430029 0.082802 0.899010
-0.064869 0.807306 -0.586557
-0.732298 -0.002116 -0.680981
-0.928718 -0.070993 -0.363928
-0.430540 0.067065 -0.900077
-0.000003 1.000000 -0.000001
-0.000002 1.000000 0.000001
-0.000003 1.000000 -0.000001
0.064869 -0.807306 0.586557
-0.000001 1.000000 -0.000000
0.000000 1.000000 0.000000
-0.000001 1.000000 0.000002
0.005561 0.431482 -0.902104
-0.000002 1.000000 0.000005
0.000003 -1.000000 0.000001
0.000001 -1.000000 0.000002
0.000003 -1.000000 0.000001
0.000001 -1.000000 -0.000002
-0.000002 -1.000000 -0.000001
-0.005561 -0.431482 0.902104
-0.000000 -1.000000 -0.000003
0.000001 -1.000000 -0.000005
-0.000001 -1.000000 -0.000003
-0.000003 -1.000000 0.000004
0.959493 -0.000000 -0.281732
0.995244 -0.000000 0.097409
0.995244 -0.000000 -0.097410
0.654861 0.000001 -0.755750
0.324832 0.000001 -0.945772
0.502046 0.000001 -0.864841
0.654860 -0.000000 -0.755750
-0.045220 0.000000 -0.998977
-0.238057 0.000000 -0.971251
-0.415415 0.000000 -0.909632
-0.415415 0.000000 -0.909632
-0.841253 0.000000 -0.540641
-0.982374 0.000000 -0.186929
-0.927486 0.000000 -0.373857
-0.841253 0.000000 -0.540641
-0.982373 0.000000 0.186929
-0.927486 0.000001 0.373858
-0.841253 0.000001 0.540642
-0.841253 0.000002 0.540641
-0.415414 0.000001 0.909633
-0.045218 0.000000 0.998977
-0.238055 0.000000 0.971252
-0.415414 0.000001 0.909632
0.324833 -0.000000 0.945771
0.502047 -0.000000 0.864841
0.654860 -0.000000 0.755750
0.654860 -0.000000 0.755750
0.959493 -0.000000 0.281731
0.959493 -0.000000 0.281731
-0.000008 -1.000000 0.000002
-0.000002 -1.000000 0.000011
-0.732293 -0.002115 -0.680987
-0.430525 0.067068 -0.900084
-0.928718 -0.070993 -0.363928
0.995244 -0.000000 0.097409
0.959493 -0.000000 0.281732
0.995244 -0.000000 -0.097411
0.502048 -0.000000 0.864840
0.654861 -0.000000 0.755749
0.654861 -0.000000 0.755749
0.324833 -0.000000 0.945771
0.732502 0.013640 0.680628
0.430015 0.082802 0.899017
0.929527 -0.057486 0.364245
-0.045218 0.000000 0.998977
-0.238055 0.000000 0.971252
-0.415414 0.000001 0.909632
-0.415414 0.000001 0.909633
-0.927486 0.000001 0.373857
-0.841254 0.000002 0.540640
-0.841253 0.000001 0.540641
-0.982373 0.000000 0.186929
-0.982374 0.000000 -0.186928
-0.927486 0.000000 -0.373857
-0.732299 -0.002115 -0.680980
-0.430535 0.067068 -0.900079
-0.928721 -0.070994 -0.363920
-0.841253 0.000000 -0.540641
-0.841253 0.000000 -0.540641
-0.238057 0.000000 -0.971251
-0.415416 0.000000 -0.909631
-0.415416 0.000000 -0.909631
-0.045219 0.000000 -0.998977
0.732509 0.013639 0.680621
0.430025 0.082801 0.899012
0.929530 -0.057486 0.364237
0.324833 -0.000000 -0.945771
0.502047 -0.000000 -0.864840
0.654861 -0.000000 -0.755749
0.654861 -0.000000 -0.755749
0.959493 -0.000000 -0.281734
0.959493 -0.000000 -0.281734
0.732508 0.013641 0.680622
0.929529 -0.057484 0.364241
0.430026 0.082803 0.899011
-0.732294 -0.002117 -0.680986
-0.430526 0.067067 -0.900083
-0.928718 -0.070995 -0.363926
-0.732298 -0.002116 -0.680981
-0.928719 -0.070995 -0.363924
-0.430536 0.067067 -0.900078
0.732504 0.013642 0.680627
0.929528 -0.057484 0.364244
0.430016 0.082803 0.899016
0.732503 0.013641 0.680627
0.430016 0.082803 0.899016
0.929528 -0.057484 0.364243
-0.732294 -0.002116 -0.680986
-0.928718 -0.070995 -0.363926
-0.430527 0.067067 -0.900083
0.732504 0.013641 0.680626
0.929524 -0.057484 0.364253
0.430027 0.082802 0.899011
-0.732294 -0.002117 -0.680985
-0.928715 -0.070994 -0.363935
-0.430537 0.067065 -0.900078
0.732508 0.013641 0.680622
0.929528 -0.057484 0.364244
0.430029 0.082802 0.899010
-0.732298 -0.002116 -0.680981
-0.430539 0.067065 -0.900077
-0.928718 -0.070993 -0.363927
-0.732298 -0.002115 -0.680981
-0.928718 -0.070993 -0.363926
-0.430539 0.067067 -0.900077
0.732505 0.013641 0.680625
0.929528 -0.057484 0.364244
0.430021 0.082802 0.899014
0.732508 0.013641 0.680622
0.430029 0.082802 0.899010
0.929528 -0.057484 0.364244
-0.732296 -0.002115 -0.680984
-0.928718 -0.070993 -0.363927
-0.430531 0.067067 -0.900081
0.732511 0.013640 0.680618
0.929531 -0.057485 0.364236
0.430029 0.082802 0.899010
-0.732301 -0.002116 -0.680977
-0.928721 -0.070993 -0.363919
-0.430540 0.067066 -0.900077
0.732504 0.013641 0.680626
0.929527 -0.057484 0.364247
0.430020 0.082802 0.899014
-0.732294 -0.002115 -0.680985
-0.430530 0.067067 -0.900081
-0.928717 -0.070993 -0.363930
236
1 0 1 2 0 1 2 1
1 2 3 0 2 0 0 1
1 4 5 6 3 4 5 1
1 6 7 4 5 6 3 1
1 5 8 6 4 7 5 1
1 9 6 8 8 5 7 1
1 8 10 9 7 9 8 1
1 11 12 13 10 11 12 1
1 13 14 11 12 13 10 1
1 12 15 13 11 14 12 1
1 16 13 15 15 12 14 1
1 15 17 16 14 16 15 1
1 18 19 20 17 18 19 1
1 20 21 18 19 20 17 1
1 19 22 20 18 21 19 1
1 23 20 22 22 19 21 1
1 22 24 23 21 23 22 1
1 25 2 1 24 2 1 1
1 1 26 25 1 25 24 1
1 27 28 29 26 27 28 1
1 29 30 31 28 29 30 1
1 27 29 31 26 28 30 1
1 31 32 33 30 31 32 1
1 33 34 35 32 33 34 1
1 31 33 35 30 32 34 1
1 27 31 35 26 30 34 1
1 27 35 36 26 34 35 1
1 37 27 36 36 26 35 1
1 38 39 40 37 38 37 1
1 40 41 38 37 39 37 1
1 42 43 44 40 41 40 1
1 44 45 42 40 42 40 1
1 46 47 48 43 44 43 1
1 48 49 46 43 45 43 1
1 50 51 52 46 46 46 1
1 53 54 55 47 47 47 1
1 56 57 58 48 49 48 1
1 58 59 56 48 50 48 1
1 60 61 62 51 51 51 1
1 63 64 65 52 52 52 1
1 66 67 68 53 54 53 1
1 68 69 66 53 55 53 1
1 70 71 72 56 56 56 1
1 73 74 75 57 57 57 1
1 76 77 78 58 59 58 1
1 78 79 76 58 60 58 1
1 80 81 82 61 62 61 1
1 82 83 80 61 42 61 1
1 84 85 86 63 64 63 1
1 86 87 84 63 65 63 1
1 88 89 90 66 67 66 1
1 90 91 88 66 68 66 1
1 92 93 94 69 70 69 1
1 94 95 92 69 71 69 1
1 96 97 98 72 73 72 1
1 98 99 96 72 60 72 1
1 100 101 102 74 75 74 1
1 102 103 100 74 76 74 1
1 104 105 106 77 78 77 1
1 106 107 104 77 42 77 1
1 108 109 110 79 80 79 1
1 110 111 108 79 81 79 1
1 112 113 114 82 83 82 1
1 114 115 112 82 84 82 1
1 116 117 118 85 86 85 1
1 119 120 121 87 88 87 1
1 121 122 119 87 89 87 1
1 118 123 116 85 90 85 1
1 124 125 126 91 92 91 1
1 126 127 124 91 93 91 1
1 128 129 130 94 94 94 1
1 131 132 133 95 95 95 1
1 134 135 136 96 97 96 1
1 136 137 134 96 98 96 1
1 138 139 140 99 100 99 1
1 140 141 138 99 101 99 1
1 142 143 144 102 103 102 1
1 144 145 142 102 104 102 1
1 146 147 148 105 106 105 1
1 148 149 146 105 107 105 1
1 150 151 152 108 109 108 1
1 152 153 150 108 110 108 1
1 154 155 156 111 112 111 1
1 157 158 159 113 113 113 1
1 160 161 162 114 114 114 1
1 156 163 154 111 115 111 1
1 164 165 166 116 117 116 1
1 166 167 164 116 118 116 1
1 168 169 170 119 120 119 1
1 170 171 168 119 121 119 1
1 172 173 174 122 123 122 1
1 174 175 172 122 124 122 1
1 176 177 178 125 126 125 1
1 179 180 181 127 128 127 1
1 181 182 179 127 129 127 1
1 178 183 176 125 130 125 1
1 184 185 186 131 132 131 1
1 187 188 189 133 134 133 1
1 189 190 187 133 42 133 1
1 186 191 184 131 135 131 1
1 192 193 194 136 137 136 1
1 194 195 192 136 138 136 1
1 196 197 198 139 140 139 1
1 198 199 196 139 141 139 1
1 200 201 202 142 143 142 1
1 202 203 200 142 144 142 1
1 204 205 206 145 145 145 1
1 207 208 209 146 147 146 1
1 209 210 207 146 148 146 1
1 211 212 213 149 150 151 1
1 214 215 216 152 152 152 1
1 212 217 213 150 153 151 1
1 212 218 217 150 154 153 1
1 218 219 217 154 154 153 1
1 219 220 217 154 154 153 1
1 218 221 219 154 154 154 1
1 212 222 218 150 155 154 1
1 223 224 225 156 156 156 1
1 222 226 218 155 154 154 1
1 212 227 222 150 157 155 1
1 228 229 230 158 159 160 1
1 229 231 230 159 161 160 1
1 229 232 231 159 162 161 1
1 233 234 235 163 163 163 1
1 232 236 231 162 164 161 1
1 236 237 231 164 165 161 1
1 232 238 236 162 166 164 1
1 229 239 232 159 167 162 1
1 240 241 242 168 169 170 1
1 242 243 240 170 168 168 1
1 244 245 246 171 172 173 1
1 246 247 244 173 174 171 1
1 248 246 245 175 173 172 1
1 245 249 248 172 176 175 1
1 250 248 249 177 175 176 1
1 249 251 250 176 178 177 1
1 252 253 254 179 180 181 1
1 254 255 252 181 182 179 1
1 256 254 253 183 181 180 1
1 253 257 256 180 184 183 1
1 258 256 257 185 183 184 1
1 257 259 258 184 186 185 1
1 260 261 262 187 188 189 1
1 262 263 260 189 190 187 1
1 264 262 261 191 189 188 1
1 261 265 264 188 192 191 1
1 266 264 265 193 191 192 1
1 265 267 266 192 194 193 1
1 268 242 241 195 170 169 1
1 241 269 268 169 196 195 1
1 270 271 272 42 42 42 1
1 272 273 274 42 42 42 1
1 270 272 274 42 42 42 1
1 274 275 276 42 42 42 1
1 276 277 278 42 42 42 1
1 274 276 278 42 42 42 1
1 270 274 278 42 42 42 1
1 270 278 279 42 42 42 1
1 280 270 279 42 42 42 1
1 281 282 283 154 154 154 1
1 283 284 285 154 154 154 1
1 281 283 285 154 154 154 1
1 285 286 287 154 154 154 1
1 287 288 289 154 154 154 1
1 285 287 289 154 154 154 1
1 281 285 289 154 154 154 1
1 281 289 290 154 154 154 1
1 291 281 290 154 154 154 1
1 239 292 232 167 197 162 1
1 229 293 239 159 198 167 1
1 294 295 296 199 200 199 1
1 296 297 294 199 201 199 1
1 298 299 300 202 203 203 1
1 300 301 298 203 204 202 1
1 302 303 304 205 206 207 1
1 304 305 302 207 208 205 1
1 306 307 308 209 210 209 1
1 308 309 306 209 211 209 1
1 310 302 305 212 205 208 1
1 305 311 310 208 213 212 1
1 311 312 313 213 214 215 1
1 313 310 311 215 212 213 1
1 314 315 316 216 217 218 1
1 316 317 314 218 219 216 1
1 318 314 317 220 216 219 1
1 317 319 318 219 221 220 1
1 320 321 322 222 223 222 1
1 322 323 320 222 224 222 1
1 319 324 325 221 225 226 1
1 325 318 319 226 220 221 1
1 326 327 328 227 228 229 1
1 328 329 326 229 230 227 1
1 330 331 332 231 232 231 1
1 332 333 330 231 233 231 1
1 334 326 329 234 227 230 1
1 329 335 334 230 235 234 1
1 335 336 337 235 236 237 1
1 337 334 335 237 234 235 1
1 301 338 339 204 238 239 1
1 339 298 301 239 202 204 1
1 340 341 342 240 241 240 1
1 342 343 340 240 242 240 1
1 344 345 346 243 244 243 1
1 346 347 344 243 245 243 1
1 348 349 350 246 247 246 1
1 350 351 348 246 248 246 1
1 352 353 354 249 250 249 1
1 354 355 352 249 251 249 1
1 356 357 358 252 253 252 1
1 358 359 356 252 254 252 1
1 360 361 362 255 256 255 1
1 362 363 360 255 257 255 1
1 364 365 366 258 259 258 1
1 366 367 364 258 260 258 1
1 368 369 370 261 262 261 1
1 370 371 368 261 263 261 1
1 372 373 374 264 265 264 1
1 374 375 372 264 266 264 1
1 376 377 378 267 268 267 1
1 378 379 376 267 269 267 1
1 380 381 382 270 271 270 1
1 382 383 380 270 272 270 1
1 384 385 386 273 274 273 1
1 386 387 384 273 275 273 1
1 388 389 390 276 277 276 1
1 390 391 388 276 278 276 1
1 392 393 394 279 280 279 1
1 394 395 392 279 281 279 1
1 396 397 398 282 283 282 1
1 398 399 396 282 284 282 1
1 400 401 402 285 286 285 1
1 402 403 400 285 287 285 1
1 404 405 406 288 289 288 1
1 406 407 404 288 290 288 1
1 408 409 410 291 292 291 1
1 410 411 408 291 293 291 1

Materials: 3
"Cylinder01Cls_9_"
0.584314 0.584314 0.584314 1.000000
0.584314 0.584314 0.584314 1.000000
0.894118 0.894118 0.894118 1.000000
0.000000 0.000000 0.000000 1.000000
125.440002
1.000000
"ROHR_5.tga"
""
"Cylinder01Cls_0_"
0.584314 0.584314 0.584314 1.000000
0.584314 0.584314 0.584314 1.000000
0.894118 0.894118 0.894118 1.000000
0.000000 0.000000 0.000000 1.000000
125.440002
1.000000
"METALL_2.tga"
""
"Material"
0.117647 0.117647 0.117647 1.000000
0.752941 0.752941 0.752941 1.000000
0.752941 0.752941 0.752941 1.000000
0.000000 0.000000 0.000000 1.000000
125.440002
1.000000
""
""

Bones: 0
GroupComments: 0
MaterialComments: 0
BoneComments: 0
ModelComment: 0
