// MilkShape 3D ASCII

Frames: 30
Frame: 1

Meshes: 2
"MDL-Cylin1" 1 0
96
1 0.085264 10.147198 0.298406 0.912884 0.657075 -1
1 0.152685 10.125292 0.539836 0.819452 0.657075 -1
1 0.121531 9.928595 0.539836 0.819452 0.759794 -1
1 0.050641 9.928595 0.298406 0.912884 0.759794 -1
1 -0.095592 10.205961 0.133628 1.004820 0.657075 -1
1 -0.139522 9.928595 0.133628 1.004820 0.759794 -1
1 -0.139522 9.928595 0.133628 0.004820 0.759794 -1
1 -0.388584 9.928595 0.097819 0.095102 0.759794 -1
1 -0.332463 10.282925 0.097819 0.095102 0.657075 -1
1 -0.095592 10.205961 0.133628 0.004820 0.657075 -1
1 -0.550144 10.353655 0.202347 0.184684 0.657075 -1
1 -0.617467 9.928595 0.202347 0.184684 0.759794 -1
1 -0.679523 10.395693 0.414025 0.274454 0.657075 -1
1 -0.753504 9.928595 0.414025 0.274454 0.759794 -1
1 -0.679523 10.395693 0.665647 0.364451 0.657075 -1
1 -0.753504 9.928595 0.665647 0.364451 0.759794 -1
1 -0.550143 10.353655 0.877325 0.454221 0.657075 -1
1 -0.617467 9.928595 0.877325 0.454221 0.759794 -1
1 -0.332462 10.282925 0.981852 0.543803 0.657075 -1
1 -0.388583 9.928595 0.981852 0.543803 0.759794 -1
1 -0.095591 10.205961 0.946042 0.634085 0.657075 -1
1 -0.139522 9.928595 0.946042 0.634085 0.759794 -1
1 0.085264 10.147198 0.781265 0.726021 0.657075 -1
1 0.050641 9.928595 0.781265 0.726021 0.759794 -1
1 0.185745 10.344404 0.298406 0.912884 0.554356 -1
1 0.243097 10.302736 0.539836 0.819452 0.554356 -1
1 0.031900 10.456179 0.133628 1.004820 0.554356 -1
1 -0.169594 10.602573 0.097819 0.095102 0.554356 -1
1 0.031900 10.456179 0.133628 0.004820 0.554356 -1
1 -0.354765 10.737108 0.202347 0.184684 0.554356 -1
1 -0.464821 10.817068 0.414025 0.274454 0.554356 -1
1 -0.464821 10.817068 0.665647 0.364451 0.554356 -1
1 -0.354764 10.737108 0.877324 0.454221 0.554356 -1
1 -0.169594 10.602573 0.981852 0.543803 0.554356 -1
1 0.031900 10.456179 0.946042 0.634085 0.554356 -1
1 0.185745 10.344402 0.781265 0.726021 0.554356 -1
1 0.342249 10.500908 0.298406 0.912884 0.451637 -1
1 0.383917 10.443556 0.539836 0.819452 0.451637 -1
1 0.230474 10.654753 0.133628 1.004820 0.451637 -1
1 0.084080 10.856247 0.097819 0.095102 0.451637 -1
1 0.230474 10.654753 0.133628 0.004820 0.451637 -1
1 -0.050455 11.041418 0.202346 0.184684 0.451637 -1
1 -0.130415 11.151474 0.414025 0.274454 0.451637 -1
1 -0.130415 11.151474 0.665647 0.364451 0.451637 -1
1 -0.050455 11.041416 0.877324 0.454221 0.451637 -1
1 0.084080 10.856247 0.981852 0.543803 0.451637 -1
1 0.230474 10.654753 0.946042 0.634085 0.451637 -1
1 0.342249 10.500908 0.781265 0.726021 0.451637 -1
1 0.539454 10.601387 0.298405 0.912884 0.348918 -1
1 0.561361 10.533968 0.539836 0.819452 0.348918 -1
1 0.480691 10.782244 0.133628 1.004820 0.348918 -1
1 0.403727 11.019115 0.097819 0.095102 0.348918 -1
1 0.480691 10.782244 0.133628 0.004820 0.348918 -1
1 0.332998 11.236795 0.202346 0.184684 0.348918 -1
1 0.290960 11.366175 0.414025 0.274454 0.348918 -1
1 0.290960 11.366175 0.665647 0.364451 0.348918 -1
1 0.332998 11.236795 0.877325 0.454221 0.348918 -1
1 0.403727 11.019115 0.981852 0.543803 0.348918 -1
1 0.480691 10.782244 0.946042 0.634085 0.348918 -1
1 0.539454 10.601387 0.781265 0.726021 0.348918 -1
1 0.758059 10.636013 0.298405 0.912884 0.246199 -1
1 0.758059 10.565121 0.539835 0.819452 0.246199 -1
1 0.758059 10.826174 0.133628 1.004820 0.246199 -1
1 0.758059 11.075235 0.097819 0.095102 0.246199 -1
1 0.758059 10.826174 0.133628 0.004820 0.246199 -1
1 0.758059 11.304119 0.202346 0.184684 0.246199 -1
1 0.758059 11.440157 0.414024 0.274454 0.246199 -1
1 0.758058 11.440157 0.665647 0.364451 0.246199 -1
1 0.758059 11.304119 0.877325 0.454221 0.246199 -1
1 0.758059 11.075235 0.981852 0.543803 0.246199 -1
1 0.758059 10.826174 0.946042 0.634085 0.246199 -1
1 0.758059 10.636013 0.781265 0.726021 0.246199 -1
1 0.050641 9.822554 0.298406 1.357133 -0.286574 -1
1 0.121531 9.822554 0.539836 1.263702 -0.286574 -1
1 0.121530 0.209937 0.539835 1.263702 1.264492 -1
1 0.050640 0.209937 0.298406 1.357133 1.264492 -1
1 -0.139522 9.822554 0.133628 1.449069 -0.286574 -1
1 -0.139523 0.209937 0.133628 1.449069 1.264492 -1
1 -0.139523 0.209937 0.133628 0.449070 1.264492 -1
1 -0.388585 0.209937 0.097819 0.539351 1.264492 -1
1 -0.388584 9.822554 0.097819 0.539351 -0.286574 -1
1 -0.139522 9.822554 0.133628 0.449070 -0.286574 -1
1 -0.617467 9.822554 0.202347 0.628934 -0.286574 -1
1 -0.617468 0.209937 0.202347 0.628934 1.264492 -1
1 -0.753504 9.822554 0.414025 0.718704 -0.286574 -1
1 -0.753505 0.209937 0.414025 0.718704 1.264492 -1
1 -0.753504 9.822554 0.665647 0.808700 -0.286574 -1
1 -0.753505 0.209937 0.665646 0.808700 1.264492 -1
1 -0.617466 9.822554 0.877325 0.898470 -0.286574 -1
1 -0.617468 0.209937 0.877324 0.898470 1.264492 -1
1 -0.388583 9.822554 0.981852 0.988053 -0.286574 -1
1 -0.388584 0.209937 0.981851 0.988053 1.264492 -1
1 -0.139522 9.822554 0.946042 1.078334 -0.286574 -1
1 -0.139523 0.209937 0.946042 1.078334 1.264492 -1
1 0.050641 9.822554 0.781265 1.170270 -0.286574 -1
1 0.050640 0.209937 0.781264 1.170270 1.264492 -1
96
0.802143 -0.251961 -0.541371
0.951057 -0.309016 0.000000
0.983105 -0.155709 -0.096222
0.778125 -0.123243 -0.615899
0.633115 -0.169381 -0.755299
0.651367 -0.103166 -0.751717
0.142277 -0.022535 -0.989570
-0.237648 0.037640 -0.970622
-0.130331 0.058471 -0.989745
0.133022 -0.051121 -0.989794
-0.618482 0.213154 -0.756337
-0.720044 0.114044 -0.684493
-0.911061 0.300518 -0.282235
-0.970610 0.153729 -0.185157
-0.913704 0.292384 0.282236
-0.917470 0.145313 0.370314
-0.625651 0.191090 0.756337
-0.575029 0.091076 0.813048
-0.139808 0.029302 0.989745
-0.044971 0.007123 0.998963
0.390058 -0.141504 0.909853
0.499903 -0.079177 0.862455
0.797047 -0.267647 0.541370
0.880859 -0.139515 0.452354
0.685023 -0.487505 -0.541371
0.809016 -0.587786 -0.000002
0.549787 -0.356734 -0.755298
-0.105884 0.095884 -0.989745
0.110714 -0.089725 -0.989794
-0.522343 0.393843 -0.756337
-0.773605 0.567343 -0.282235
-0.778632 0.560424 0.282237
-0.535979 0.375075 0.756337
-0.123910 0.071071 0.989745
0.327240 -0.255111 0.909853
0.675330 -0.500847 0.541370
0.500845 -0.675330 -0.541372
0.587784 -0.809018 0.000000
0.412641 -0.509168 -0.755298
-0.071072 0.123912 -0.989745
0.077569 -0.119546 -0.989794
-0.375073 0.535980 -0.756337
-0.560423 0.778633 -0.282235
-0.567342 0.773605 0.282237
-0.393843 0.522343 0.756337
-0.095884 0.105884 0.989745
0.232388 -0.343749 0.909853
0.487505 -0.685022 0.541372
0.267647 -0.797047 -0.541369
0.309016 -0.951057 -0.000001
0.235101 -0.611761 -0.755299
-0.029303 0.139810 -0.989745
0.036830 -0.137665 -0.989794
-0.191089 0.625651 -0.756337
-0.292384 0.913704 -0.282235
-0.300518 0.911061 0.282236
-0.213154 0.618481 0.756337
-0.058472 0.130332 0.989745
0.114791 -0.398737 0.909853
0.251961 -0.802143 0.541371
0.139518 -0.880858 -0.452353
0.155708 -0.983106 0.096220
0.103169 -0.651368 -0.751715
-0.007123 0.044973 -0.998963
0.022534 -0.142276 -0.989570
-0.091076 0.575029 -0.813048
-0.145315 0.917470 -0.370315
-0.153732 0.970610 0.185158
-0.114045 0.720043 0.684494
-0.037640 0.237648 0.970622
0.051282 -0.323785 0.944740
0.123248 -0.778124 0.615901
0.889917 -0.000000 -0.456123
0.995244 -0.000000 0.097410
0.995244 -0.000000 -0.097410
0.784589 -0.000000 -0.620016
0.654861 -0.000000 -0.755749
0.654861 -0.000000 -0.755749
0.142314 0.000000 -0.989822
-0.238056 0.000000 -0.971251
-0.045220 0.000000 -0.998977
0.142313 -0.000000 -0.989822
-0.578129 0.000000 -0.815945
-0.725365 0.000000 -0.688365
-0.927487 0.000000 -0.373856
-0.982374 0.000000 -0.186928
-0.982373 0.000000 0.186929
-0.927486 0.000000 0.373857
-0.725364 0.000000 0.688366
-0.578128 0.000000 0.815946
-0.238055 -0.000000 0.971252
-0.045220 -0.000000 0.998977
0.324832 -0.000000 0.945772
0.502047 -0.000000 0.864840
0.784590 -0.000000 0.620015
0.889917 -0.000000 0.456122
132
1 0 1 2 0 1 2 1
1 2 3 0 2 3 0 1
1 4 0 3 4 0 3 1
1 3 5 4 3 5 4 1
1 6 7 8 6 7 8 1
1 8 9 6 8 9 6 1
1 10 8 7 10 8 7 1
1 7 11 10 7 11 10 1
1 12 10 11 12 10 11 1
1 11 13 12 11 13 12 1
1 14 12 13 14 12 13 1
1 13 15 14 13 15 14 1
1 16 14 15 16 14 15 1
1 15 17 16 15 17 16 1
1 18 16 17 18 16 17 1
1 17 19 18 17 19 18 1
1 20 18 19 20 18 19 1
1 19 21 20 19 21 20 1
1 22 20 21 22 20 21 1
1 21 23 22 21 23 22 1
1 1 22 23 1 22 23 1
1 23 2 1 23 2 1 1
1 24 25 1 24 25 1 1
1 1 0 24 1 0 24 1
1 26 24 0 26 24 0 1
1 0 4 26 0 4 26 1
1 9 8 27 9 8 27 1
1 27 28 9 27 28 9 1
1 29 27 8 29 27 8 1
1 8 10 29 8 10 29 1
1 30 29 10 30 29 10 1
1 10 12 30 10 12 30 1
1 31 30 12 31 30 12 1
1 12 14 31 12 14 31 1
1 32 31 14 32 31 14 1
1 14 16 32 14 16 32 1
1 33 32 16 33 32 16 1
1 16 18 33 16 18 33 1
1 34 33 18 34 33 18 1
1 18 20 34 18 20 34 1
1 35 34 20 35 34 20 1
1 20 22 35 20 22 35 1
1 25 35 22 25 35 22 1
1 22 1 25 22 1 25 1
1 36 37 25 36 37 25 1
1 25 24 36 25 24 36 1
1 38 36 24 38 36 24 1
1 24 26 38 24 26 38 1
1 28 27 39 28 27 39 1
1 39 40 28 39 40 28 1
1 41 39 27 41 39 27 1
1 27 29 41 27 29 41 1
1 42 41 29 42 41 29 1
1 29 30 42 29 30 42 1
1 43 42 30 43 42 30 1
1 30 31 43 30 31 43 1
1 44 43 31 44 43 31 1
1 31 32 44 31 32 44 1
1 45 44 32 45 44 32 1
1 32 33 45 32 33 45 1
1 46 45 33 46 45 33 1
1 33 34 46 33 34 46 1
1 47 46 34 47 46 34 1
1 34 35 47 34 35 47 1
1 37 47 35 37 47 35 1
1 35 25 37 35 25 37 1
1 48 49 37 48 49 37 1
1 37 36 48 37 36 48 1
1 50 48 36 50 48 36 1
1 36 38 50 36 38 50 1
1 40 39 51 40 39 51 1
1 51 52 40 51 52 40 1
1 53 51 39 53 51 39 1
1 39 41 53 39 41 53 1
1 54 53 41 54 53 41 1
1 41 42 54 41 42 54 1
1 55 54 42 55 54 42 1
1 42 43 55 42 43 55 1
1 56 55 43 56 55 43 1
1 43 44 56 43 44 56 1
1 57 56 44 57 56 44 1
1 44 45 57 44 45 57 1
1 58 57 45 58 57 45 1
1 45 46 58 45 46 58 1
1 59 58 46 59 58 46 1
1 46 47 59 46 47 59 1
1 49 59 47 49 59 47 1
1 47 37 49 47 37 49 1
1 60 61 49 60 61 49 1
1 49 48 60 49 48 60 1
1 62 60 48 62 60 48 1
1 48 50 62 48 50 62 1
1 52 51 63 52 51 63 1
1 63 64 52 63 64 52 1
1 65 63 51 65 63 51 1
1 51 53 65 51 53 65 1
1 66 65 53 66 65 53 1
1 53 54 66 53 54 66 1
1 67 66 54 67 66 54 1
1 54 55 67 54 55 67 1
1 68 67 55 68 67 55 1
1 55 56 68 55 56 68 1
1 69 68 56 69 68 56 1
1 56 57 69 56 57 69 1
1 70 69 57 70 69 57 1
1 57 58 70 57 58 70 1
1 71 70 58 71 70 58 1
1 58 59 71 58 59 71 1
1 61 71 59 61 71 59 1
1 59 49 61 59 49 61 1
1 72 73 74 72 73 74 1
1 74 75 72 74 75 72 1
1 76 72 75 76 72 75 1
1 75 77 76 75 77 76 1
1 78 79 80 78 79 80 1
1 80 81 78 80 81 78 1
1 82 80 79 82 80 79 1
1 79 83 82 79 83 82 1
1 84 82 83 84 82 83 1
1 83 85 84 83 85 84 1
1 86 84 85 86 84 85 1
1 85 87 86 85 87 86 1
1 88 86 87 88 86 87 1
1 87 89 88 87 89 88 1
1 90 88 89 90 88 89 1
1 89 91 90 89 91 90 1
1 92 90 91 92 90 91 1
1 91 93 92 91 93 92 1
1 94 92 93 94 92 93 1
1 93 95 94 93 95 94 1
1 73 94 95 73 94 95 1
1 95 74 73 95 74 73 1
"MDL-Cylin2" 1 1
1014
1 0.841471 10.523033 0.230474 0.752960 0.412944 -1
1 0.841471 10.433580 0.535117 0.500000 0.412944 -1
1 0.636212 10.433580 0.535117 0.500000 0.583381 -1
1 0.636212 10.523033 0.230474 0.752960 0.583381 -1
1 0.636212 10.523033 0.230474 0.115863 0.583381 -1
1 0.636212 10.762985 0.022553 0.315108 0.583381 -1
1 0.841471 10.762985 0.022553 0.315108 0.412944 -1
1 0.841471 10.523033 0.230474 0.115863 0.412944 -1
1 0.841471 11.077259 -0.022632 0.576064 0.412944 -1
1 0.636212 11.077259 -0.022632 0.576064 0.583381 -1
1 0.841471 11.366072 0.109264 0.815878 0.412944 -1
1 0.636212 11.366072 0.109264 0.815878 0.583381 -1
1 0.636212 11.366072 0.109264 0.146393 0.583381 -1
1 0.636212 11.537725 0.376365 0.368181 0.583381 -1
1 0.841471 11.537725 0.376365 0.368181 0.412944 -1
1 0.841471 11.366072 0.109264 0.146393 0.412944 -1
1 0.841471 11.537725 0.693870 0.631819 0.412944 -1
1 0.636212 11.537725 0.693870 0.631819 0.583381 -1
1 0.841471 11.366070 0.960971 0.853607 0.412944 -1
1 0.636212 11.366070 0.960971 0.853607 0.583381 -1
1 0.636212 11.366070 0.960971 0.184122 0.583381 -1
1 0.636212 11.077259 1.092867 0.423936 0.583381 -1
1 0.841471 11.077259 1.092867 0.423936 0.412944 -1
1 0.841471 11.366070 0.960971 0.184122 0.412944 -1
1 0.841471 10.762985 1.047681 0.684892 0.412944 -1
1 0.636212 10.762985 1.047681 0.684892 0.583381 -1
1 0.841471 10.523031 0.839760 0.884137 0.412944 -1
1 0.636212 10.523031 0.839760 0.884137 0.583381 -1
1 0.636212 10.523031 0.839760 0.247040 0.583381 -1
1 0.841471 10.523031 0.839760 0.247040 0.412944 -1
1 0.636212 10.762985 1.047681 0.315108 0.925607 -1
1 0.636212 11.077259 1.092867 0.576064 0.963126 -1
1 0.636212 11.366070 0.960971 0.815878 0.853607 -1
1 0.636212 11.537725 0.693870 0.958412 0.631819 -1
1 0.636212 11.537725 0.376365 0.958412 0.368181 -1
1 0.636212 11.366072 0.109264 0.815878 0.146393 -1
1 0.636212 11.077259 -0.022632 0.576064 0.036874 -1
1 0.636212 10.762985 0.022553 0.315108 0.074394 -1
1 0.636212 10.523033 0.230474 0.115863 0.247040 -1
1 0.636212 10.433580 0.535117 0.041588 0.500000 -1
1 0.636212 10.523031 0.839760 0.115863 0.752960 -1
1 0.874846 10.559820 0.228432 0.754656 0.385231 -1
1 0.874846 10.532364 0.266220 0.723278 0.385231 -1
1 0.598411 10.532364 0.266220 0.723278 0.614769 -1
1 0.598411 10.559820 0.228432 0.754656 0.614769 -1
1 0.598411 10.559820 0.228432 0.146410 0.614769 -1
1 0.598411 10.604242 0.242866 0.183296 0.614769 -1
1 0.874846 10.604242 0.242865 0.183296 0.385231 -1
1 0.874846 10.559820 0.228432 0.146410 0.385231 -1
1 0.598411 10.604242 0.242866 0.257330 0.614769 -1
1 0.598411 10.604242 0.289575 0.296115 0.614769 -1
1 0.874846 10.604242 0.289575 0.296115 0.385231 -1
1 0.874846 10.604242 0.242865 0.257330 0.385231 -1
1 0.598411 10.604242 0.289575 0.816704 0.614769 -1
1 0.598411 10.559820 0.304009 0.853590 0.614769 -1
1 0.874846 10.559820 0.304009 0.853590 0.385231 -1
1 0.874846 10.604242 0.289575 0.816704 0.385231 -1
1 0.598411 10.559820 0.304009 0.691900 0.614769 -1
1 0.874846 10.559820 0.304009 0.691900 0.385231 -1
1 0.598411 10.604242 0.242866 0.272774 0.618547 -1
1 0.598411 10.559820 0.228432 0.309661 0.606562 -1
1 0.598411 10.532364 0.266220 0.332458 0.637940 -1
1 0.598411 10.604242 0.289575 0.272774 0.657332 -1
1 0.598411 10.559820 0.304009 0.309661 0.669318 -1
1 0.874846 10.772198 0.046666 0.905584 0.385231 -1
1 0.874846 10.744743 0.084455 0.874206 0.385231 -1
1 0.598411 10.744743 0.084455 0.874206 0.614769 -1
1 0.598411 10.772198 0.046667 0.905584 0.614769 -1
1 0.598411 10.772198 0.046667 0.322757 0.614769 -1
1 0.598411 10.816622 0.061100 0.359644 0.614769 -1
1 0.874846 10.816622 0.061100 0.359644 0.385231 -1
1 0.874846 10.772198 0.046666 0.322757 0.385231 -1
1 0.598411 10.816622 0.061100 0.106401 0.614769 -1
1 0.598411 10.816622 0.107810 0.145186 0.614769 -1
1 0.874846 10.816622 0.107810 0.145186 0.385231 -1
1 0.874846 10.816622 0.061100 0.106401 0.385231 -1
1 0.598411 10.816622 0.107810 0.640356 0.614769 -1
1 0.598411 10.772198 0.122244 0.677243 0.614769 -1
1 0.874846 10.772198 0.122244 0.677243 0.385231 -1
1 0.874846 10.816622 0.107810 0.640356 0.385231 -1
1 0.598411 10.772198 0.122244 0.842829 0.614769 -1
1 0.874846 10.772198 0.122244 0.842829 0.385231 -1
1 0.598411 10.816622 0.061100 0.359644 0.106401 -1
1 0.598411 10.772198 0.046667 0.322757 0.094416 -1
1 0.598411 10.744743 0.084455 0.299960 0.125794 -1
1 0.598411 10.816622 0.107810 0.359644 0.145186 -1
1 0.598411 10.772198 0.122244 0.322757 0.157171 -1
1 0.874846 11.056860 0.001157 0.943373 0.385231 -1
1 0.874846 11.029406 0.038946 0.911995 0.385231 -1
1 0.598411 11.029406 0.038946 0.911995 0.614769 -1
1 0.598411 11.056860 0.001157 0.943373 0.614769 -1
1 0.598411 11.056860 0.001157 0.559126 0.614769 -1
1 0.598411 11.101284 0.015591 0.596013 0.614769 -1
1 0.874846 11.101284 0.015591 0.596013 0.385231 -1
1 0.874846 11.056860 0.001157 0.559126 0.385231 -1
1 0.598411 11.101284 0.015591 0.068613 0.614769 -1
1 0.598411 11.101284 0.062300 0.107398 0.614769 -1
1 0.874846 11.101284 0.062300 0.107398 0.385231 -1
1 0.874846 11.101284 0.015591 0.068613 0.385231 -1
1 0.598411 11.101284 0.062300 0.403987 0.614769 -1
1 0.598411 11.056860 0.076735 0.440874 0.614769 -1
1 0.874846 11.056860 0.076735 0.440874 0.385231 -1
1 0.874846 11.101284 0.062300 0.403987 0.385231 -1
1 0.598411 11.056860 0.076735 0.880617 0.614769 -1
1 0.874846 11.056860 0.076735 0.880617 0.385231 -1
1 0.598411 11.101284 0.015591 -0.040802 0.491559 -1
1 0.598411 11.056860 0.001157 -0.003916 0.479574 -1
1 0.598411 11.029406 0.038946 0.018882 0.510951 -1
1 0.598411 11.101284 0.062300 -0.040802 0.530344 -1
1 0.598411 11.056860 0.076735 -0.003916 0.542329 -1
1 0.874846 11.311056 0.117406 0.846846 0.385231 -1
1 0.874846 11.283602 0.155195 0.815468 0.385231 -1
1 0.598411 11.283602 0.155195 0.815468 0.614769 -1
1 0.598411 11.311056 0.117406 0.846846 0.614769 -1
1 0.598411 11.311056 0.117406 0.770197 0.614769 -1
1 0.598411 11.355480 0.131840 0.807084 0.614769 -1
1 0.874846 11.355480 0.131840 0.807084 0.385231 -1
1 0.874846 11.311056 0.117406 0.770197 0.385231 -1
1 0.598411 11.355480 0.131840 0.165140 0.614769 -1
1 0.598411 11.355480 0.178550 0.203925 0.614769 -1
1 0.874846 11.355480 0.178550 0.203925 0.385231 -1
1 0.874846 11.355480 0.131840 0.165140 0.385231 -1
1 0.598411 11.355480 0.178550 0.192916 0.614769 -1
1 0.598411 11.311056 0.192983 0.229803 0.614769 -1
1 0.874846 11.311056 0.192983 0.229803 0.385231 -1
1 0.874846 11.355480 0.178550 0.192916 0.385231 -1
1 0.598411 11.311056 0.192983 0.784090 0.614769 -1
1 0.874846 11.311056 0.192983 0.784090 0.385231 -1
1 0.598411 11.355480 0.131840 0.260659 0.133540 -1
1 0.598411 11.311056 0.117406 0.297546 0.121555 -1
1 0.598411 11.283602 0.155195 0.320343 0.152933 -1
1 0.598411 11.355480 0.178550 0.260659 0.172325 -1
1 0.598411 11.311056 0.192983 0.297546 0.184311 -1
1 0.874846 11.457106 0.357797 0.647238 0.385231 -1
1 0.874846 11.429651 0.395585 0.615860 0.385231 -1
1 0.598411 11.429651 0.395585 0.615860 0.614769 -1
1 0.598411 11.457106 0.357797 0.647238 0.614769 -1
1 0.598411 11.457106 0.357797 0.891470 0.614769 -1
1 0.598411 11.501530 0.372231 0.928356 0.614769 -1
1 0.874846 11.501530 0.372230 0.928356 0.385231 -1
1 0.874846 11.457106 0.357797 0.891470 0.385231 -1
1 0.598411 11.501530 0.372231 0.364747 0.614769 -1
1 0.598411 11.501530 0.418940 0.403532 0.614769 -1
1 0.874846 11.501530 0.418940 0.403532 0.385231 -1
1 0.874846 11.501530 0.372230 0.364747 0.385231 -1
1 0.598411 11.501530 0.418940 0.071644 0.614769 -1
1 0.598411 11.457106 0.433374 0.108530 0.614769 -1
1 0.874846 11.457106 0.433374 0.108530 0.385231 -1
1 0.874846 11.501530 0.418940 0.071644 0.385231 -1
1 0.598411 11.457106 0.433374 0.584482 0.614769 -1
1 0.874846 11.457106 0.433374 0.584482 0.385231 -1
1 0.598411 11.501530 0.372231 0.017800 0.129257 -1
1 0.598411 11.457106 0.357797 0.054687 0.117272 -1
1 0.598411 11.429651 0.395585 0.077485 0.148650 -1
1 0.598411 11.501530 0.418940 0.017800 0.168042 -1
1 0.598411 11.457106 0.433374 0.054687 0.180028 -1
1 0.874846 11.457050 0.635018 0.417048 0.385231 -1
1 0.874846 11.429594 0.672807 0.385670 0.385231 -1
1 0.598411 11.429594 0.672807 0.385670 0.614769 -1
1 0.598411 11.457050 0.635018 0.417048 0.614769 -1
1 0.598411 11.457050 0.635018 0.891423 0.614769 -1
1 0.598411 11.501472 0.649452 0.928309 0.614769 -1
1 0.874846 11.501472 0.649452 0.928309 0.385231 -1
1 0.874846 11.457050 0.635018 0.891423 0.385231 -1
1 0.598411 11.501472 0.649452 0.594938 0.614769 -1
1 0.598411 11.501472 0.696162 0.633723 0.614769 -1
1 0.874846 11.501472 0.696161 0.633723 0.385231 -1
1 0.874846 11.501472 0.649452 0.594938 0.385231 -1
1 0.598411 11.501472 0.696162 0.071691 0.614769 -1
1 0.598411 11.457050 0.710595 0.108577 0.614769 -1
1 0.874846 11.457050 0.710595 0.108577 0.385231 -1
1 0.874846 11.501472 0.696161 0.071691 0.385231 -1
1 0.598411 11.457050 0.710595 0.354292 0.614769 -1
1 0.874846 11.457050 0.710595 0.354292 0.385231 -1
1 0.598411 11.501472 0.649452 0.001013 0.641902 -1
1 0.598411 11.457050 0.635018 0.037899 0.629917 -1
1 0.598411 11.429594 0.672807 0.060697 0.661294 -1
1 0.598411 11.501472 0.696162 0.001013 0.680687 -1
1 0.598411 11.457050 0.710595 0.037899 0.692672 -1
1 0.874846 11.303606 0.870420 0.221582 0.385231 -1
1 0.874846 11.276150 0.908208 0.190205 0.385231 -1
1 0.598411 11.276150 0.908208 0.190205 0.614769 -1
1 0.598411 11.303606 0.870420 0.221582 0.614769 -1
1 0.598411 11.303606 0.870420 0.764011 0.614769 -1
1 0.598411 11.348030 0.884853 0.800897 0.614769 -1
1 0.874846 11.348030 0.884853 0.800897 0.385231 -1
1 0.874846 11.303606 0.870420 0.764011 0.385231 -1
1 0.598411 11.348030 0.884853 0.790403 0.614769 -1
1 0.598411 11.348030 0.931563 0.829188 0.614769 -1
1 0.874846 11.348030 0.931563 0.829188 0.385231 -1
1 0.874846 11.348030 0.884853 0.790403 0.385231 -1
1 0.598411 11.348030 0.931563 0.199102 0.614769 -1
1 0.598411 11.303606 0.945997 0.235989 0.614769 -1
1 0.874846 11.303606 0.945997 0.235989 0.385231 -1
1 0.874846 11.348030 0.931563 0.199102 0.385231 -1
1 0.598411 11.303606 0.945997 0.158827 0.614769 -1
1 0.874846 11.303606 0.945997 0.158827 0.385231 -1
1 0.598411 11.348030 0.884853 0.293033 0.519372 -1
1 0.598411 11.303606 0.870420 0.329920 0.507387 -1
1 0.598411 11.276150 0.908208 0.352718 0.538765 -1
1 0.598411 11.348030 0.931563 0.293033 0.558157 -1
1 0.598411 11.303606 0.945997 0.329920 0.570143 -1
1 0.874846 11.056845 0.993018 0.119783 0.385231 -1
1 0.874846 11.029390 1.030806 0.088406 0.385231 -1
1 0.598411 11.029390 1.030806 0.088406 0.614769 -1
1 0.598411 11.056845 0.993018 0.119783 0.614769 -1
1 0.598411 11.056845 0.993018 0.559114 0.614769 -1
1 0.598411 11.101269 1.007451 0.596001 0.614769 -1
1 0.874846 11.101269 1.007451 0.596001 0.385231 -1
1 0.874846 11.056845 0.993018 0.559114 0.385231 -1
1 0.598411 11.101269 1.007451 0.892202 0.614769 -1
1 0.598411 11.101269 1.054161 0.930987 0.614769 -1
1 0.874846 11.101269 1.054161 0.930987 0.385231 -1
1 0.874846 11.101269 1.007451 0.892202 0.385231 -1
1 0.598411 11.101269 1.054161 0.403999 0.614769 -1
1 0.598411 11.056845 1.068595 0.440886 0.614769 -1
1 0.874846 11.056845 1.068595 0.440886 0.385231 -1
1 0.874846 11.101269 1.054161 0.403999 0.385231 -1
1 0.598411 11.056845 1.068595 0.057028 0.614769 -1
1 0.874846 11.056845 1.068595 0.057028 0.385231 -1
1 0.598411 11.101269 1.007451 0.357639 0.550090 -1
1 0.598411 11.056845 0.993018 0.394525 0.538105 -1
1 0.598411 11.029390 1.030806 0.417323 0.569483 -1
1 0.598411 11.101269 1.054161 0.357639 0.588875 -1
1 0.598411 11.056845 1.068595 0.394525 0.600860 -1
1 0.874846 10.787981 0.943226 0.161127 0.385231 -1
1 0.874846 10.760525 0.981016 0.129749 0.385231 -1
1 0.598411 10.760525 0.981016 0.129749 0.614769 -1
1 0.598411 10.787981 0.943226 0.161127 0.614769 -1
1 0.598411 10.787981 0.943226 0.335862 0.614769 -1
1 0.598411 10.832403 0.957661 0.372749 0.614769 -1
1 0.874846 10.832403 0.957661 0.372749 0.385231 -1
1 0.874846 10.787981 0.943226 0.335862 0.385231 -1
1 0.598411 10.832403 0.957661 0.850858 0.614769 -1
1 0.598411 10.832403 1.004370 0.889643 0.614769 -1
1 0.874846 10.832403 1.004370 0.889643 0.385231 -1
1 0.874846 10.832403 0.957661 0.850858 0.385231 -1
1 0.598411 10.832403 1.004370 0.627251 0.614769 -1
1 0.598411 10.787981 1.018804 0.664138 0.614769 -1
1 0.874846 10.787981 1.018804 0.664138 0.385231 -1
1 0.874846 10.832403 1.004370 0.627251 0.385231 -1
1 0.598411 10.787981 1.018804 0.098371 0.614769 -1
1 0.874846 10.787981 1.018804 0.098371 0.385231 -1
1 0.598411 10.832403 0.957661 0.204908 0.534934 -1
1 0.598411 10.787981 0.943226 0.241795 0.522949 -1
1 0.598411 10.760525 0.981016 0.264592 0.554327 -1
1 0.598411 10.832403 1.004370 0.204908 0.573719 -1
1 0.598411 10.787981 1.018804 0.241795 0.585705 -1
1 0.874846 10.575603 0.762614 0.311098 0.385231 -1
1 0.874846 10.548149 0.800403 0.279720 0.385231 -1
1 0.598411 10.548149 0.800403 0.279720 0.614769 -1
1 0.598411 10.575603 0.762614 0.311098 0.614769 -1
1 0.598411 10.575603 0.762614 0.159516 0.614769 -1
1 0.598411 10.620028 0.777049 0.196403 0.614769 -1
1 0.874846 10.620028 0.777049 0.196403 0.385231 -1
1 0.874846 10.575603 0.762614 0.159516 0.385231 -1
1 0.598411 10.620028 0.777049 0.700887 0.614769 -1
1 0.598411 10.620028 0.823758 0.739672 0.614769 -1
1 0.874846 10.620028 0.823758 0.739672 0.385231 -1
1 0.874846 10.620028 0.777049 0.700887 0.385231 -1
1 0.598411 10.620028 0.823758 0.803597 0.614769 -1
1 0.598411 10.575603 0.838192 0.840484 0.614769 -1
1 0.874846 10.575603 0.838192 0.840484 0.385231 -1
1 0.874846 10.620028 0.823758 0.803597 0.385231 -1
1 0.598411 10.575603 0.838192 0.248342 0.614769 -1
1 0.874846 10.575603 0.838192 0.248342 0.385231 -1
1 0.598411 10.620028 0.777049 0.375642 0.622524 -1
1 0.598411 10.575603 0.762614 0.412529 0.610539 -1
1 0.598411 10.548149 0.800403 0.435327 0.641917 -1
1 0.598411 10.620028 0.823758 0.375642 0.661309 -1
1 0.598411 10.575603 0.838192 0.412529 0.673294 -1
1 0.874846 10.498203 0.496391 0.532156 0.385231 -1
1 0.874846 10.470749 0.534180 0.500778 0.385231 -1
1 0.598411 10.470749 0.534180 0.500778 0.614769 -1
1 0.598411 10.498203 0.496391 0.532156 0.614769 -1
1 0.598411 10.498203 0.496391 0.095247 0.614769 -1
1 0.598411 10.542627 0.510825 0.132134 0.614769 -1
1 0.874846 10.542627 0.510825 0.132134 0.385231 -1
1 0.874846 10.498203 0.496391 0.095247 0.385231 -1
1 0.598411 10.542627 0.510825 0.479829 0.614769 -1
1 0.598411 10.542627 0.557535 0.518614 0.614769 -1
1 0.874846 10.542627 0.557535 0.518614 0.385231 -1
1 0.874846 10.542627 0.510825 0.479829 0.385231 -1
1 0.598411 10.542627 0.557535 0.867866 0.614769 -1
1 0.598411 10.498203 0.571968 0.904753 0.614769 -1
1 0.874846 10.498203 0.571968 0.904753 0.385231 -1
1 0.874846 10.542627 0.557535 0.867866 0.385231 -1
1 0.598411 10.498203 0.571968 0.469400 0.614769 -1
1 0.874846 10.498203 0.571968 0.469400 0.385231 -1
1 0.598411 10.542627 0.510825 0.286526 0.145200 -1
1 0.598411 10.498203 0.496391 0.323413 0.133215 -1
1 0.598411 10.470749 0.534180 0.346210 0.164592 -1
1 0.598411 10.542627 0.557535 0.286526 0.183985 -1
1 0.598411 10.498203 0.571968 0.323413 0.195970 -1
1 0.139849 10.028402 0.241321 0.752960 0.412944 -1
1 0.229300 10.028402 0.545964 0.500000 0.412944 -1
1 0.229300 9.823143 0.545964 0.500000 0.583381 -1
1 0.139849 9.823143 0.241321 0.752960 0.583381 -1
1 0.139849 9.823143 0.241321 0.115863 0.583381 -1
1 -0.100105 9.823143 0.033400 0.315108 0.583381 -1
1 -0.100105 10.028402 0.033400 0.315108 0.412944 -1
1 0.139849 10.028402 0.241321 0.115863 0.412944 -1
1 -0.414378 10.028402 -0.011785 0.576064 0.412944 -1
1 -0.414378 9.823143 -0.011785 0.576064 0.583381 -1
1 -0.703190 10.028402 0.120111 0.815878 0.412944 -1
1 -0.703190 9.823143 0.120111 0.815878 0.583381 -1
1 -0.703190 9.823143 0.120111 0.146393 0.583381 -1
1 -0.874845 9.823143 0.387212 0.368181 0.583381 -1
1 -0.874845 10.028402 0.387212 0.368181 0.412944 -1
1 -0.703190 10.028402 0.120111 0.146393 0.412944 -1
1 -0.874845 10.028402 0.704717 0.631819 0.412944 -1
1 -0.874845 9.823143 0.704717 0.631819 0.583381 -1
1 -0.703189 10.028402 0.971818 0.853607 0.412944 -1
1 -0.703189 9.823143 0.971818 0.853607 0.583381 -1
1 -0.703189 9.823143 0.971818 0.184122 0.583381 -1
1 -0.414377 9.823143 1.103714 0.423936 0.583381 -1
1 -0.414377 10.028402 1.103714 0.423936 0.412944 -1
1 -0.703189 10.028402 0.971818 0.184122 0.412944 -1
1 -0.100104 10.028402 1.058528 0.684892 0.412944 -1
1 -0.100104 9.823143 1.058528 0.684892 0.583381 -1
1 0.139849 10.028402 0.850607 0.884137 0.412944 -1
1 0.139849 9.823143 0.850607 0.884137 0.583381 -1
1 0.139849 9.823143 0.850607 0.247040 0.583381 -1
1 0.139849 10.028402 0.850607 0.247040 0.412944 -1
1 -0.100104 9.823143 1.058528 0.315108 0.925607 -1
1 -0.414377 9.823143 1.103714 0.576064 0.963126 -1
1 -0.703189 9.823143 0.971818 0.815878 0.853607 -1
1 -0.874845 9.823143 0.704717 0.958412 0.631819 -1
1 -0.874845 9.823143 0.387212 0.958412 0.368181 -1
1 -0.703190 9.823143 0.120111 0.815878 0.146393 -1
1 -0.414378 9.823143 -0.011785 0.576064 0.036874 -1
1 -0.100105 9.823143 0.033400 0.315108 0.074394 -1
1 0.139849 9.823143 0.241321 0.115863 0.247040 -1
1 0.229300 9.823143 0.545964 0.041588 0.500000 -1
1 0.139849 9.823143 0.850607 0.115863 0.752960 -1
1 0.139849 10.028402 0.241321 0.884137 0.247040 -1
1 -0.100105 10.028402 0.033400 0.684892 0.074394 -1
1 -0.414378 10.028402 -0.011785 0.423936 0.036874 -1
1 -0.703190 10.028402 0.120111 0.184122 0.146393 -1
1 -0.874845 10.028402 0.387212 0.041588 0.368181 -1
1 -0.874845 10.028402 0.704717 0.041588 0.631819 -1
1 -0.703189 10.028402 0.971818 0.184122 0.853607 -1
1 -0.414377 10.028402 1.103714 0.423936 0.963126 -1
1 -0.100104 10.028402 1.058528 0.684892 0.925607 -1
1 0.139849 10.028402 0.850607 0.884137 0.752960 -1
1 0.229300 10.028402 0.545964 0.958412 0.500000 -1
1 0.103061 10.061777 0.239279 0.754656 0.385231 -1
1 0.130516 10.061777 0.277067 0.723278 0.385231 -1
1 0.130516 9.785341 0.277067 0.723278 0.614769 -1
1 0.103061 9.785341 0.239279 0.754656 0.614769 -1
1 0.103061 9.785341 0.239279 0.146410 0.614769 -1
1 0.058638 9.785341 0.253712 0.183296 0.614769 -1
1 0.058638 10.061777 0.253712 0.183296 0.385231 -1
1 0.103061 10.061777 0.239279 0.146410 0.385231 -1
1 0.058638 9.785341 0.253712 0.257330 0.614769 -1
1 0.058638 9.785341 0.300422 0.296115 0.614769 -1
1 0.058638 10.061777 0.300422 0.296115 0.385231 -1
1 0.058638 10.061777 0.253712 0.257330 0.385231 -1
1 0.058638 9.785341 0.300422 0.816704 0.614769 -1
1 0.103061 9.785341 0.314856 0.853590 0.614769 -1
1 0.103061 10.061777 0.314856 0.853590 0.385231 -1
1 0.058638 10.061777 0.300422 0.816704 0.385231 -1
1 0.103061 9.785341 0.314856 0.691900 0.614769 -1
1 0.103061 10.061777 0.314856 0.691900 0.385231 -1
1 0.058638 9.785341 0.253712 0.183296 0.257330 -1
1 0.103061 9.785341 0.239279 0.146410 0.245344 -1
1 0.130516 9.785341 0.277067 0.123612 0.276722 -1
1 0.058638 9.785341 0.300422 0.183296 0.296115 -1
1 0.103061 9.785341 0.314856 0.146410 0.308100 -1
1 0.058638 10.061777 0.253712 0.816704 0.257330 -1
1 0.058638 10.061777 0.300422 0.816704 0.296115 -1
1 0.103061 10.061777 0.314856 0.853590 0.308100 -1
1 0.103061 10.061777 0.239279 0.853590 0.245344 -1
1 0.130516 10.061777 0.277067 0.876388 0.276722 -1
1 -0.109317 10.061777 0.057513 0.905584 0.385231 -1
1 -0.081862 10.061777 0.095302 0.874206 0.385231 -1
1 -0.081862 9.785341 0.095302 0.874206 0.614769 -1
1 -0.109317 9.785341 0.057513 0.905584 0.614769 -1
1 -0.109317 9.785341 0.057513 0.322757 0.614769 -1
1 -0.153740 9.785341 0.071947 0.359644 0.614769 -1
1 -0.153740 10.061777 0.071947 0.359644 0.385231 -1
1 -0.109317 10.061777 0.057513 0.322757 0.385231 -1
1 -0.153740 9.785341 0.071947 0.106401 0.614769 -1
1 -0.153740 9.785341 0.118656 0.145186 0.614769 -1
1 -0.153740 10.061777 0.118656 0.145186 0.385231 -1
1 -0.153740 10.061777 0.071947 0.106401 0.385231 -1
1 -0.153740 9.785341 0.118656 0.640356 0.614769 -1
1 -0.109317 9.785341 0.133091 0.677243 0.614769 -1
1 -0.109317 10.061777 0.133091 0.677243 0.385231 -1
1 -0.153740 10.061777 0.118656 0.640356 0.385231 -1
1 -0.109317 9.785341 0.133091 0.842829 0.614769 -1
1 -0.109317 10.061777 0.133091 0.842829 0.385231 -1
1 -0.153740 9.785341 0.071947 0.359644 0.106401 -1
1 -0.109317 9.785341 0.057513 0.322757 0.094416 -1
1 -0.081862 9.785341 0.095302 0.299960 0.125794 -1
1 -0.153740 9.785341 0.118656 0.359644 0.145186 -1
1 -0.109317 9.785341 0.133091 0.322757 0.157171 -1
1 -0.153740 10.061777 0.071947 0.640356 0.106401 -1
1 -0.153740 10.061777 0.118656 0.640356 0.145186 -1
1 -0.109317 10.061777 0.133091 0.677243 0.157171 -1
1 -0.109317 10.061777 0.057513 0.677243 0.094416 -1
1 -0.081862 10.061777 0.095302 0.700040 0.125794 -1
1 -0.393979 10.061777 0.012004 0.943373 0.385231 -1
1 -0.366524 10.061777 0.049792 0.911995 0.385231 -1
1 -0.366524 9.785341 0.049792 0.911995 0.614769 -1
1 -0.393979 9.785341 0.012004 0.943373 0.614769 -1
1 -0.393979 9.785341 0.012004 0.559126 0.614769 -1
1 -0.438402 9.785341 0.026438 0.596013 0.614769 -1
1 -0.438402 10.061777 0.026438 0.596013 0.385231 -1
1 -0.393979 10.061777 0.012004 0.559126 0.385231 -1
1 -0.438402 9.785341 0.026438 0.068613 0.614769 -1
1 -0.438402 9.785341 0.073147 0.107398 0.614769 -1
1 -0.438402 10.061777 0.073148 0.107398 0.385231 -1
1 -0.438402 10.061777 0.026438 0.068613 0.385231 -1
1 -0.438402 9.785341 0.073147 0.403987 0.614769 -1
1 -0.393979 9.785341 0.087581 0.440874 0.614769 -1
1 -0.393979 10.061777 0.087581 0.440874 0.385231 -1
1 -0.438402 10.061777 0.073148 0.403987 0.385231 -1
1 -0.393979 9.785341 0.087581 0.880617 0.614769 -1
1 -0.393979 10.061777 0.087581 0.880617 0.385231 -1
1 -0.438402 9.785341 0.026438 0.596013 0.068613 -1
1 -0.393979 9.785341 0.012004 0.559126 0.056627 -1
1 -0.366524 9.785341 0.049792 0.536329 0.088005 -1
1 -0.438402 9.785341 0.073147 0.596013 0.107398 -1
1 -0.393979 9.785341 0.087581 0.559126 0.119383 -1
1 -0.438402 10.061777 0.026438 0.403987 0.068613 -1
1 -0.438402 10.061777 0.073148 0.403987 0.107398 -1
1 -0.393979 10.061777 0.087581 0.440874 0.119383 -1
1 -0.393979 10.061777 0.012004 0.440874 0.056627 -1
1 -0.366524 10.061777 0.049792 0.463671 0.088005 -1
1 -0.648175 10.061777 0.128253 0.846846 0.385231 -1
1 -0.620720 10.061777 0.166042 0.815468 0.385231 -1
1 -0.620720 9.785341 0.166042 0.815468 0.614769 -1
1 -0.648175 9.785341 0.128253 0.846846 0.614769 -1
1 -0.648175 9.785341 0.128253 0.770197 0.614769 -1
1 -0.692598 9.785341 0.142687 0.807084 0.614769 -1
1 -0.692598 10.061777 0.142687 0.807084 0.385231 -1
1 -0.648175 10.061777 0.128253 0.770197 0.385231 -1
1 -0.692598 9.785341 0.142687 0.165140 0.614769 -1
1 -0.692598 9.785341 0.189397 0.203925 0.614769 -1
1 -0.692598 10.061777 0.189397 0.203925 0.385231 -1
1 -0.692598 10.061777 0.142687 0.165140 0.385231 -1
1 -0.692598 9.785341 0.189397 0.192916 0.614769 -1
1 -0.648175 9.785341 0.203830 0.229803 0.614769 -1
1 -0.648175 10.061777 0.203830 0.229803 0.385231 -1
1 -0.692598 10.061777 0.189397 0.192916 0.385231 -1
1 -0.648175 9.785341 0.203830 0.784090 0.614769 -1
1 -0.648175 10.061777 0.203830 0.784090 0.385231 -1
1 -0.692598 9.785341 0.142687 0.807084 0.165140 -1
1 -0.648175 9.785341 0.128253 0.770197 0.153154 -1
1 -0.620720 9.785341 0.166042 0.747400 0.184532 -1
1 -0.692598 9.785341 0.189397 0.807084 0.203925 -1
1 -0.648175 9.785341 0.203830 0.770197 0.215910 -1
1 -0.692598 10.061777 0.142687 0.192916 0.165140 -1
1 -0.692598 10.061777 0.189397 0.192916 0.203925 -1
1 -0.648175 10.061777 0.203830 0.229803 0.215910 -1
1 -0.648175 10.061777 0.128253 0.229803 0.153154 -1
1 -0.620720 10.061777 0.166042 0.252600 0.184532 -1
1 -0.794225 10.061777 0.368644 0.647238 0.385231 -1
1 -0.766770 10.061777 0.406432 0.615860 0.385231 -1
1 -0.766769 9.785341 0.406432 0.615860 0.614769 -1
1 -0.794225 9.785341 0.368644 0.647238 0.614769 -1
1 -0.794225 9.785341 0.368644 0.891470 0.614769 -1
1 -0.838648 9.785341 0.383077 0.928356 0.614769 -1
1 -0.838648 10.061777 0.383077 0.928356 0.385231 -1
1 -0.794225 10.061777 0.368644 0.891470 0.385231 -1
1 -0.838648 9.785341 0.383077 0.364747 0.614769 -1
1 -0.838648 9.785341 0.429787 0.403532 0.614769 -1
1 -0.838648 10.061777 0.429787 0.403532 0.385231 -1
1 -0.838648 10.061777 0.383077 0.364747 0.385231 -1
1 -0.838648 9.785341 0.429787 0.071644 0.614769 -1
1 -0.794225 9.785341 0.444221 0.108530 0.614769 -1
1 -0.794225 10.061777 0.444221 0.108530 0.385231 -1
1 -0.838648 10.061777 0.429787 0.071644 0.385231 -1
1 -0.794225 9.785341 0.444221 0.584482 0.614769 -1
1 -0.794225 10.061777 0.444221 0.584482 0.385231 -1
1 -0.838648 9.785341 0.383077 0.928356 0.364747 -1
1 -0.794225 9.785341 0.368644 0.891470 0.352762 -1
1 -0.766769 9.785341 0.406432 0.868672 0.384140 -1
1 -0.838648 9.785341 0.429787 0.928356 0.403532 -1
1 -0.794225 9.785341 0.444221 0.891470 0.415518 -1
1 -0.838648 10.061777 0.383077 0.071644 0.364747 -1
1 -0.838648 10.061777 0.429787 0.071644 0.403532 -1
1 -0.794225 10.061777 0.444221 0.108530 0.415518 -1
1 -0.794225 10.061777 0.368644 0.108530 0.352762 -1
1 -0.766770 10.061777 0.406432 0.131328 0.384140 -1
1 -0.794168 10.061777 0.645865 0.417048 0.385231 -1
1 -0.766713 10.061777 0.683654 0.385670 0.385231 -1
1 -0.766713 9.785341 0.683654 0.385670 0.614769 -1
1 -0.794168 9.785341 0.645865 0.417048 0.614769 -1
1 -0.794168 9.785341 0.645865 0.891423 0.614769 -1
1 -0.838591 9.785341 0.660299 0.928309 0.614769 -1
1 -0.838591 10.061777 0.660299 0.928309 0.385231 -1
1 -0.794168 10.061777 0.645865 0.891423 0.385231 -1
1 -0.838591 9.785341 0.660299 0.594938 0.614769 -1
1 -0.838591 9.785341 0.707008 0.633723 0.614769 -1
1 -0.838591 10.061777 0.707008 0.633723 0.385231 -1
1 -0.838591 10.061777 0.660299 0.594938 0.385231 -1
1 -0.838591 9.785341 0.707008 0.071691 0.614769 -1
1 -0.794168 9.785341 0.721442 0.108577 0.614769 -1
1 -0.794168 10.061777 0.721442 0.108577 0.385231 -1
1 -0.838591 10.061777 0.707008 0.071691 0.385231 -1
1 -0.794168 9.785341 0.721442 0.354292 0.614769 -1
1 -0.794168 10.061777 0.721442 0.354292 0.385231 -1
1 -0.838591 9.785341 0.660299 0.928309 0.594938 -1
1 -0.794168 9.785341 0.645865 0.891423 0.582952 -1
1 -0.766713 9.785341 0.683654 0.868625 0.614330 -1
1 -0.838591 9.785341 0.707008 0.928309 0.633723 -1
1 -0.794168 9.785341 0.721442 0.891423 0.645708 -1
1 -0.838591 10.061777 0.660299 0.071691 0.594938 -1
1 -0.838591 10.061777 0.707008 0.071691 0.633723 -1
1 -0.794168 10.061777 0.721442 0.108577 0.645708 -1
1 -0.794168 10.061777 0.645865 0.108577 0.582952 -1
1 -0.766713 10.061777 0.683654 0.131375 0.614330 -1
1 -0.640724 10.061777 0.881266 0.221582 0.385231 -1
1 -0.613269 10.061777 0.919055 0.190205 0.385231 -1
1 -0.613269 9.785341 0.919055 0.190205 0.614769 -1
1 -0.640724 9.785341 0.881266 0.221582 0.614769 -1
1 -0.640724 9.785341 0.881266 0.764011 0.614769 -1
1 -0.685148 9.785341 0.895700 0.800897 0.614769 -1
1 -0.685148 10.061777 0.895700 0.800897 0.385231 -1
1 -0.640724 10.061777 0.881266 0.764011 0.385231 -1
1 -0.685148 9.785341 0.895700 0.790403 0.614769 -1
1 -0.685148 9.785341 0.942410 0.829188 0.614769 -1
1 -0.685148 10.061777 0.942410 0.829188 0.385231 -1
1 -0.685148 10.061777 0.895700 0.790403 0.385231 -1
1 -0.685148 9.785341 0.942410 0.199102 0.614769 -1
1 -0.640724 9.785341 0.956844 0.235989 0.614769 -1
1 -0.640724 10.061777 0.956844 0.235989 0.385231 -1
1 -0.685148 10.061777 0.942410 0.199102 0.385231 -1
1 -0.640724 9.785341 0.956844 0.158827 0.614769 -1
1 -0.640724 10.061777 0.956844 0.158827 0.385231 -1
1 -0.685148 9.785341 0.895700 0.800897 0.790403 -1
1 -0.640724 9.785341 0.881266 0.764011 0.778418 -1
1 -0.613269 9.785341 0.919055 0.741213 0.809795 -1
1 -0.685148 9.785341 0.942410 0.800897 0.829188 -1
1 -0.640724 9.785341 0.956844 0.764011 0.841173 -1
1 -0.685148 10.061777 0.895700 0.199103 0.790403 -1
1 -0.685148 10.061777 0.942410 0.199102 0.829188 -1
1 -0.640724 10.061777 0.956844 0.235989 0.841173 -1
1 -0.640724 10.061777 0.881266 0.235989 0.778418 -1
1 -0.613269 10.061777 0.919055 0.258787 0.809795 -1
1 -0.393964 10.061777 1.003864 0.119783 0.385231 -1
1 -0.366509 10.061777 1.041653 0.088406 0.385231 -1
1 -0.366509 9.785341 1.041653 0.088406 0.614769 -1
1 -0.393964 9.785341 1.003864 0.119783 0.614769 -1
1 -0.393964 9.785341 1.003864 0.559114 0.614769 -1
1 -0.438387 9.785341 1.018298 0.596001 0.614769 -1
1 -0.438387 10.061777 1.018298 0.596001 0.385231 -1
1 -0.393964 10.061777 1.003864 0.559114 0.385231 -1
1 -0.438387 9.785341 1.018298 0.892202 0.614769 -1
1 -0.438387 9.785341 1.065008 0.930987 0.614769 -1
1 -0.438387 10.061777 1.065008 0.930987 0.385231 -1
1 -0.438387 10.061777 1.018298 0.892202 0.385231 -1
1 -0.438387 9.785341 1.065008 0.403999 0.614769 -1
1 -0.393964 9.785341 1.079442 0.440886 0.614769 -1
1 -0.393964 10.061777 1.079442 0.440886 0.385231 -1
1 -0.438387 10.061777 1.065008 0.403999 0.385231 -1
1 -0.393964 9.785341 1.079442 0.057028 0.614769 -1
1 -0.393964 10.061777 1.079442 0.057028 0.385231 -1
1 -0.438387 9.785341 1.018298 0.596001 0.892202 -1
1 -0.393964 9.785341 1.003864 0.559114 0.880217 -1
1 -0.366509 9.785341 1.041653 0.536317 0.911594 -1
1 -0.438387 9.785341 1.065008 0.596001 0.930987 -1
1 -0.393964 9.785341 1.079442 0.559114 0.942972 -1
1 -0.438387 10.061777 1.018298 0.403999 0.892202 -1
1 -0.438387 10.061777 1.065008 0.403999 0.930987 -1
1 -0.393964 10.061777 1.079442 0.440886 0.942972 -1
1 -0.393964 10.061777 1.003864 0.440886 0.880217 -1
1 -0.366509 10.061777 1.041653 0.463683 0.911594 -1
1 -0.125098 10.061777 0.954073 0.161127 0.385231 -1
1 -0.097643 10.061777 0.991862 0.129749 0.385231 -1
1 -0.097644 9.785341 0.991862 0.129749 0.614769 -1
1 -0.125098 9.785341 0.954073 0.161127 0.614769 -1
1 -0.125098 9.785341 0.954073 0.335862 0.614769 -1
1 -0.169522 9.785341 0.968508 0.372749 0.614769 -1
1 -0.169522 10.061777 0.968508 0.372749 0.385231 -1
1 -0.125098 10.061777 0.954073 0.335862 0.385231 -1
1 -0.169522 9.785341 0.968508 0.850858 0.614769 -1
1 -0.169522 9.785341 1.015217 0.889643 0.614769 -1
1 -0.169522 10.061777 1.015217 0.889643 0.385231 -1
1 -0.169522 10.061777 0.968508 0.850858 0.385231 -1
1 -0.169522 9.785341 1.015217 0.627251 0.614769 -1
1 -0.125098 9.785341 1.029651 0.664138 0.614769 -1
1 -0.125099 10.061777 1.029651 0.664138 0.385231 -1
1 -0.169522 10.061777 1.015217 0.627251 0.385231 -1
1 -0.125098 9.785341 1.029651 0.098371 0.614769 -1
1 -0.125099 10.061777 1.029651 0.098371 0.385231 -1
1 -0.169522 9.785341 0.968508 0.372749 0.850858 -1
1 -0.125098 9.785341 0.954073 0.335862 0.838873 -1
1 -0.097644 9.785341 0.991862 0.313065 0.870251 -1
1 -0.169522 9.785341 1.015217 0.372749 0.889643 -1
1 -0.125098 9.785341 1.029651 0.335862 0.901629 -1
1 -0.169522 10.061777 0.968508 0.627251 0.850858 -1
1 -0.169522 10.061777 1.015217 0.627251 0.889643 -1
1 -0.125099 10.061777 1.029651 0.664138 0.901629 -1
1 -0.125098 10.061777 0.954073 0.664138 0.838873 -1
1 -0.097643 10.061777 0.991862 0.686935 0.870251 -1
1 0.087277 10.061777 0.773461 0.311098 0.385231 -1
1 0.114732 10.061777 0.811250 0.279720 0.385231 -1
1 0.114732 9.785341 0.811250 0.279720 0.614769 -1
1 0.087277 9.785341 0.773461 0.311098 0.614769 -1
1 0.087277 9.785341 0.773461 0.159516 0.614769 -1
1 0.042854 9.785341 0.787895 0.196403 0.614769 -1
1 0.042854 10.061777 0.787895 0.196403 0.385231 -1
1 0.087277 10.061777 0.773461 0.159516 0.385231 -1
1 0.042854 9.785341 0.787895 0.700887 0.614769 -1
1 0.042854 9.785341 0.834605 0.739672 0.614769 -1
1 0.042854 10.061777 0.834605 0.739672 0.385231 -1
1 0.042854 10.061777 0.787895 0.700887 0.385231 -1
1 0.042854 9.785341 0.834605 0.803597 0.614769 -1
1 0.087277 9.785341 0.849038 0.840484 0.614769 -1
1 0.087277 10.061777 0.849038 0.840484 0.385231 -1
1 0.042854 10.061777 0.834605 0.803597 0.385231 -1
1 0.087277 9.785341 0.849038 0.248342 0.614769 -1
1 0.087277 10.061777 0.849038 0.248342 0.385231 -1
1 0.042854 9.785341 0.787895 0.196403 0.700887 -1
1 0.087277 9.785341 0.773461 0.159516 0.688902 -1
1 0.114732 9.785341 0.811250 0.136719 0.720280 -1
1 0.042854 9.785341 0.834605 0.196403 0.739672 -1
1 0.087277 9.785341 0.849038 0.159516 0.751658 -1
1 0.042854 10.061777 0.787895 0.803597 0.700887 -1
1 0.042854 10.061777 0.834605 0.803597 0.739672 -1
1 0.087277 10.061777 0.849038 0.840484 0.751658 -1
1 0.087277 10.061777 0.773461 0.840484 0.688902 -1
1 0.114732 10.061777 0.811250 0.863281 0.720280 -1
1 0.164677 10.061777 0.507238 0.532156 0.385231 -1
1 0.192132 10.061777 0.545027 0.500778 0.385231 -1
1 0.192132 9.785341 0.545027 0.500778 0.614769 -1
1 0.164677 9.785341 0.507238 0.532156 0.614769 -1
1 0.164677 9.785341 0.507238 0.095247 0.614769 -1
1 0.120254 9.785341 0.521672 0.132134 0.614769 -1
1 0.120254 10.061777 0.521672 0.132134 0.385231 -1
1 0.164677 10.061777 0.507238 0.095247 0.385231 -1
1 0.120254 9.785341 0.521672 0.479829 0.614769 -1
1 0.120254 9.785341 0.568381 0.518614 0.614769 -1
1 0.120254 10.061777 0.568381 0.518614 0.385231 -1
1 0.120254 10.061777 0.521672 0.479829 0.385231 -1
1 0.120254 9.785341 0.568381 0.867866 0.614769 -1
1 0.164677 9.785341 0.582815 0.904753 0.614769 -1
1 0.164677 10.061777 0.582815 0.904753 0.385231 -1
1 0.120254 10.061777 0.568381 0.867866 0.385231 -1
1 0.164677 9.785341 0.582815 0.469400 0.614769 -1
1 0.164677 10.061777 0.582815 0.469400 0.385231 -1
1 0.120254 9.785341 0.521672 0.132134 0.479829 -1
1 0.164677 9.785341 0.507238 0.095247 0.467844 -1
1 0.192132 9.785341 0.545027 0.072450 0.499222 -1
1 0.120254 9.785341 0.568381 0.132134 0.518614 -1
1 0.164677 9.785341 0.582815 0.095247 0.530600 -1
1 0.120254 10.061777 0.521672 0.867866 0.479829 -1
1 0.120254 10.061777 0.568381 0.867866 0.518614 -1
1 0.164677 10.061777 0.582815 0.904753 0.530600 -1
1 0.164677 10.061777 0.507238 0.904753 0.467844 -1
1 0.192132 10.061777 0.545027 0.927550 0.499222 -1
1 0.139847 0.272902 0.241321 0.752960 0.412944 -1
1 0.229299 0.272902 0.545964 0.500000 0.412944 -1
1 0.229299 0.067642 0.545964 0.500000 0.583381 -1
1 0.139847 0.067642 0.241321 0.752960 0.583381 -1
1 0.139847 0.067642 0.241321 0.115863 0.583381 -1
1 -0.100106 0.067643 0.033400 0.315108 0.583381 -1
1 -0.100106 0.272902 0.033400 0.315108 0.412944 -1
1 0.139847 0.272902 0.241321 0.115863 0.412944 -1
1 -0.414379 0.272902 -0.011786 0.576064 0.412944 -1
1 -0.414379 0.067643 -0.011786 0.576064 0.583381 -1
1 -0.703191 0.272902 0.120111 0.815878 0.412944 -1
1 -0.703191 0.067643 0.120111 0.815878 0.583381 -1
1 -0.703191 0.067643 0.120111 0.146393 0.583381 -1
1 -0.874846 0.067642 0.387212 0.368181 0.583381 -1
1 -0.874846 0.272902 0.387212 0.368181 0.412944 -1
1 -0.703191 0.272902 0.120111 0.146393 0.412944 -1
1 -0.874846 0.272902 0.704716 0.631819 0.412944 -1
1 -0.874846 0.067643 0.704716 0.631819 0.583381 -1
1 -0.703190 0.272902 0.971818 0.853607 0.412944 -1
1 -0.703190 0.067642 0.971818 0.853607 0.583381 -1
1 -0.703190 0.067642 0.971818 0.184122 0.583381 -1
1 -0.414378 0.067643 1.103714 0.423936 0.583381 -1
1 -0.414378 0.272902 1.103714 0.423936 0.412944 -1
1 -0.703190 0.272902 0.971818 0.184122 0.412944 -1
1 -0.100105 0.272902 1.058528 0.684892 0.412944 -1
1 -0.100106 0.067642 1.058528 0.684892 0.583381 -1
1 0.139848 0.272902 0.850606 0.884137 0.412944 -1
1 0.139848 0.067642 0.850606 0.884137 0.583381 -1
1 0.139848 0.067642 0.850606 0.247040 0.583381 -1
1 0.139848 0.272902 0.850606 0.247040 0.412944 -1
1 -0.100106 0.067642 1.058528 0.315108 0.925607 -1
1 -0.414378 0.067643 1.103714 0.576064 0.963126 -1
1 -0.703190 0.067642 0.971818 0.815878 0.853607 -1
1 -0.874846 0.067643 0.704716 0.958412 0.631819 -1
1 -0.874846 0.067642 0.387212 0.958412 0.368181 -1
1 -0.703191 0.067643 0.120111 0.815878 0.146393 -1
1 -0.414379 0.067643 -0.011786 0.576064 0.036874 -1
1 -0.100106 0.067643 0.033400 0.315108 0.074394 -1
1 0.139847 0.067642 0.241321 0.115863 0.247040 -1
1 0.229299 0.067642 0.545964 0.041588 0.500000 -1
1 0.139848 0.067642 0.850606 0.115863 0.752960 -1
1 0.139847 0.272902 0.241321 0.884137 0.247040 -1
1 -0.100106 0.272902 0.033400 0.684892 0.074394 -1
1 -0.414379 0.272902 -0.011786 0.423936 0.036874 -1
1 -0.703191 0.272902 0.120111 0.184122 0.146393 -1
1 -0.874846 0.272902 0.387212 0.041588 0.368181 -1
1 -0.874846 0.272902 0.704716 0.041588 0.631819 -1
1 -0.703190 0.272902 0.971818 0.184122 0.853607 -1
1 -0.414378 0.272902 1.103714 0.423936 0.963126 -1
1 -0.100105 0.272902 1.058528 0.684892 0.925607 -1
1 0.139848 0.272902 0.850606 0.884137 0.752960 -1
1 0.229299 0.272902 0.545964 0.958412 0.500000 -1
1 0.103060 0.306277 0.239278 0.754656 0.385231 -1
1 0.130515 0.306277 0.277067 0.723278 0.385231 -1
1 0.130515 0.029842 0.277067 0.723278 0.614769 -1
1 0.103060 0.029842 0.239278 0.754656 0.614769 -1
1 0.103060 0.029842 0.239278 0.146410 0.614769 -1
1 0.058637 0.029842 0.253712 0.183296 0.614769 -1
1 0.058637 0.306277 0.253712 0.183296 0.385231 -1
1 0.103060 0.306277 0.239278 0.146410 0.385231 -1
1 0.058637 0.029842 0.253712 0.257330 0.614769 -1
1 0.058637 0.029842 0.300422 0.296115 0.614769 -1
1 0.058637 0.306277 0.300422 0.296115 0.385231 -1
1 0.058637 0.306277 0.253712 0.257330 0.385231 -1
1 0.058637 0.029842 0.300422 0.816704 0.614769 -1
1 0.103060 0.029842 0.314855 0.853590 0.614769 -1
1 0.103060 0.306277 0.314855 0.853590 0.385231 -1
1 0.058637 0.306277 0.300422 0.816704 0.385231 -1
1 0.103060 0.029842 0.314855 0.691900 0.614769 -1
1 0.103060 0.306277 0.314855 0.691900 0.385231 -1
1 0.058637 0.029842 0.253712 0.183296 0.257330 -1
1 0.103060 0.029842 0.239278 0.146410 0.245344 -1
1 0.130515 0.029842 0.277067 0.123612 0.276722 -1
1 0.058637 0.029842 0.300422 0.183296 0.296115 -1
1 0.103060 0.029842 0.314855 0.146410 0.308100 -1
1 0.058637 0.306277 0.253712 0.816704 0.257330 -1
1 0.058637 0.306277 0.300422 0.816704 0.296115 -1
1 0.103060 0.306277 0.314855 0.853590 0.308100 -1
1 0.103060 0.306277 0.239278 0.853590 0.245344 -1
1 0.130515 0.306277 0.277067 0.876388 0.276722 -1
1 -0.109318 0.306277 0.057513 0.905584 0.385231 -1
1 -0.081863 0.306277 0.095302 0.874206 0.385231 -1
1 -0.081863 0.029842 0.095302 0.874206 0.614769 -1
1 -0.109318 0.029842 0.057513 0.905584 0.614769 -1
1 -0.109318 0.029842 0.057513 0.322757 0.614769 -1
1 -0.153741 0.029842 0.071947 0.359644 0.614769 -1
1 -0.153741 0.306277 0.071947 0.359644 0.385231 -1
1 -0.109318 0.306277 0.057513 0.322757 0.385231 -1
1 -0.153741 0.029842 0.071947 0.106401 0.614769 -1
1 -0.153741 0.029842 0.118656 0.145186 0.614769 -1
1 -0.153741 0.306277 0.118656 0.145186 0.385231 -1
1 -0.153741 0.306277 0.071947 0.106401 0.385231 -1
1 -0.153741 0.029842 0.118656 0.640356 0.614769 -1
1 -0.109318 0.029842 0.133090 0.677243 0.614769 -1
1 -0.109318 0.306277 0.133090 0.677243 0.385231 -1
1 -0.153741 0.306277 0.118656 0.640356 0.385231 -1
1 -0.109318 0.029842 0.133090 0.842829 0.614769 -1
1 -0.109318 0.306277 0.133090 0.842829 0.385231 -1
1 -0.153741 0.029842 0.071947 0.359644 0.106401 -1
1 -0.109318 0.029842 0.057513 0.322757 0.094416 -1
1 -0.081863 0.029842 0.095302 0.299960 0.125794 -1
1 -0.153741 0.029842 0.118656 0.359644 0.145186 -1
1 -0.109318 0.029842 0.133090 0.322757 0.157171 -1
1 -0.153741 0.306277 0.071947 0.640356 0.106401 -1
1 -0.153741 0.306277 0.118656 0.640356 0.145186 -1
1 -0.109318 0.306277 0.133090 0.677243 0.157171 -1
1 -0.109318 0.306277 0.057513 0.677243 0.094416 -1
1 -0.081863 0.306277 0.095302 0.700040 0.125794 -1
1 -0.393980 0.306278 0.012004 0.943373 0.385231 -1
1 -0.366525 0.306278 0.049792 0.911995 0.385231 -1
1 -0.366525 0.029842 0.049792 0.911995 0.614769 -1
1 -0.393980 0.029842 0.012004 0.943373 0.614769 -1
1 -0.393980 0.029842 0.012004 0.559126 0.614769 -1
1 -0.438404 0.029842 0.026438 0.596013 0.614769 -1
1 -0.438403 0.306278 0.026438 0.596013 0.385231 -1
1 -0.393980 0.306278 0.012004 0.559126 0.385231 -1
1 -0.438404 0.029842 0.026438 0.068613 0.614769 -1
1 -0.438404 0.029842 0.073147 0.107398 0.614769 -1
1 -0.438403 0.306278 0.073147 0.107398 0.385231 -1
1 -0.438403 0.306278 0.026438 0.068613 0.385231 -1
1 -0.438404 0.029842 0.073147 0.403987 0.614769 -1
1 -0.393980 0.029842 0.087581 0.440874 0.614769 -1
1 -0.393980 0.306278 0.087581 0.440874 0.385231 -1
1 -0.438403 0.306278 0.073147 0.403987 0.385231 -1
1 -0.393980 0.029842 0.087581 0.880617 0.614769 -1
1 -0.393980 0.306278 0.087581 0.880617 0.385231 -1
1 -0.438404 0.029842 0.026438 0.596013 0.068613 -1
1 -0.393980 0.029842 0.012004 0.559126 0.056627 -1
1 -0.366525 0.029842 0.049792 0.536329 0.088005 -1
1 -0.438404 0.029842 0.073147 0.596013 0.107398 -1
1 -0.393980 0.029842 0.087581 0.559126 0.119383 -1
1 -0.438403 0.306278 0.026438 0.403987 0.068613 -1
1 -0.438403 0.306278 0.073147 0.403987 0.107398 -1
1 -0.393980 0.306278 0.087581 0.440874 0.119383 -1
1 -0.393980 0.306278 0.012004 0.440874 0.056627 -1
1 -0.366525 0.306278 0.049792 0.463671 0.088005 -1
1 -0.648176 0.306278 0.128253 0.846846 0.385231 -1
1 -0.620721 0.306278 0.166041 0.815468 0.385231 -1
1 -0.620721 0.029842 0.166041 0.815468 0.614769 -1
1 -0.648176 0.029842 0.128253 0.846846 0.614769 -1
1 -0.648176 0.029842 0.128253 0.770197 0.614769 -1
1 -0.692599 0.029842 0.142687 0.807084 0.614769 -1
1 -0.692599 0.306278 0.142687 0.807084 0.385231 -1
1 -0.648176 0.306278 0.128253 0.770197 0.385231 -1
1 -0.692599 0.029842 0.142687 0.165140 0.614769 -1
1 -0.692599 0.029842 0.189396 0.203925 0.614769 -1
1 -0.692599 0.306278 0.189396 0.203925 0.385231 -1
1 -0.692599 0.306278 0.142687 0.165140 0.385231 -1
1 -0.692599 0.029842 0.189396 0.192916 0.614769 -1
1 -0.648176 0.029842 0.203830 0.229803 0.614769 -1
1 -0.648176 0.306278 0.203830 0.229803 0.385231 -1
1 -0.692599 0.306278 0.189396 0.192916 0.385231 -1
1 -0.648176 0.029842 0.203830 0.784090 0.614769 -1
1 -0.648176 0.306278 0.203830 0.784090 0.385231 -1
1 -0.692599 0.029842 0.142687 0.807084 0.165140 -1
1 -0.648176 0.029842 0.128253 0.770197 0.153154 -1
1 -0.620721 0.029842 0.166041 0.747400 0.184532 -1
1 -0.692599 0.029842 0.189396 0.807084 0.203925 -1
1 -0.648176 0.029842 0.203830 0.770197 0.215910 -1
1 -0.692599 0.306278 0.142687 0.192916 0.165140 -1
1 -0.692599 0.306278 0.189396 0.192916 0.203925 -1
1 -0.648176 0.306278 0.203830 0.229803 0.215910 -1
1 -0.648176 0.306278 0.128253 0.229803 0.153154 -1
1 -0.620721 0.306278 0.166041 0.252600 0.184532 -1
1 -0.794226 0.306278 0.368644 0.647238 0.385231 -1
1 -0.766771 0.306278 0.406432 0.615860 0.385231 -1
1 -0.766771 0.029842 0.406432 0.615860 0.614769 -1
1 -0.794226 0.029842 0.368644 0.647238 0.614769 -1
1 -0.794226 0.029842 0.368644 0.891470 0.614769 -1
1 -0.838649 0.029842 0.383077 0.928356 0.614769 -1
1 -0.838649 0.306278 0.383077 0.928356 0.385231 -1
1 -0.794226 0.306278 0.368644 0.891470 0.385231 -1
1 -0.838649 0.029842 0.383077 0.364747 0.614769 -1
1 -0.838649 0.029842 0.429787 0.403532 0.614769 -1
1 -0.838649 0.306278 0.429787 0.403532 0.385231 -1
1 -0.838649 0.306278 0.383077 0.364747 0.385231 -1
1 -0.838649 0.029842 0.429787 0.071644 0.614769 -1
1 -0.794226 0.029842 0.444221 0.108530 0.614769 -1
1 -0.794226 0.306278 0.444221 0.108530 0.385231 -1
1 -0.838649 0.306278 0.429787 0.071644 0.385231 -1
1 -0.794226 0.029842 0.444221 0.584482 0.614769 -1
1 -0.794226 0.306278 0.444221 0.584482 0.385231 -1
1 -0.838649 0.029842 0.383077 0.928356 0.364747 -1
1 -0.794226 0.029842 0.368644 0.891470 0.352762 -1
1 -0.766771 0.029842 0.406432 0.868672 0.384140 -1
1 -0.838649 0.029842 0.429787 0.928356 0.403532 -1
1 -0.794226 0.029842 0.444221 0.891470 0.415518 -1
1 -0.838649 0.306278 0.383077 0.071644 0.364747 -1
1 -0.838649 0.306278 0.429787 0.071644 0.403532 -1
1 -0.794226 0.306278 0.444221 0.108530 0.415518 -1
1 -0.794226 0.306278 0.368644 0.108530 0.352762 -1
1 -0.766771 0.306278 0.406432 0.131328 0.384140 -1
1 -0.794169 0.306278 0.645865 0.417048 0.385231 -1
1 -0.766714 0.306278 0.683654 0.385670 0.385231 -1
1 -0.766714 0.029842 0.683654 0.385670 0.614769 -1
1 -0.794169 0.029842 0.645865 0.417048 0.614769 -1
1 -0.794169 0.029842 0.645865 0.891423 0.614769 -1
1 -0.838592 0.029842 0.660299 0.928309 0.614769 -1
1 -0.838592 0.306278 0.660299 0.928309 0.385231 -1
1 -0.794169 0.306278 0.645865 0.891423 0.385231 -1
1 -0.838592 0.029842 0.660299 0.594938 0.614769 -1
1 -0.838592 0.029842 0.707008 0.633723 0.614769 -1
1 -0.838592 0.306278 0.707008 0.633723 0.385231 -1
1 -0.838592 0.306278 0.660299 0.594938 0.385231 -1
1 -0.838592 0.029842 0.707008 0.071691 0.614769 -1
1 -0.794169 0.029842 0.721442 0.108577 0.614769 -1
1 -0.794169 0.306278 0.721442 0.108577 0.385231 -1
1 -0.838592 0.306278 0.707008 0.071691 0.385231 -1
1 -0.794169 0.029842 0.721442 0.354292 0.614769 -1
1 -0.794169 0.306278 0.721442 0.354292 0.385231 -1
1 -0.838592 0.029842 0.660299 0.928309 0.594938 -1
1 -0.794169 0.029842 0.645865 0.891423 0.582952 -1
1 -0.766714 0.029842 0.683654 0.868625 0.614330 -1
1 -0.838592 0.029842 0.707008 0.928309 0.633723 -1
1 -0.794169 0.029842 0.721442 0.891423 0.645708 -1
1 -0.838592 0.306278 0.660299 0.071691 0.594938 -1
1 -0.838592 0.306278 0.707008 0.071691 0.633723 -1
1 -0.794169 0.306278 0.721442 0.108577 0.645708 -1
1 -0.794169 0.306278 0.645865 0.108577 0.582952 -1
1 -0.766714 0.306278 0.683654 0.131375 0.614330 -1
1 -0.640725 0.306278 0.881266 0.221582 0.385231 -1
1 -0.613270 0.306278 0.919055 0.190205 0.385231 -1
1 -0.613270 0.029842 0.919055 0.190205 0.614769 -1
1 -0.640725 0.029842 0.881266 0.221582 0.614769 -1
1 -0.640725 0.029842 0.881266 0.764011 0.614769 -1
1 -0.685149 0.029842 0.895700 0.800897 0.614769 -1
1 -0.685149 0.306278 0.895700 0.800897 0.385231 -1
1 -0.640725 0.306278 0.881266 0.764011 0.385231 -1
1 -0.685149 0.029842 0.895700 0.790403 0.614769 -1
1 -0.685149 0.029842 0.942410 0.829188 0.614769 -1
1 -0.685149 0.306278 0.942410 0.829188 0.385231 -1
1 -0.685149 0.306278 0.895700 0.790403 0.385231 -1
1 -0.685149 0.029842 0.942410 0.199102 0.614769 -1
1 -0.640725 0.029842 0.956843 0.235989 0.614769 -1
1 -0.640725 0.306278 0.956843 0.235989 0.385231 -1
1 -0.685149 0.306278 0.942410 0.199102 0.385231 -1
1 -0.640725 0.029842 0.956843 0.158827 0.614769 -1
1 -0.640725 0.306278 0.956843 0.158827 0.385231 -1
1 -0.685149 0.029842 0.895700 0.800897 0.790403 -1
1 -0.640725 0.029842 0.881266 0.764011 0.778418 -1
1 -0.613270 0.029842 0.919055 0.741213 0.809795 -1
1 -0.685149 0.029842 0.942410 0.800897 0.829188 -1
1 -0.640725 0.029842 0.956843 0.764011 0.841173 -1
1 -0.685149 0.306278 0.895700 0.199103 0.790403 -1
1 -0.685149 0.306278 0.942410 0.199102 0.829188 -1
1 -0.640725 0.306278 0.956843 0.235989 0.841173 -1
1 -0.640725 0.306278 0.881266 0.235989 0.778418 -1
1 -0.613270 0.306278 0.919055 0.258787 0.809795 -1
1 -0.393965 0.306277 1.003864 0.119783 0.385231 -1
1 -0.366510 0.306277 1.041653 0.088406 0.385231 -1
1 -0.366510 0.029842 1.041653 0.088406 0.614769 -1
1 -0.393965 0.029842 1.003864 0.119783 0.614769 -1
1 -0.393965 0.029842 1.003864 0.559114 0.614769 -1
1 -0.438388 0.029842 1.018298 0.596001 0.614769 -1
1 -0.438388 0.306277 1.018298 0.596001 0.385231 -1
1 -0.393965 0.306277 1.003864 0.559114 0.385231 -1
1 -0.438388 0.029842 1.018298 0.892202 0.614769 -1
1 -0.438388 0.029842 1.065008 0.930987 0.614769 -1
1 -0.438388 0.306277 1.065008 0.930987 0.385231 -1
1 -0.438388 0.306277 1.018298 0.892202 0.385231 -1
1 -0.438388 0.029842 1.065008 0.403999 0.614769 -1
1 -0.393965 0.029842 1.079441 0.440886 0.614769 -1
1 -0.393965 0.306277 1.079441 0.440886 0.385231 -1
1 -0.438388 0.306277 1.065008 0.403999 0.385231 -1
1 -0.393965 0.029842 1.079441 0.057028 0.614769 -1
1 -0.393965 0.306277 1.079441 0.057028 0.385231 -1
1 -0.438388 0.029842 1.018298 0.596001 0.892202 -1
1 -0.393965 0.029842 1.003864 0.559114 0.880217 -1
1 -0.366510 0.029842 1.041653 0.536317 0.911594 -1
1 -0.438388 0.029842 1.065008 0.596001 0.930987 -1
1 -0.393965 0.029842 1.079441 0.559114 0.942972 -1
1 -0.438388 0.306277 1.018298 0.403999 0.892202 -1
1 -0.438388 0.306277 1.065008 0.403999 0.930987 -1
1 -0.393965 0.306277 1.079441 0.440886 0.942972 -1
1 -0.393965 0.306277 1.003864 0.440886 0.880217 -1
1 -0.366510 0.306277 1.041653 0.463683 0.911594 -1
1 -0.125100 0.306277 0.954073 0.161127 0.385231 -1
1 -0.097644 0.306277 0.991862 0.129749 0.385231 -1
1 -0.097644 0.029842 0.991862 0.129749 0.614769 -1
1 -0.125100 0.029842 0.954073 0.161127 0.614769 -1
1 -0.125100 0.029842 0.954073 0.335862 0.614769 -1
1 -0.169523 0.029842 0.968507 0.372749 0.614769 -1
1 -0.169523 0.306277 0.968507 0.372749 0.385231 -1
1 -0.125100 0.306277 0.954073 0.335862 0.385231 -1
1 -0.169523 0.029842 0.968507 0.850858 0.614769 -1
1 -0.169523 0.029842 1.015216 0.889643 0.614769 -1
1 -0.169523 0.306277 1.015216 0.889643 0.385231 -1
1 -0.169523 0.306277 0.968507 0.850858 0.385231 -1
1 -0.169523 0.029842 1.015216 0.627251 0.614769 -1
1 -0.125100 0.029842 1.029651 0.664138 0.614769 -1
1 -0.125100 0.306277 1.029651 0.664138 0.385231 -1
1 -0.169523 0.306277 1.015216 0.627251 0.385231 -1
1 -0.125100 0.029842 1.029651 0.098371 0.614769 -1
1 -0.125100 0.306277 1.029651 0.098371 0.385231 -1
1 -0.169523 0.029842 0.968507 0.372749 0.850858 -1
1 -0.125100 0.029842 0.954073 0.335862 0.838873 -1
1 -0.097644 0.029842 0.991862 0.313065 0.870251 -1
1 -0.169523 0.029842 1.015216 0.372749 0.889643 -1
1 -0.125100 0.029842 1.029651 0.335862 0.901629 -1
1 -0.169523 0.306277 0.968507 0.627251 0.850858 -1
1 -0.169523 0.306277 1.015216 0.627251 0.889643 -1
1 -0.125100 0.306277 1.029651 0.664138 0.901629 -1
1 -0.125100 0.306277 0.954073 0.664138 0.838873 -1
1 -0.097644 0.306277 0.991862 0.686935 0.870251 -1
1 0.087276 0.306277 0.773461 0.311098 0.385231 -1
1 0.114731 0.306277 0.811249 0.279720 0.385231 -1
1 0.114731 0.029842 0.811249 0.279720 0.614769 -1
1 0.087276 0.029842 0.773461 0.311098 0.614769 -1
1 0.087276 0.029842 0.773461 0.159516 0.614769 -1
1 0.042853 0.029842 0.787895 0.196403 0.614769 -1
1 0.042853 0.306277 0.787895 0.196403 0.385231 -1
1 0.087276 0.306277 0.773461 0.159516 0.385231 -1
1 0.042853 0.029842 0.787895 0.700887 0.614769 -1
1 0.042853 0.029842 0.834604 0.739672 0.614769 -1
1 0.042853 0.306277 0.834604 0.739672 0.385231 -1
1 0.042853 0.306277 0.787895 0.700887 0.385231 -1
1 0.042853 0.029842 0.834604 0.803597 0.614769 -1
1 0.087276 0.029842 0.849038 0.840484 0.614769 -1
1 0.087276 0.306277 0.849038 0.840484 0.385231 -1
1 0.042853 0.306277 0.834604 0.803597 0.385231 -1
1 0.087276 0.029842 0.849038 0.248342 0.614769 -1
1 0.087276 0.306277 0.849038 0.248342 0.385231 -1
1 0.042853 0.029842 0.787895 0.196403 0.700887 -1
1 0.087276 0.029842 0.773461 0.159516 0.688902 -1
1 0.114731 0.029842 0.811249 0.136719 0.720280 -1
1 0.042853 0.029842 0.834604 0.196403 0.739672 -1
1 0.087276 0.029842 0.849038 0.159516 0.751658 -1
1 0.042853 0.306277 0.787895 0.803597 0.700887 -1
1 0.042853 0.306277 0.834604 0.803597 0.739672 -1
1 0.087276 0.306277 0.849038 0.840484 0.751658 -1
1 0.087276 0.306277 0.773461 0.840484 0.688902 -1
1 0.114731 0.306277 0.811249 0.863281 0.720280 -1
1 0.164676 0.306277 0.507238 0.532156 0.385231 -1
1 0.192131 0.306277 0.545027 0.500778 0.385231 -1
1 0.192131 0.029842 0.545027 0.500778 0.614769 -1
1 0.164676 0.029842 0.507238 0.532156 0.614769 -1
1 0.164676 0.029842 0.507238 0.095247 0.614769 -1
1 0.120253 0.029842 0.521672 0.132134 0.614769 -1
1 0.120253 0.306277 0.521672 0.132134 0.385231 -1
1 0.164676 0.306277 0.507238 0.095247 0.385231 -1
1 0.120253 0.029842 0.521672 0.479829 0.614769 -1
1 0.120253 0.029842 0.568381 0.518614 0.614769 -1
1 0.120253 0.306277 0.568381 0.518614 0.385231 -1
1 0.120253 0.306277 0.521672 0.479829 0.385231 -1
1 0.120253 0.029842 0.568381 0.867866 0.614769 -1
1 0.164676 0.029842 0.582815 0.904753 0.614769 -1
1 0.164676 0.306277 0.582815 0.904753 0.385231 -1
1 0.120253 0.306277 0.568381 0.867866 0.385231 -1
1 0.164676 0.029842 0.582815 0.469400 0.614769 -1
1 0.164676 0.306277 0.582815 0.469400 0.385231 -1
1 0.120253 0.029842 0.521672 0.132134 0.479829 -1
1 0.164676 0.029842 0.507238 0.095247 0.467844 -1
1 0.192131 0.029842 0.545027 0.072450 0.499222 -1
1 0.120253 0.029842 0.568381 0.132134 0.518614 -1
1 0.164676 0.029842 0.582815 0.095247 0.530600 -1
1 0.120253 0.306277 0.521672 0.867866 0.479829 -1
1 0.120253 0.306277 0.568381 0.867866 0.518614 -1
1 0.164676 0.306277 0.582815 0.904753 0.530600 -1
1 0.164676 0.306277 0.507238 0.904753 0.467844 -1
1 0.192131 0.306277 0.545027 0.927550 0.499222 -1
414
-0.000000 -0.959492 -0.281737
-0.000000 -0.995245 0.097408
-0.000000 -0.995244 -0.097414
-0.000000 -0.959492 -0.281737
-0.000000 -0.654863 -0.755747
0.000000 -0.324832 -0.945772
-0.000000 -0.502048 -0.864839
-0.000000 -0.654863 -0.755747
0.000000 0.045220 -0.998977
-0.000000 0.238056 -0.971251
-0.000000 0.415414 -0.909633
-0.000000 0.415414 -0.909633
-0.000000 0.841256 -0.540637
-0.000000 0.982374 -0.186927
-0.000000 0.927488 -0.373854
-0.000000 0.841256 -0.540637
0.000000 0.982373 0.186929
0.000000 0.927486 0.373857
0.000000 0.841253 0.540641
0.000000 0.415417 0.909631
0.000000 0.045219 0.998977
0.000000 0.238057 0.971251
0.000000 -0.324832 0.945772
0.000000 -0.502046 0.864841
0.000000 -0.654859 0.755751
0.000000 -0.959493 0.281731
0.000000 -0.959493 0.281731
-1.000000 0.000000 0.000000
-1.000000 0.000000 0.000000
-1.000000 0.000000 0.000000
-1.000000 0.000000 0.000000
-1.000000 0.000000 0.000000
-1.000000 0.000000 0.000000
-1.000000 0.000000 0.000000
-1.000000 0.000000 0.000000
-1.000000 0.000000 0.000000
-1.000000 0.000000 0.000000
-1.000000 0.000000 0.000000
-0.000000 -0.809003 -0.587805
-0.000000 -0.809003 -0.587805
-0.000000 -0.809002 -0.587805
-0.000000 0.309019 -0.951056
0.000000 1.000000 0.000000
0.000000 0.309030 0.951052
0.000000 -0.809007 0.587799
0.000000 -0.809007 0.587799
0.000000 -0.809007 0.587800
-1.000000 0.000000 0.000000
-0.000000 -0.809022 -0.587779
-0.000000 -0.809022 -0.587779
-0.000000 -0.809022 -0.587779
-0.000000 0.309007 -0.951060
0.000000 0.309018 0.951056
0.000000 -0.809026 0.587772
0.000000 -0.809026 0.587772
0.000000 -0.809026 0.587772
-0.000000 -0.809022 -0.587779
0.000000 -0.809022 -0.587778
-0.000000 -0.809022 -0.587779
-0.000000 0.309006 -0.951060
0.000000 0.309018 0.951056
0.000000 0.309018 0.951056
0.000000 0.309018 0.951056
0.000000 -0.809026 0.587772
0.000000 -0.809026 0.587772
0.000000 -0.809026 0.587773
-1.000000 0.000000 0.000001
-1.000000 0.000001 0.000000
-1.000000 0.000001 0.000000
-1.000000 0.000001 -0.000001
-0.000000 -0.809026 -0.587772
-0.000000 -0.809026 -0.587772
-0.000000 -0.809026 -0.587772
-0.000000 0.309018 -0.951056
-0.000000 0.309019 -0.951056
-0.000000 0.309018 -0.951056
0.000000 0.309006 0.951060
0.000000 0.309005 0.951060
0.000000 0.309006 0.951060
0.000000 -0.809022 0.587779
0.000000 -0.809022 0.587779
0.000000 -0.809022 0.587779
-1.000000 0.000000 0.000001
-1.000000 0.000000 0.000001
-1.000000 0.000000 0.000001
-0.000000 0.309006 -0.951060
-0.000000 0.309006 -0.951060
0.000000 0.309019 0.951056
0.000000 -0.809026 0.587772
0.000000 -0.809026 0.587772
0.000000 -0.809026 0.587772
-1.000000 0.000001 0.000000
-1.000000 0.000001 0.000001
-1.000000 0.000001 0.000001
-1.000000 0.000001 0.000001
-1.000000 0.000000 0.000001
-0.000000 -0.809007 -0.587799
0.000000 -0.809007 -0.587799
-0.000000 -0.809007 -0.587800
-0.000000 0.309030 -0.951052
0.000000 0.309030 -0.951052
-0.000000 0.309031 -0.951052
0.000000 0.309018 0.951056
0.000000 -0.809002 0.587805
0.000000 -0.809003 0.587805
0.000000 -0.809002 0.587806
0.000000 -0.809003 -0.587805
0.000000 0.309009 -0.951059
0.000000 0.309016 0.951057
0.000001 0.309019 0.951056
0.000000 0.309014 0.951057
0.000000 -0.809007 0.587799
0.000000 -0.809008 0.587798
0.000001 -0.809006 0.587800
-1.000000 0.000000 0.000001
-1.000000 0.000000 0.000001
-1.000000 0.000000 0.000001
-1.000000 0.000000 0.000001
0.000000 -0.809022 -0.587778
0.000000 -0.809022 -0.587778
0.000000 0.309019 0.951056
0.000000 -0.809027 0.587771
0.000000 -0.809008 -0.587797
0.000000 0.309031 -0.951052
0.000000 0.309019 0.951056
0.000001 0.309021 0.951055
0.000000 0.309017 0.951057
0.000000 -0.809002 0.587806
0.000001 -0.809001 0.587807
0.000000 -0.809026 -0.587773
-0.000000 0.309018 -0.951056
0.000000 0.309018 -0.951056
0.000000 0.309005 0.951060
0.000000 -0.809022 0.587778
0.000000 -0.809026 -0.587772
0.000000 0.309007 0.951060
0.000000 0.309007 0.951060
0.000000 0.309006 0.951060
0.000000 -0.809022 0.587779
0.959493 -0.000000 -0.281732
0.995244 -0.000000 0.097409
0.995244 -0.000000 -0.097410
0.654861 0.000001 -0.755750
0.324832 0.000001 -0.945772
0.502046 0.000001 -0.864841
0.654860 -0.000000 -0.755750
-0.045220 0.000000 -0.998977
-0.238057 0.000000 -0.971251
-0.415415 0.000000 -0.909632
-0.415415 0.000000 -0.909632
-0.841253 0.000000 -0.540641
-0.982374 0.000000 -0.186929
-0.927486 0.000000 -0.373857
-0.841253 0.000000 -0.540641
-0.982373 0.000000 0.186929
-0.927486 0.000001 0.373858
-0.841253 0.000001 0.540642
-0.841253 0.000002 0.540641
-0.415414 0.000001 0.909632
-0.045218 0.000000 0.998977
-0.238055 0.000000 0.971252
-0.415415 0.000001 0.909632
0.324833 -0.000000 0.945771
0.502047 -0.000000 0.864841
0.654860 -0.000000 0.755750
0.654860 -0.000000 0.755750
0.959493 -0.000000 0.281731
0.959493 -0.000000 0.281731
0.000000 -1.000000 0.000000
0.809018 -0.000000 -0.587784
0.809018 -0.000000 -0.587784
0.809018 -0.000000 -0.587784
-0.309010 0.000000 -0.951059
-0.309010 0.000000 -0.951059
-0.309009 0.000000 -0.951059
-1.000000 0.000000 0.000000
-0.309021 0.000000 0.951055
0.809022 -0.000000 0.587778
0.809012 -0.000000 -0.587792
0.809012 -0.000000 -0.587792
0.809012 -0.000000 -0.587792
-0.309014 0.000000 -0.951058
-1.000000 0.000000 0.000000
-1.000000 0.000000 0.000000
-1.000000 0.000000 0.000000
-0.309024 -0.000000 0.951054
-0.309024 -0.000000 0.951054
-0.309024 0.000000 0.951054
0.809017 -0.000000 0.587785
0.809017 -0.000000 0.587785
0.809017 -0.000000 0.587785
0.809011 0.000000 -0.587793
0.809011 0.000000 -0.587793
0.809012 0.000000 -0.587793
-0.309011 -0.000000 -0.951059
-0.309013 -0.000000 -0.951058
-0.309009 0.000000 -0.951059
-1.000000 -0.000001 0.000007
-1.000000 0.000000 0.000002
-1.000000 -0.000002 0.000012
-0.309019 -0.000001 0.951056
-0.309026 0.000000 0.951054
-0.309013 -0.000002 0.951058
0.809016 -0.000000 0.587786
0.809016 0.000000 0.587787
0.809017 -0.000000 0.587785
0.809023 -0.000000 -0.587778
-0.309022 0.000000 -0.951055
-0.309023 0.000000 -0.951055
-0.309022 0.000000 -0.951055
-0.309009 -0.000000 0.951059
-0.309009 -0.000000 0.951059
-0.309010 0.000000 0.951059
0.809018 -0.000000 0.587783
0.809019 -0.000000 0.587783
0.809018 -0.000000 0.587784
0.809015 0.000001 -0.587788
0.809018 0.000002 -0.587783
0.809012 -0.000000 -0.587792
-0.309010 -0.000000 -0.951059
-0.309010 -0.000000 -0.951059
-0.309009 0.000000 -0.951059
-1.000000 0.000000 0.000000
-0.309021 0.000000 0.951055
0.809019 0.000001 0.587782
0.809016 0.000002 0.587786
0.809022 -0.000000 0.587778
0.809020 0.000001 -0.587781
0.809023 0.000002 -0.587777
0.809017 0.000000 -0.587785
-0.309026 0.000000 -0.951054
-0.309013 0.000000 0.951058
-0.309013 0.000000 0.951058
-0.309013 0.000000 0.951058
0.809016 0.000001 0.587787
0.809013 0.000002 0.587791
0.809019 -0.000000 0.587783
0.809018 0.000000 -0.587783
-0.309013 0.000000 -0.951058
-0.309013 0.000000 -0.951058
-0.309014 0.000000 -0.951058
-0.309022 0.000000 0.951055
0.809024 -0.000000 0.587776
0.809024 0.000000 0.587776
0.809024 -0.000000 0.587775
0.809020 -0.000001 -0.587780
0.809022 -0.000000 -0.587778
0.809019 -0.000001 -0.587782
-0.309019 -0.000001 -0.951056
-0.309017 -0.000001 -0.951057
-0.309022 -0.000002 -0.951055
-1.000000 -0.000002 0.000000
-0.309024 -0.000000 0.951054
-0.309026 0.000000 0.951054
-0.309022 -0.000001 0.951055
0.809024 -0.000000 0.587775
0.809025 -0.000000 0.587775
0.809024 -0.000000 0.587776
0.809022 -0.000000 -0.587778
0.809022 -0.000000 -0.587779
0.809022 0.000000 -0.587778
-0.309022 0.000000 -0.951055
-0.309022 0.000000 -0.951055
-0.309022 -0.000000 -0.951055
-1.000000 0.000000 0.000000
-0.309010 -0.000000 0.951059
-0.309008 -0.000001 0.951059
-0.309012 0.000000 0.951058
0.809016 0.000001 0.587787
0.809018 -0.000000 0.587783
0.809013 0.000002 0.587791
0.809017 -0.000000 -0.587785
-0.309025 0.000000 -0.951054
-0.309025 0.000000 -0.951054
-0.309025 0.000000 -0.951054
-1.000000 0.000000 0.000000
-0.309015 -0.000000 0.951057
-0.309014 -0.000000 0.951057
-0.309016 0.000000 0.951057
0.809012 -0.000000 0.587792
0.809011 -0.000000 0.587793
0.809012 -0.000000 0.587792
0.809017 -0.000000 -0.587786
-0.309026 0.000000 -0.951054
-1.000000 0.000000 0.000000
-0.309014 0.000000 0.951057
0.809012 -0.000000 0.587792
0.959493 -0.000000 -0.281734
0.995244 -0.000000 0.097409
0.995244 -0.000000 -0.097411
0.959493 -0.000000 -0.281734
0.654861 -0.000000 -0.755749
0.324833 -0.000000 -0.945771
0.502047 -0.000000 -0.864840
0.654861 -0.000000 -0.755749
-0.045219 0.000000 -0.998977
-0.238057 0.000000 -0.971251
-0.415416 0.000000 -0.909631
-0.415416 0.000000 -0.909631
-0.841253 0.000000 -0.540641
-0.982374 0.000000 -0.186928
-0.927486 0.000000 -0.373857
-0.841253 0.000000 -0.540641
-0.982373 0.000000 0.186929
-0.927486 0.000001 0.373857
-0.841253 0.000001 0.540641
-0.841254 0.000002 0.540640
-0.415414 0.000001 0.909632
-0.045218 0.000000 0.998977
-0.238055 0.000000 0.971252
-0.415414 0.000001 0.909632
0.324833 -0.000000 0.945771
0.502048 -0.000000 0.864840
0.654861 -0.000000 0.755749
0.654861 -0.000000 0.755749
0.959493 -0.000000 0.281732
0.000001 -1.000000 0.000002
-0.000002 -1.000000 0.000011
-0.000003 -1.000000 0.000004
-0.000008 -1.000000 0.000002
-0.000002 -1.000000 -0.000001
-0.000001 -1.000000 -0.000003
-0.000000 -1.000000 -0.000003
0.000001 -1.000000 -0.000005
0.000001 -1.000000 -0.000002
0.000003 -1.000000 0.000001
0.000003 -1.000000 0.000001
-0.000002 1.000000 0.000001
-0.000002 1.000000 0.000005
-0.000001 1.000000 0.000002
-0.000001 1.000000 -0.000000
-0.000003 1.000000 -0.000001
-0.000003 1.000000 -0.000001
0.809023 -0.000000 -0.587777
0.809023 -0.000000 -0.587778
0.809023 -0.000000 -0.587777
-0.309021 0.000000 -0.951055
-1.000000 0.000000 0.000000
-1.000000 0.000000 0.000000
-1.000000 0.000000 0.000000
-0.309009 0.000000 0.951059
0.809018 -0.000000 0.587784
0.809016 -0.000000 -0.587787
-0.309025 0.000000 -0.951054
-0.309025 0.000000 -0.951054
-0.309026 0.000000 -0.951054
-1.000000 0.000000 0.000000
-0.309013 -0.000000 0.951058
-0.309014 0.000000 0.951058
-0.309013 -0.000000 0.951058
0.809012 -0.000000 0.587792
0.809015 0.000001 -0.587788
0.809018 0.000002 -0.587784
0.809012 -0.000000 -0.587793
-0.309009 0.000000 -0.951059
-0.309009 0.000000 -0.951059
-0.309009 0.000000 -0.951059
-1.000000 0.000000 -0.000001
-1.000000 0.000000 -0.000001
-0.309021 -0.000000 0.951055
-0.309021 -0.000000 0.951055
-0.309021 0.000000 0.951055
0.809020 0.000001 0.587781
0.809017 0.000002 0.587785
0.809023 -0.000000 0.587777
0.809016 -0.000000 -0.587786
-0.309011 0.000000 -0.951059
-0.309011 0.000000 -0.951059
-0.309010 0.000000 -0.951059
-0.309021 -0.000000 0.951055
-0.309021 0.000000 0.951055
-0.309021 -0.000000 0.951055
0.809021 -0.000000 0.587780
0.809021 -0.000000 0.587779
0.809021 0.000000 0.587780
0.809018 -0.000000 -0.587783
-0.309010 0.000000 -0.951059
-0.309010 0.000000 -0.951059
-0.309010 0.000000 -0.951059
-1.000000 0.000000 0.000001
-1.000000 0.000000 0.000001
0.809019 0.000001 -0.587782
0.809023 0.000002 -0.587777
0.809016 0.000000 -0.587787
0.809015 0.000001 0.587789
0.809011 0.000002 0.587794
0.809022 -0.000000 -0.587778
-0.309022 0.000000 -0.951055
-0.309008 0.000000 0.951060
0.809018 -0.000000 0.587783
0.809021 -0.000000 -0.587780
0.809021 -0.000000 -0.587779
0.809021 -0.000000 -0.587780
-0.309022 0.000000 -0.951055
-0.309022 0.000000 -0.951055
-0.309022 0.000000 -0.951055
-1.000000 0.000000 0.000000
-0.309008 0.000000 0.951059
0.809017 -0.000000 0.587785
0.809017 -0.000000 0.587785
0.809018 -0.000000 0.587784
0.809012 -0.000000 -0.587792
-0.309012 0.000000 -0.951058
-0.309026 0.000000 0.951054
0.809016 -0.000000 0.587787
0.809012 -0.000000 -0.587792
-0.309011 0.000000 -0.951058
-0.309020 0.000000 0.951056
0.809017 -0.000000 0.587786
0.809017 -0.000000 -0.587786
0.809016 -0.000000 -0.587786
0.809012 -0.000000 0.587792
0.809012 -0.000000 0.587792
0.809012 -0.000000 0.587792
606
1 0 1 2 0 1 2 1
1 2 3 0 2 3 0 1
1 4 5 6 4 5 6 1
1 6 7 4 6 7 4 1
1 8 6 5 8 6 5 1
1 5 9 8 5 9 8 1
1 10 8 9 10 8 9 1
1 9 11 10 9 11 10 1
1 12 13 14 12 13 14 1
1 14 15 12 14 15 12 1
1 16 14 13 16 14 13 1
1 13 17 16 13 17 16 1
1 18 16 17 18 16 17 1
1 17 19 18 17 18 18 1
1 20 21 22 19 20 21 1
1 22 23 20 21 19 19 1
1 24 22 21 22 21 20 1
1 21 25 24 20 23 22 1
1 26 24 25 24 22 23 1
1 25 27 26 23 24 24 1
1 28 2 1 25 2 1 1
1 1 29 28 1 26 25 1
1 30 31 32 27 28 29 1
1 32 33 34 29 30 31 1
1 30 32 34 27 29 31 1
1 34 35 36 31 32 33 1
1 36 37 38 33 34 35 1
1 34 36 38 31 33 35 1
1 30 34 38 27 31 35 1
1 30 38 39 27 35 36 1
1 40 30 39 37 27 36 1
1 41 42 43 38 39 38 1
1 43 44 41 38 40 38 1
1 45 46 47 41 41 41 1
1 47 48 45 41 41 41 1
1 49 50 51 42 42 42 1
1 51 52 49 42 42 42 1
1 53 54 55 43 43 43 1
1 55 56 53 43 43 43 1
1 57 43 42 44 45 44 2
1 42 58 57 44 46 44 2
1 59 60 61 47 47 47 1
1 62 59 61 47 47 47 1
1 63 62 61 47 47 47 1
1 64 65 66 48 49 48 1
1 66 67 64 48 50 48 1
1 68 69 70 51 51 51 1
1 70 71 68 51 51 51 1
1 72 73 74 42 42 42 1
1 74 75 72 42 42 42 1
1 76 77 78 52 52 52 1
1 78 79 76 52 52 52 1
1 80 66 65 53 54 53 2
1 65 81 80 53 55 53 2
1 82 83 84 47 47 47 1
1 85 82 84 47 47 47 1
1 86 85 84 47 47 47 1
1 87 88 89 56 57 56 1
1 89 90 87 56 58 56 1
1 91 92 93 59 59 59 1
1 93 94 91 59 59 59 1
1 95 96 97 42 42 42 1
1 97 98 95 42 42 42 1
1 99 100 101 60 61 60 1
1 101 102 99 60 62 60 1
1 103 89 88 63 64 63 2
1 88 104 103 63 65 63 2
1 105 106 107 66 47 67 1
1 108 105 107 68 66 67 1
1 109 108 107 69 68 67 1
1 110 111 112 70 71 70 1
1 112 113 110 70 72 70 1
1 114 115 116 73 74 73 1
1 116 117 114 73 75 73 1
1 118 119 120 42 42 42 1
1 120 121 118 42 42 42 1
1 122 123 124 76 77 76 1
1 124 125 122 76 78 76 1
1 126 112 111 79 80 79 2
1 111 127 126 79 81 79 2
1 128 129 130 66 47 82 1
1 131 128 130 83 66 82 1
1 132 131 130 84 83 82 1
1 133 134 135 58 58 58 1
1 135 136 133 58 58 58 1
1 137 138 139 85 86 85 1
1 139 140 137 85 59 85 1
1 141 142 143 42 42 42 1
1 143 144 141 42 42 42 1
1 145 146 147 87 87 87 1
1 147 148 145 87 87 87 1
1 149 135 134 88 89 88 2
1 134 150 149 88 90 88 2
1 151 152 153 91 92 93 1
1 154 151 153 94 91 93 1
1 155 154 153 95 94 93 1
1 156 157 158 96 97 96 1
1 158 159 156 96 98 96 1
1 160 161 162 99 100 99 1
1 162 163 160 99 101 99 1
1 164 165 166 42 42 42 1
1 166 167 164 42 42 42 1
1 168 169 170 102 102 102 1
1 170 171 168 102 102 102 1
1 172 158 157 103 104 103 2
1 157 173 172 103 105 103 2
1 174 175 176 47 47 47 1
1 177 174 176 47 47 47 1
1 178 177 176 47 47 47 1
1 179 180 181 106 106 106 1
1 181 182 179 106 106 106 1
1 183 184 185 107 107 107 1
1 185 186 183 107 107 107 1
1 187 188 189 42 42 42 1
1 189 190 187 42 42 42 1
1 191 192 193 108 109 108 1
1 193 194 191 108 110 108 1
1 195 181 180 111 112 111 2
1 180 196 195 111 113 111 2
1 197 198 199 114 47 115 1
1 200 197 199 116 114 115 1
1 201 200 199 117 116 115 1
1 202 203 204 118 57 118 1
1 204 205 202 118 119 118 1
1 206 207 208 107 107 107 1
1 208 209 206 107 107 107 1
1 210 211 212 42 42 42 1
1 212 213 210 42 42 42 1
1 214 215 216 120 120 120 1
1 216 217 214 120 120 120 1
1 218 204 203 121 121 121 2
1 203 219 218 121 121 121 2
1 220 221 222 47 47 47 1
1 223 220 222 47 47 47 1
1 224 223 222 47 47 47 1
1 225 226 227 122 122 122 1
1 227 228 225 122 122 122 1
1 229 230 231 123 123 123 1
1 231 232 229 123 123 123 1
1 233 234 235 42 42 42 1
1 235 236 233 42 42 42 1
1 237 238 239 124 125 124 1
1 239 240 237 124 126 124 1
1 241 227 226 127 104 127 2
1 226 242 241 127 128 127 2
1 243 244 245 47 47 47 1
1 246 243 245 47 47 47 1
1 247 246 245 47 47 47 1
1 248 249 250 129 129 129 1
1 250 251 248 129 129 129 1
1 252 253 254 130 74 130 1
1 254 255 252 130 131 130 1
1 256 257 258 42 42 42 1
1 258 259 256 42 42 42 1
1 260 261 262 132 132 132 1
1 262 263 260 132 132 132 1
1 264 250 249 133 133 133 2
1 249 265 264 133 133 133 2
1 266 267 268 47 47 47 1
1 269 266 268 47 47 47 1
1 270 269 268 47 47 47 1
1 271 272 273 134 134 134 1
1 273 274 271 134 134 134 1
1 275 276 277 130 74 130 1
1 277 278 275 130 131 130 1
1 279 280 281 42 42 42 1
1 281 282 279 42 42 42 1
1 283 284 285 135 136 135 1
1 285 286 283 135 137 135 1
1 287 273 272 138 133 138 2
1 272 288 287 138 80 138 2
1 289 290 291 47 47 47 1
1 292 289 291 47 47 47 1
1 293 292 291 47 47 47 1
1 294 295 296 139 140 141 1
1 296 297 294 141 139 139 1
1 298 299 300 142 143 144 1
1 300 301 298 144 145 142 1
1 302 300 299 146 144 143 1
1 299 303 302 143 147 146 1
1 304 302 303 148 146 147 1
1 303 305 304 147 149 148 1
1 306 307 308 150 151 152 1
1 308 309 306 152 153 150 1
1 310 308 307 154 152 151 1
1 307 311 310 151 155 154 1
1 312 310 311 156 154 155 1
1 311 313 312 155 157 156 1
1 314 315 316 158 159 160 1
1 316 317 314 160 161 158 1
1 318 316 315 162 160 159 1
1 315 319 318 159 163 162 1
1 320 318 319 164 162 163 1
1 319 321 320 163 165 164 1
1 322 296 295 166 141 140 1
1 295 323 322 140 167 166 1
1 324 325 326 168 168 168 1
1 326 327 328 168 168 168 1
1 324 326 328 168 168 168 1
1 328 329 330 168 168 168 1
1 330 331 332 168 168 168 1
1 328 330 332 168 168 168 1
1 324 328 332 168 168 168 1
1 324 332 333 168 168 168 1
1 334 324 333 168 168 168 1
1 335 336 337 42 42 42 1
1 337 338 339 42 42 42 1
1 335 337 339 42 42 42 1
1 339 340 341 42 42 42 1
1 341 342 343 42 42 42 1
1 339 341 343 42 42 42 1
1 335 339 343 42 42 42 1
1 335 343 344 42 42 42 1
1 345 335 344 42 42 42 1
1 346 347 348 169 170 169 1
1 348 349 346 169 171 169 1
1 350 351 352 172 173 172 1
1 352 353 350 172 174 172 1
1 354 355 356 175 175 175 1
1 356 357 354 175 175 175 1
1 358 359 360 176 176 176 1
1 360 361 358 176 176 176 1
1 362 348 347 177 177 177 2
1 347 363 362 177 177 177 2
1 364 365 366 168 168 168 1
1 367 364 366 168 168 168 1
1 368 367 366 168 168 168 1
1 369 370 371 42 42 42 1
1 372 369 371 42 42 42 1
1 373 372 371 42 42 42 1
1 374 375 376 178 179 178 1
1 376 377 374 178 180 178 1
1 378 379 380 181 181 181 1
1 380 381 378 181 181 181 1
1 382 383 384 182 183 182 1
1 384 385 382 182 184 182 1
1 386 387 388 185 186 185 1
1 388 389 386 185 187 185 1
1 390 376 375 188 189 188 2
1 375 391 390 188 190 188 2
1 392 393 394 168 168 168 1
1 395 392 394 168 168 168 1
1 396 395 394 168 168 168 1
1 397 398 399 42 42 42 1
1 400 397 399 42 42 42 1
1 401 400 399 42 42 42 1
1 402 403 404 191 192 191 1
1 404 405 402 191 193 191 1
1 406 407 408 194 195 194 1
1 408 409 406 194 196 194 1
1 410 411 412 197 198 197 1
1 412 413 410 197 199 197 1
1 414 415 416 200 201 200 1
1 416 417 414 200 202 200 1
1 418 404 403 203 204 203 2
1 403 419 418 203 205 203 2
1 420 421 422 168 168 168 1
1 423 420 422 168 168 168 1
1 424 423 422 168 168 168 1
1 425 426 427 42 42 42 1
1 428 425 427 42 42 42 1
1 429 428 427 42 42 42 1
1 430 431 432 206 206 206 1
1 432 433 430 206 206 206 1
1 434 435 436 207 208 207 1
1 436 437 434 207 209 207 1
1 438 439 440 47 47 47 1
1 440 441 438 47 47 47 1
1 442 443 444 210 211 210 1
1 444 445 442 210 212 210 1
1 446 432 431 213 214 213 2
1 431 447 446 213 215 213 2
1 448 449 450 168 168 168 1
1 451 448 450 168 168 168 1
1 452 451 450 168 168 168 1
1 453 454 455 42 42 42 1
1 456 453 455 42 42 42 1
1 457 456 455 42 42 42 1
1 458 459 460 216 217 216 1
1 460 461 458 216 218 216 1
1 462 463 464 219 220 219 1
1 464 465 462 219 221 219 1
1 466 467 468 222 222 222 1
1 468 469 466 222 222 222 1
1 470 471 472 223 223 223 1
1 472 473 470 223 223 223 1
1 474 460 459 224 225 224 2
1 459 475 474 224 226 224 2
1 476 477 478 168 168 168 1
1 479 476 478 168 168 168 1
1 480 479 478 168 168 168 1
1 481 482 483 42 42 42 1
1 484 481 483 42 42 42 1
1 485 484 483 42 42 42 1
1 486 487 488 227 228 227 1
1 488 489 486 227 229 227 1
1 490 491 492 230 230 230 1
1 492 493 490 230 230 230 1
1 494 495 496 47 47 47 1
1 496 497 494 47 47 47 1
1 498 499 500 231 232 231 1
1 500 501 498 231 233 231 1
1 502 488 487 234 235 234 2
1 487 503 502 234 236 234 2
1 504 505 506 168 168 168 1
1 507 504 506 168 168 168 1
1 508 507 506 168 168 168 1
1 509 510 511 42 42 42 1
1 512 509 511 42 42 42 1
1 513 512 511 42 42 42 1
1 514 515 516 237 237 237 1
1 516 517 514 237 237 237 1
1 518 519 520 238 239 238 1
1 520 521 518 238 240 238 1
1 522 523 524 222 222 222 1
1 524 525 522 222 222 222 1
1 526 527 528 241 241 241 1
1 528 529 526 241 241 241 1
1 530 516 515 242 243 242 2
1 515 531 530 242 244 242 2
1 532 533 534 168 168 168 1
1 535 532 534 168 168 168 1
1 536 535 534 168 168 168 1
1 537 538 539 42 42 42 1
1 540 537 539 42 42 42 1
1 541 540 539 42 42 42 1
1 542 543 544 245 246 245 1
1 544 545 542 245 247 245 1
1 546 547 548 248 249 248 1
1 548 549 546 248 250 248 1
1 550 551 552 251 251 251 1
1 552 553 550 251 251 251 1
1 554 555 556 252 253 252 1
1 556 557 554 252 254 252 1
1 558 544 543 255 256 255 2
1 543 559 558 255 257 255 2
1 560 561 562 168 168 168 1
1 563 560 562 168 168 168 1
1 564 563 562 168 168 168 1
1 565 566 567 42 42 42 1
1 568 565 567 42 42 42 1
1 569 568 567 42 42 42 1
1 570 571 572 258 259 258 1
1 572 573 570 258 260 258 1
1 574 575 576 261 262 261 1
1 576 577 574 261 263 261 1
1 578 579 580 264 264 264 1
1 580 581 578 264 264 264 1
1 582 583 584 265 266 265 1
1 584 585 582 265 267 265 1
1 586 572 571 268 269 268 2
1 571 587 586 268 270 268 2
1 588 589 590 168 168 168 1
1 591 588 590 168 168 168 1
1 592 591 590 168 168 168 1
1 593 594 595 42 42 42 1
1 596 593 595 42 42 42 1
1 597 596 595 42 42 42 1
1 598 599 600 271 271 271 1
1 600 601 598 271 271 271 1
1 602 603 604 272 273 272 1
1 604 605 602 272 274 272 1
1 606 607 608 275 275 275 1
1 608 609 606 275 275 275 1
1 610 611 612 276 277 276 1
1 612 613 610 276 278 276 1
1 614 600 599 279 280 279 2
1 599 615 614 279 281 279 2
1 616 617 618 168 168 168 1
1 619 616 618 168 168 168 1
1 620 619 618 168 168 168 1
1 621 622 623 42 42 42 1
1 624 621 623 42 42 42 1
1 625 624 623 42 42 42 1
1 626 627 628 282 282 282 1
1 628 629 626 282 282 282 1
1 630 631 632 283 283 283 1
1 632 633 630 283 283 283 1
1 634 635 636 284 284 284 1
1 636 637 634 284 284 284 1
1 638 639 640 285 285 285 1
1 640 641 638 285 285 285 1
1 642 628 627 286 286 286 2
1 627 643 642 286 286 286 2
1 644 645 646 168 168 168 1
1 647 644 646 168 168 168 1
1 648 647 646 168 168 168 1
1 649 650 651 42 42 42 1
1 652 649 651 42 42 42 1
1 653 652 651 42 42 42 1
1 654 655 656 287 288 289 1
1 656 657 654 289 290 287 1
1 658 659 660 291 292 293 1
1 660 661 658 293 294 291 1
1 662 660 659 295 293 292 1
1 659 663 662 292 296 295 1
1 664 662 663 297 295 296 1
1 663 665 664 296 298 297 1
1 666 667 668 299 300 301 1
1 668 669 666 301 302 299 1
1 670 668 667 303 301 300 1
1 667 671 670 300 304 303 1
1 672 670 671 305 303 304 1
1 671 673 672 304 306 305 1
1 674 675 676 307 308 309 1
1 676 677 674 309 310 307 1
1 678 676 675 311 309 308 1
1 675 679 678 308 312 311 1
1 680 678 679 313 311 312 1
1 679 681 680 312 314 313 1
1 682 656 655 315 289 288 1
1 655 683 682 288 315 315 1
1 684 685 686 316 317 318 1
1 686 687 688 318 319 320 1
1 684 686 688 316 318 320 1
1 688 689 690 320 321 322 1
1 690 691 692 322 323 324 1
1 688 690 692 320 322 324 1
1 684 688 692 316 320 324 1
1 684 692 693 316 324 325 1
1 694 684 693 326 316 325 1
1 695 696 697 327 328 329 1
1 697 698 699 329 42 42 1
1 695 697 699 327 329 42 1
1 699 700 701 42 42 42 1
1 701 702 703 42 42 330 1
1 699 701 703 42 42 330 1
1 695 699 703 327 42 330 1
1 695 703 704 327 330 331 1
1 705 695 704 332 327 331 1
1 706 707 708 333 334 333 1
1 708 709 706 333 335 333 1
1 710 711 712 336 336 336 1
1 712 713 710 336 336 336 1
1 714 715 716 337 338 337 1
1 716 717 714 337 339 337 1
1 718 719 720 340 340 340 1
1 720 721 718 340 340 340 1
1 722 708 707 341 341 341 2
1 707 723 722 341 341 341 2
1 724 725 726 168 168 168 1
1 727 724 726 168 168 168 1
1 728 727 726 168 168 168 1
1 729 730 731 42 42 42 1
1 732 729 731 42 42 42 1
1 733 732 731 42 42 42 1
1 734 735 736 342 342 342 1
1 736 737 734 342 342 342 1
1 738 739 740 343 344 343 1
1 740 741 738 343 345 343 1
1 742 743 744 346 346 346 1
1 744 745 742 346 346 346 1
1 746 747 748 347 348 347 1
1 748 749 746 347 349 347 1
1 750 736 735 350 350 350 2
1 735 751 750 350 350 350 2
1 752 753 754 168 168 168 1
1 755 752 754 168 168 168 1
1 756 755 754 168 168 168 1
1 757 758 759 42 42 42 1
1 760 757 759 42 42 42 1
1 761 760 759 42 42 42 1
1 762 763 764 351 352 351 1
1 764 765 762 351 353 351 1
1 766 767 768 354 355 354 1
1 768 769 766 354 356 354 1
1 770 771 772 357 358 357 1
1 772 773 770 357 222 357 1
1 774 775 776 359 360 359 1
1 776 777 774 359 361 359 1
1 778 764 763 362 363 362 2
1 763 779 778 362 364 362 2
1 780 781 782 168 168 168 1
1 783 780 782 168 168 168 1
1 784 783 782 168 168 168 1
1 785 786 787 42 42 42 1
1 788 785 787 42 42 42 1
1 789 788 787 42 42 42 1
1 790 791 792 365 365 365 1
1 792 793 790 365 365 365 1
1 794 795 796 366 367 366 1
1 796 797 794 366 368 366 1
1 798 799 800 47 47 47 1
1 800 801 798 47 47 47 1
1 802 803 804 369 370 369 1
1 804 805 802 369 371 369 1
1 806 792 791 372 373 372 2
1 791 807 806 372 374 372 2
1 808 809 810 168 168 168 1
1 811 808 810 168 168 168 1
1 812 811 810 168 168 168 1
1 813 814 815 42 42 42 1
1 816 813 815 42 42 42 1
1 817 816 815 42 42 42 1
1 818 819 820 375 375 375 1
1 820 821 818 375 375 375 1
1 822 823 824 376 377 376 1
1 824 825 822 376 378 376 1
1 826 827 828 379 222 379 1
1 828 829 826 379 380 379 1
1 830 831 832 223 223 223 1
1 832 833 830 223 223 223 1
1 834 820 819 226 226 226 2
1 819 835 834 226 226 226 2
1 836 837 838 168 168 168 1
1 839 836 838 168 168 168 1
1 840 839 838 168 168 168 1
1 841 842 843 42 42 42 1
1 844 841 843 42 42 42 1
1 845 844 843 42 42 42 1
1 846 847 848 381 382 381 1
1 848 849 846 381 383 381 1
1 850 851 852 230 230 230 1
1 852 853 850 230 230 230 1
1 854 855 856 47 47 47 1
1 856 857 854 47 47 47 1
1 858 859 860 231 232 231 1
1 860 861 858 231 233 231 1
1 862 848 847 384 385 384 2
1 847 863 862 384 236 384 2
1 864 865 866 168 168 168 1
1 867 864 866 168 168 168 1
1 868 867 866 168 168 168 1
1 869 870 871 42 42 42 1
1 872 869 871 42 42 42 1
1 873 872 871 42 42 42 1
1 874 875 876 386 386 386 1
1 876 877 874 386 386 386 1
1 878 879 880 387 387 387 1
1 880 881 878 387 387 387 1
1 882 883 884 222 222 222 1
1 884 885 882 222 222 222 1
1 886 887 888 388 388 388 1
1 888 889 886 388 388 388 1
1 890 876 875 389 389 389 2
1 875 891 890 389 389 389 2
1 892 893 894 168 168 168 1
1 895 892 894 168 168 168 1
1 896 895 894 168 168 168 1
1 897 898 899 42 42 42 1
1 900 897 899 42 42 42 1
1 901 900 899 42 42 42 1
1 902 903 904 390 391 390 1
1 904 905 902 390 392 390 1
1 906 907 908 393 394 393 1
1 908 909 906 393 395 393 1
1 910 911 912 396 396 396 1
1 912 913 910 396 396 396 1
1 914 915 916 397 397 397 1
1 916 917 914 397 397 397 1
1 918 904 903 398 399 398 2
1 903 919 918 398 400 398 2
1 920 921 922 168 168 168 1
1 923 920 922 168 168 168 1
1 924 923 922 168 168 168 1
1 925 926 927 42 42 42 1
1 928 925 927 42 42 42 1
1 929 928 927 42 42 42 1
1 930 931 932 401 401 401 1
1 932 933 930 401 401 401 1
1 934 935 936 402 402 402 1
1 936 937 934 402 402 402 1
1 938 939 940 264 264 264 1
1 940 941 938 264 264 264 1
1 942 943 944 403 403 403 1
1 944 945 942 403 403 403 1
1 946 932 931 404 404 404 2
1 931 947 946 404 404 404 2
1 948 949 950 168 168 168 1
1 951 948 950 168 168 168 1
1 952 951 950 168 168 168 1
1 953 954 955 42 42 42 1
1 956 953 955 42 42 42 1
1 957 956 955 42 42 42 1
1 958 959 960 405 405 405 1
1 960 961 958 405 405 405 1
1 962 963 964 406 406 406 1
1 964 965 962 406 406 406 1
1 966 967 968 284 284 284 1
1 968 969 966 284 284 284 1
1 970 971 972 407 407 407 1
1 972 973 970 407 407 407 1
1 974 960 959 408 408 408 2
1 959 975 974 408 408 408 2
1 976 977 978 168 168 168 1
1 979 976 978 168 168 168 1
1 980 979 978 168 168 168 1
1 981 982 983 42 42 42 1
1 984 981 983 42 42 42 1
1 985 984 983 42 42 42 1
1 986 987 988 409 410 409 1
1 988 989 986 409 282 409 1
1 990 991 992 283 283 283 1
1 992 993 990 283 283 283 1
1 994 995 996 284 284 284 1
1 996 997 994 284 284 284 1
1 998 999 1000 285 285 285 1
1 1000 1001 998 285 285 285 1
1 1002 988 987 411 412 411 2
1 987 1003 1002 411 413 411 2
1 1004 1005 1006 168 168 168 1
1 1007 1004 1006 168 168 168 1
1 1008 1007 1006 168 168 168 1
1 1009 1010 1011 42 42 42 1
1 1012 1009 1011 42 42 42 1
1 1013 1012 1011 42 42 42 1

Materials: 3
"Cylinder01Cls_9_"
0.584314 0.584314 0.584314 1.000000
0.584314 0.584314 0.584314 1.000000
0.894118 0.894118 0.894118 1.000000
0.000000 0.000000 0.000000 1.000000
125.440002
1.000000
"ROHR_5.tga"
""
"Cylinder01Cls_0_"
0.584314 0.584314 0.584314 1.000000
0.584314 0.584314 0.584314 1.000000
0.894118 0.894118 0.894118 1.000000
0.000000 0.000000 0.000000 1.000000
125.440002
1.000000
"METALL_2.tga"
""
"Material"
0.117647 0.117647 0.117647 1.000000
0.752941 0.752941 0.752941 1.000000
0.752941 0.752941 0.752941 1.000000
0.000000 0.000000 0.000000 1.000000
125.440002
1.000000
""
""

Bones: 0
GroupComments: 0
MaterialComments: 0
BoneComments: 0
ModelComment: 0
