// MilkShape 3D ASCII

Frames: 30
Frame: 1

Meshes: 4
"MSH-Objec1" 1 0
176
1 13.704809 6.569583 15.320446 0.500000 2.062327 -1
1 12.878308 6.569584 10.633125 0.837021 2.062327 -1
1 12.878308 7.219127 10.633125 0.837021 1.989497 -1
1 13.704809 7.219127 15.320446 0.500000 1.989497 -1
1 10.498492 6.569582 6.511164 1.133393 2.062327 -1
1 10.498492 7.219126 6.511164 1.133393 1.989497 -1
1 10.498492 6.569582 6.511164 -0.254848 2.062327 -1
1 6.852404 6.569582 3.451732 0.007308 2.062327 -1
1 6.852404 7.219125 3.451732 0.007308 1.989497 -1
1 10.498492 7.219126 6.511164 -0.254848 1.989497 -1
1 2.379814 6.569582 1.823840 0.328890 2.062327 -1
1 2.441700 7.219126 1.472869 0.328890 1.989497 -1
1 -2.379817 6.569582 1.823844 0.671110 2.062327 -1
1 -2.379817 7.219126 1.823844 0.671110 1.989497 -1
1 -6.852406 6.569582 3.451733 0.992692 2.062327 -1
1 -6.852406 7.219125 3.451733 0.992692 1.989497 -1
1 -10.498494 6.569582 6.511165 1.254848 2.062327 -1
1 -10.498494 7.219126 6.511165 1.254848 1.989497 -1
1 -10.498494 6.569582 6.511165 -0.133393 2.062327 -1
1 -12.878309 6.569584 10.633127 0.162979 2.062327 -1
1 -12.878309 7.219127 10.633127 0.162979 1.989497 -1
1 -10.498494 7.219126 6.511165 -0.133393 1.989497 -1
1 -13.704809 6.569583 15.320448 0.500000 2.062327 -1
1 -13.704809 7.219127 15.320448 0.500000 1.989497 -1
1 -12.878308 6.569583 20.007763 0.837021 2.062327 -1
1 -12.878308 7.219126 20.007763 0.837021 1.989497 -1
1 -10.498491 6.569583 24.129726 1.133393 2.062327 -1
1 -10.498491 7.219127 24.129726 1.133393 1.989497 -1
1 -10.498491 6.569583 24.129726 -0.254848 2.062327 -1
1 -6.852402 6.569584 27.189156 0.007308 2.062327 -1
1 -6.852402 7.219126 27.189156 0.007308 1.989497 -1
1 -10.498491 7.219127 24.129726 -0.254848 1.989497 -1
1 -2.379812 6.569583 28.817043 0.328890 2.062327 -1
1 -2.441698 7.219127 29.168018 0.328890 1.989497 -1
1 2.379819 6.569583 28.817043 0.671110 2.062327 -1
1 2.379819 7.219126 28.817043 0.671110 1.989497 -1
1 6.852408 6.569584 27.189152 0.992692 2.062327 -1
1 6.852408 7.219126 27.189152 0.992692 1.989497 -1
1 10.498496 6.569583 24.129719 1.254848 2.062327 -1
1 10.498496 7.219127 24.129719 1.254848 1.989497 -1
1 10.498496 6.569583 24.129719 -0.133393 2.062327 -1
1 12.878309 6.569583 20.007759 0.162979 2.062327 -1
1 12.878309 7.219126 20.007759 0.162979 1.989497 -1
1 10.498496 7.219127 24.129719 -0.133393 1.989497 -1
1 13.704809 33.793873 15.320446 0.500000 -0.990202 -1
1 12.878308 33.793873 10.633123 0.837021 -0.990202 -1
1 13.213202 34.437122 10.511230 0.837021 -1.062327 -1
1 14.061196 34.437122 15.320444 0.500000 -1.062327 -1
1 10.771501 33.793873 6.282082 1.133393 -0.990202 -1
1 10.771501 34.437122 6.282080 1.133393 -1.062327 -1
1 10.771501 33.793873 6.282082 -0.254848 -0.990202 -1
1 6.852404 33.793873 3.451730 0.007308 -0.990202 -1
1 7.030598 34.437122 3.143090 0.007308 -1.062327 -1
1 10.771501 34.437122 6.282080 -0.254848 -1.062327 -1
1 2.379814 33.793873 1.823840 0.328890 -0.990202 -1
1 2.441700 34.437122 1.472869 0.328890 -1.062327 -1
1 -2.379817 33.793873 1.823844 0.671110 -0.990202 -1
1 -2.441703 34.437122 1.472869 0.671110 -1.062327 -1
1 -6.852406 33.793873 3.451731 0.992692 -0.990202 -1
1 -7.030600 34.437122 3.143091 0.992692 -1.062327 -1
1 -10.771502 33.793873 6.282082 1.254848 -0.990202 -1
1 -10.771502 34.437122 6.282082 1.254848 -1.062327 -1
1 -10.771502 33.793873 6.282082 -0.133393 -0.990202 -1
1 -12.878309 33.793873 10.633125 0.162979 -0.990202 -1
1 -13.213203 34.437122 10.511234 0.162979 -1.062327 -1
1 -10.771502 34.437122 6.282082 -0.133393 -1.062327 -1
1 -13.704809 33.793873 15.320448 0.500000 -0.990202 -1
1 -14.061196 34.437122 15.320448 0.500000 -1.062327 -1
1 -12.878308 33.793873 20.007763 0.837021 -0.990202 -1
1 -13.213202 34.437122 20.129654 0.837021 -1.062327 -1
1 -10.498491 33.793873 24.129726 1.133393 -0.990202 -1
1 -10.771500 34.437122 24.358807 1.133393 -1.062327 -1
1 -10.498491 33.793873 24.129726 -0.254848 -0.990202 -1
1 -6.852402 33.793873 27.189156 0.007308 -0.990202 -1
1 -7.030596 34.437122 27.497795 0.007308 -1.062327 -1
1 -10.771500 34.437122 24.358807 -0.254848 -1.062327 -1
1 -2.379812 33.793873 28.817043 0.328890 -0.990202 -1
1 -2.441698 34.437122 29.168015 0.328890 -1.062327 -1
1 2.379819 33.793873 28.817043 0.671110 -0.990202 -1
1 2.441705 34.437122 29.168015 0.671110 -1.062327 -1
1 6.852408 33.793873 27.189152 0.992692 -0.990202 -1
1 7.030602 34.437122 27.497791 0.992692 -1.062327 -1
1 10.498496 33.793873 24.129719 1.254848 -0.990202 -1
1 10.771504 34.437122 24.358799 1.254848 -1.062327 -1
1 10.498496 33.793873 24.129719 -0.133393 -0.990202 -1
1 12.878309 33.793873 20.007755 0.162979 -0.990202 -1
1 13.213204 34.437122 20.129646 0.162979 -1.062327 -1
1 10.771504 34.437122 24.358799 -0.133393 -1.062327 -1
1 2.379819 7.219126 28.817043 0.666773 1.445818 -1
1 -2.379812 7.219126 28.817043 0.333227 1.445818 -1
1 -2.441698 7.219127 29.168018 0.328890 1.470414 -1
1 -6.852402 7.219126 27.189156 0.019795 1.331739 -1
1 -2.379817 7.219126 1.823844 0.333227 -0.445818 -1
1 2.379814 7.219126 1.823840 0.666773 -0.445818 -1
1 2.441700 7.219126 1.472869 0.671110 -0.470414 -1
1 6.852404 7.219125 3.451732 0.980205 -0.331739 -1
1 12.878308 33.793873 10.633123 -0.402490 0.171521 -1
1 10.498492 33.793873 6.511162 -0.235716 -0.117339 -1
1 10.771501 33.793873 6.282082 -0.254848 -0.133393 -1
1 6.852404 33.793873 3.451730 0.019795 -0.331739 -1
1 -6.852406 33.793873 3.451731 0.980205 -0.331739 -1
1 -10.498494 33.793873 6.511164 1.235716 -0.117339 -1
1 -10.771502 33.793873 6.282082 1.254848 -0.133393 -1
1 -12.878309 33.793873 10.633125 1.402489 0.171521 -1
1 13.213202 34.437122 10.511230 1.425958 0.162979 -1
1 13.213204 34.437122 20.129646 1.425958 0.837021 -1
1 14.061196 34.437122 15.320444 1.485384 0.500000 -1
1 7.030602 34.437122 27.497791 0.992692 1.353368 -1
1 10.771504 34.437122 24.358799 1.254848 1.133393 -1
1 -2.441698 34.437122 29.168015 0.328890 1.470414 -1
1 2.441705 34.437122 29.168015 0.671110 1.470414 -1
1 -7.030596 34.437122 27.497795 0.007308 1.353368 -1
1 -13.213202 34.437122 20.129654 -0.425958 0.837021 -1
1 -10.771500 34.437122 24.358807 -0.254848 1.133393 -1
1 -13.213203 34.437122 10.511234 -0.425958 0.162979 -1
1 -14.061196 34.437122 15.320448 -0.485384 0.500000 -1
1 -10.771502 34.437122 6.282082 -0.254848 -0.133393 -1
1 -2.441703 34.437122 1.472869 0.328890 -0.470414 -1
1 -7.030600 34.437122 3.143091 0.007308 -0.353368 -1
1 2.441700 34.437122 1.472869 0.671110 -0.470414 -1
1 10.771501 34.437122 6.282080 1.254848 -0.133393 -1
1 7.030598 34.437122 3.143090 0.992692 -0.353368 -1
1 6.487036 34.151730 12.959358 0.954600 0.334539 -1
1 6.903360 34.151730 15.320446 0.983775 0.500000 -1
1 5.288279 34.151730 10.883051 0.870594 0.189035 -1
1 3.451679 34.151730 9.341957 0.741888 0.081038 -1
1 1.198756 34.151730 8.521962 0.584007 0.023574 -1
1 -1.198756 34.151730 8.521962 0.415993 0.023574 -1
1 -3.451680 34.151730 9.341961 0.258112 0.081038 -1
1 -5.288280 34.151730 10.883051 0.129407 0.189035 -1
1 -6.487035 34.151730 12.959358 0.045400 0.334539 -1
1 -6.903358 34.151730 15.320446 0.016225 0.500000 -1
1 -6.487035 34.151730 17.681530 0.045400 0.665461 -1
1 -5.288279 34.151730 19.757835 0.129406 0.810965 -1
1 -3.451679 34.151730 21.298923 0.258112 0.918962 -1
1 -1.198754 34.151730 22.118923 0.415993 0.976426 -1
1 1.198758 34.151730 22.118923 0.584007 0.976426 -1
1 3.451681 34.151730 21.298923 0.741888 0.918962 -1
1 5.288281 34.151730 19.757832 0.870593 0.810965 -1
1 6.487037 34.151730 17.681526 0.954600 0.665461 -1
1 6.722236 37.451611 15.320446 0.971083 0.500000 -1
1 6.316835 37.451611 13.021305 0.942673 0.338880 -1
1 4.229905 37.451611 13.780888 0.796424 0.392111 -1
1 4.501370 37.451611 15.320446 0.815448 0.500000 -1
1 5.149530 37.451611 10.999475 0.860870 0.197194 -1
1 3.448248 37.588871 12.427019 0.468895 0.515000 -1
1 3.361117 37.451611 9.498816 0.735541 0.092030 -1
1 2.250684 37.451611 11.422144 0.657724 0.226814 -1
1 1.167304 37.451611 8.700335 0.581803 0.036074 -1
1 0.781655 37.588871 10.887461 0.412357 0.515000 -1
1 -1.167304 37.451611 8.700335 0.418197 0.036074 -1
1 -0.781654 37.451611 10.887461 0.445223 0.189344 -1
1 -3.361118 37.451611 9.498819 0.264459 0.092031 -1
1 -2.250685 37.588871 11.422146 0.752359 0.515000 -1
1 -5.149532 37.451611 10.999475 0.139130 0.197194 -1
1 -3.448249 37.451611 12.427021 0.258353 0.297234 -1
1 -6.316835 37.451611 13.021305 0.057327 0.338880 -1
1 -4.229903 37.451611 13.780886 0.203576 0.392110 -1
1 -6.722235 37.451611 15.320446 0.028917 0.500000 -1
1 -4.501369 37.451611 15.320446 0.184552 0.500000 -1
1 -6.316834 37.451611 17.619583 0.057327 0.661120 -1
1 -4.229903 37.451611 16.860001 0.203576 0.607890 -1
1 -5.149530 37.451611 19.641411 0.139130 0.802806 -1
1 -3.448248 37.451611 18.213863 0.258353 0.702766 -1
1 -3.361117 37.451611 21.142067 0.264459 0.907969 -1
1 -2.250684 37.451611 19.218739 0.342276 0.773186 -1
1 -1.167302 37.451611 21.940548 0.418197 0.963926 -1
1 -0.781653 37.451611 19.753422 0.445223 0.810656 -1
1 1.167306 37.451611 21.940548 0.581803 0.963926 -1
1 0.781656 37.451611 19.753422 0.554777 0.810656 -1
1 3.361119 37.451611 21.142067 0.735541 0.907969 -1
1 2.250686 37.451611 19.218739 0.657724 0.773186 -1
1 5.149532 37.451611 19.641407 0.860870 0.802806 -1
1 3.448249 37.588871 18.213863 0.531105 0.515000 -1
1 6.316836 37.451611 17.619576 0.942673 0.661120 -1
1 4.229905 37.451611 16.859997 0.796424 0.607889 -1
138
0.998277 0.000000 -0.058674
0.918006 0.000000 -0.396567
0.958142 0.000000 -0.286295
0.998277 0.000000 0.058674
0.866025 0.000000 -0.500000
0.642788 0.000000 -0.766044
0.468728 -0.164684 -0.867855
0.569798 0.000000 -0.821785
0.642788 0.000000 -0.766044
0.082304 -0.328458 -0.940926
0.226017 -0.330568 -0.916320
-0.231132 0.000000 -0.972922
-0.140634 -0.162641 -0.976611
-0.549952 0.000000 -0.835196
-0.448325 0.000000 -0.893871
-0.642788 0.000000 -0.766044
-0.642788 0.000000 -0.766044
-0.866026 0.000000 -0.500000
-0.958142 0.000000 -0.286295
-0.918006 0.000000 -0.396567
-0.998277 0.000000 0.058675
-0.998277 0.000000 -0.058674
-0.918006 0.000000 0.396567
-0.958142 0.000000 0.286295
-0.866025 0.000000 0.500000
-0.642787 0.000000 0.766045
-0.468728 -0.164686 0.867855
-0.569798 0.000000 0.821785
-0.082304 -0.328461 0.940925
-0.226016 -0.330570 0.916319
0.231132 0.000000 0.972922
0.140634 -0.162642 0.976611
0.549952 0.000000 0.835196
0.448325 0.000000 0.893870
0.642788 0.000000 0.766044
0.642788 0.000000 0.766044
0.866026 0.000000 0.500000
0.958142 0.000000 0.286295
0.918006 0.000000 0.396567
0.866026 0.000000 0.500000
0.873565 -0.483991 -0.051344
0.873881 -0.331564 -0.355524
0.838444 -0.483991 -0.250529
0.873565 -0.483992 0.051344
0.900040 -0.000001 -0.435806
0.857240 -0.247304 -0.451643
0.596960 -0.249371 -0.762531
0.373505 -0.483358 -0.791744
0.504143 -0.333034 -0.796824
0.642788 -0.000002 -0.766044
0.101129 -0.483991 -0.869210
0.202257 -0.483991 -0.851378
-0.202257 -0.483993 -0.851377
-0.101129 -0.483993 -0.869209
-0.501870 -0.331564 -0.798869
-0.392317 -0.483992 -0.782202
-0.585476 0.000000 -0.810690
-0.593639 -0.247303 -0.765789
-0.854608 -0.249369 -0.455479
-0.844574 -0.483359 -0.230346
-0.872262 -0.333033 -0.358117
-0.866026 0.000000 -0.500000
-0.873565 -0.483991 0.051345
-0.873565 -0.483992 -0.051344
-0.803322 -0.483990 0.347025
-0.838444 -0.483991 0.250529
-0.760226 -0.478967 0.438917
-0.760226 -0.478966 0.438917
-0.564260 -0.478967 0.672459
-0.392317 -0.483991 0.782202
-0.481248 -0.483991 0.730858
-0.564260 -0.478966 0.672460
-0.101129 -0.483990 0.869210
-0.202257 -0.483990 0.851379
0.202258 -0.483990 0.851378
0.101129 -0.483990 0.869210
0.481248 -0.483991 0.730857
0.392317 -0.483991 0.782202
0.564261 -0.478966 0.672459
0.564260 -0.478967 0.672459
0.760226 -0.478967 0.438916
0.838443 -0.483992 0.250529
0.803322 -0.483992 0.347024
0.760226 -0.478967 0.438916
0.000000 1.000000 -0.000003
0.000000 1.000000 -0.000003
0.000001 1.000000 -0.000003
0.000000 1.000000 0.000000
0.000000 1.000000 0.000000
0.000000 1.000000 0.000000
0.000000 -1.000000 0.000000
-0.028120 0.999553 0.010115
-0.027822 0.999604 -0.004180
-0.018626 0.999604 -0.021085
-0.002330 0.999419 -0.034008
0.015039 0.999553 -0.025824
0.023999 0.999604 -0.014681
0.033896 0.999419 0.003611
0.022820 0.999553 0.019295
0.013821 0.999419 0.031160
-0.005300 0.999553 0.029410
-0.020075 0.999419 0.027549
-0.043204 0.999018 0.009810
-0.046011 0.998940 0.001088
-0.032024 0.999203 0.023815
-0.022063 0.998940 0.040391
-0.013107 0.999018 0.042321
0.004612 0.999203 0.039641
0.023948 0.998940 0.039303
0.030097 0.999018 0.032511
0.036636 0.999203 0.015826
0.046011 0.998940 -0.001088
0.043204 0.999018 -0.009810
0.034547 0.998940 -0.030409
0.026791 0.999018 -0.035286
0.009224 0.999203 -0.038828
-0.009061 0.998940 -0.045123
-0.017163 0.999018 -0.040844
-0.035946 0.998940 -0.028742
-0.039402 0.999018 -0.020256
0.028246 0.999450 0.017401
0.010133 0.999561 0.027840
0.012485 0.998719 -0.049046
0.022674 0.999518 -0.021229
0.032823 0.999450 -0.004826
0.020081 0.999515 -0.023799
-0.021962 0.998719 -0.045596
0.003723 0.999518 -0.030837
0.022042 0.999450 -0.024795
0.000085 0.999515 -0.031139
-0.046133 0.998719 -0.020812
-0.016969 0.999518 -0.026016
-0.038975 0.999240 -0.001160
-0.012232 0.999450 0.030838
-0.025658 0.999561 0.014814
0.050469 0.998719 0.003778
0.024843 0.999518 0.018643
0.037021 0.999240 -0.012240
152
1 0 1 2 0 1 2 1
1 2 3 0 2 3 0 1
1 1 4 5 1 4 4 1
1 5 2 1 4 2 1 1
1 6 7 8 5 6 7 1
1 8 9 6 7 8 5 1
1 7 10 11 6 9 10 1
1 11 8 7 10 7 6 1
1 10 12 13 9 11 12 1
1 13 11 10 12 10 9 1
1 12 14 15 11 13 14 1
1 15 13 12 14 12 11 1
1 14 16 17 13 15 16 1
1 17 15 14 16 14 13 1
1 18 19 20 17 18 19 1
1 20 21 18 19 17 17 1
1 19 22 23 18 20 21 1
1 23 20 19 21 19 18 1
1 22 24 25 20 22 23 1
1 25 23 22 23 21 20 1
1 24 26 27 22 24 24 1
1 27 25 24 24 23 22 1
1 28 29 30 25 26 27 1
1 30 31 28 27 25 25 1
1 29 32 33 26 28 29 1
1 33 30 29 29 27 26 1
1 32 34 35 28 30 31 1
1 35 33 32 31 29 28 1
1 34 36 37 30 32 33 1
1 37 35 34 33 31 30 1
1 36 38 39 32 34 35 1
1 39 37 36 35 33 32 1
1 40 41 42 36 37 38 1
1 42 43 40 38 39 36 1
1 41 0 3 37 0 3 1
1 3 42 41 3 38 37 1
1 44 45 46 40 41 42 1
1 46 47 44 42 43 40 1
1 45 48 49 41 44 45 1
1 49 46 45 45 42 41 1
1 50 51 52 46 47 48 1
1 52 53 50 48 49 46 1
1 51 54 55 47 50 51 1
1 55 52 51 51 48 47 1
1 54 56 57 50 52 53 1
1 57 55 54 53 51 50 1
1 56 58 59 52 54 55 1
1 59 57 56 55 53 52 1
1 58 60 61 54 56 57 1
1 61 59 58 57 55 54 1
1 62 63 64 58 59 60 1
1 64 65 62 60 61 58 1
1 63 66 67 59 62 63 1
1 67 64 63 63 60 59 1
1 66 68 69 62 64 65 1
1 69 67 66 65 63 62 1
1 68 70 71 64 66 67 1
1 71 69 68 67 65 64 1
1 72 73 74 68 69 70 1
1 74 75 72 70 71 68 1
1 73 76 77 69 72 73 1
1 77 74 73 73 70 69 1
1 76 78 79 72 74 75 1
1 79 77 76 75 73 72 1
1 78 80 81 74 76 77 1
1 81 79 78 77 75 74 1
1 80 82 83 76 78 79 1
1 83 81 80 79 77 76 1
1 84 85 86 80 81 82 1
1 86 87 84 82 83 80 1
1 85 44 47 81 40 43 1
1 47 86 85 43 82 81 1
1 88 89 90 84 85 85 1
1 91 90 89 86 85 85 1
1 92 93 94 87 88 88 1
1 95 94 93 89 88 88 1
1 96 97 98 90 90 90 1
1 99 98 97 90 90 90 1
1 100 101 102 90 90 90 1
1 103 102 101 90 90 90 1
1 104 105 106 91 92 87 1
1 105 107 108 92 93 87 1
1 107 109 110 93 94 87 1
1 111 112 113 95 96 87 1
1 112 114 115 96 97 87 1
1 116 117 118 98 99 87 1
1 119 120 121 100 101 87 1
1 105 104 122 92 91 102 1
1 122 123 105 102 103 92 1
1 104 120 124 91 101 104 1
1 124 122 104 104 102 91 1
1 125 124 120 105 104 101 1
1 120 119 126 101 100 106 1
1 126 125 120 106 105 101 1
1 119 117 127 100 99 107 1
1 127 126 119 107 106 100 1
1 128 127 117 108 107 99 1
1 117 116 129 99 98 109 1
1 129 128 117 109 108 99 1
1 116 114 130 98 97 110 1
1 130 129 116 110 109 98 1
1 131 130 114 111 110 97 1
1 114 112 132 97 96 112 1
1 132 131 114 112 111 97 1
1 133 132 112 113 112 96 1
1 112 111 134 96 95 114 1
1 134 133 112 114 113 96 1
1 111 109 135 95 94 115 1
1 135 134 111 115 114 95 1
1 136 135 109 116 115 94 1
1 109 107 137 94 93 117 1
1 137 136 109 117 116 94 1
1 138 137 107 118 117 93 1
1 107 105 139 93 92 119 1
1 139 138 107 119 118 93 1
1 123 139 105 103 119 92 1
1 140 141 142 87 120 121 2
1 142 143 140 121 87 87 2
1 141 144 145 120 122 123 2
1 145 142 141 123 121 120 2
1 144 146 147 122 124 125 2
1 147 145 144 125 123 122 2
1 146 148 149 124 126 127 2
1 149 147 146 127 125 124 2
1 148 150 151 126 128 129 2
1 151 149 148 129 127 126 2
1 150 152 153 128 130 131 2
1 153 151 150 131 129 128 2
1 152 154 155 130 87 132 2
1 155 153 152 132 131 130 2
1 154 156 157 87 87 87 2
1 157 155 154 87 132 87 2
1 156 158 159 87 87 87 1
1 159 157 156 87 87 87 2
1 158 160 161 87 87 87 1
1 161 159 158 87 87 87 1
1 160 162 163 87 87 87 1
1 163 161 160 87 87 87 1
1 162 164 165 87 87 87 1
1 165 163 162 87 87 87 1
1 164 166 167 87 87 87 1
1 167 165 164 87 87 87 1
1 166 168 169 87 87 87 2
1 169 167 166 87 87 87 2
1 168 170 171 87 133 134 2
1 171 169 168 134 87 87 2
1 170 172 173 133 135 136 2
1 173 171 170 136 134 133 2
1 172 174 175 135 87 137 2
1 175 173 172 137 136 135 2
1 174 140 143 87 87 87 2
1 143 175 174 87 137 87 2
"MSH-Objec2" 1 1
126
1 -10.498491 33.793873 24.129726 -0.661052 0.003333 -1
1 -12.878308 33.793873 20.007763 -0.882977 0.003333 -1
1 -12.878308 7.219126 20.007763 -0.882977 0.996667 -1
1 -5.288279 34.151730 19.757835 0.129406 0.707261 -1
1 -3.451679 34.151730 21.298923 0.258112 0.707261 -1
1 -3.361117 37.451611 21.142067 0.264459 0.476011 -1
1 -10.498491 7.219127 24.129726 -0.661052 0.996667 -1
1 -6.852402 7.219126 27.189156 -0.439128 0.996667 -1
1 -6.852402 33.793873 27.189156 -0.439128 0.003333 -1
1 -5.149530 37.451611 19.641411 0.802806 0.476011 -1
1 -6.316834 37.451611 17.619583 0.661120 0.476011 -1
1 -6.487035 34.151730 17.681530 0.665461 0.707261 -1
1 -5.288279 34.151730 19.757835 0.810965 0.707261 -1
1 -6.722235 37.451611 15.320446 0.500000 0.476011 -1
1 -6.903358 34.151730 15.320446 0.500000 0.707261 -1
1 -5.149530 37.451611 19.641411 0.139130 0.476011 -1
1 -13.704809 33.793873 15.320448 -1.104901 0.003333 -1
1 -13.704809 7.219127 15.320448 -1.104901 0.996667 -1
1 13.704809 33.793873 15.320446 0.892419 0.003333 -1
1 12.878309 33.793873 20.007755 0.670494 0.003333 -1
1 12.878309 7.219126 20.007759 0.670494 0.996667 -1
1 -1.198754 34.151730 22.118923 0.415993 0.707261 -1
1 -1.167302 37.451611 21.940548 0.418197 0.476011 -1
1 -6.316835 37.451611 13.021305 0.338880 0.476011 -1
1 -6.487035 34.151730 12.959358 0.334539 0.707261 -1
1 1.198758 34.151730 22.118923 0.584007 0.707261 -1
1 1.167306 37.451611 21.940548 0.581803 0.476011 -1
1 -12.878309 33.793873 10.633125 -1.326826 0.003333 -1
1 -12.878309 7.219127 10.633127 -1.326826 0.996667 -1
1 -0.644136 37.949093 14.779951 0.258353 0.297234 -1
1 -0.574761 38.172054 15.802727 0.258353 0.702766 -1
1 0.574761 38.172054 15.802727 0.741647 0.702766 -1
1 3.451681 34.151730 21.298923 0.741888 0.707261 -1
1 3.361119 37.451611 21.142067 0.735541 0.476011 -1
1 -10.498494 33.793873 6.511164 -1.548750 0.003333 -1
1 -10.498494 7.219126 6.511165 -1.548750 0.996667 -1
1 -5.149532 37.451611 10.999475 0.197194 0.476011 -1
1 -5.288280 34.151730 10.883051 0.189035 0.707261 -1
1 10.498496 33.793873 24.129719 0.448570 0.003333 -1
1 6.852408 33.793873 27.189152 0.226645 0.003333 -1
1 6.852408 7.219126 27.189152 0.226645 0.996667 -1
1 -2.379812 7.219126 28.817043 -0.217203 0.996667 -1
1 -2.379812 33.793873 28.817043 -0.217203 0.003333 -1
1 5.288281 34.151730 19.757832 0.870593 0.707261 -1
1 5.149532 37.451611 19.641407 0.860870 0.476011 -1
1 13.704809 7.219127 15.320446 0.892419 0.996667 -1
1 -5.149532 37.451611 10.999475 0.860870 0.476011 -1
1 -3.361118 37.451611 9.498819 0.735541 0.476011 -1
1 -3.451680 34.151730 9.341961 0.741888 0.707261 -1
1 -5.288280 34.151730 10.883051 0.870593 0.707261 -1
1 -6.852406 33.793873 3.451731 -1.770675 0.003333 -1
1 -6.852406 7.219125 3.451733 -1.770675 0.996667 -1
1 0.574761 38.172054 14.838161 0.741647 0.297234 -1
1 2.379819 7.219126 28.817043 0.004721 0.996667 -1
1 2.379819 33.793873 28.817043 0.004721 0.003333 -1
1 6.903360 34.151730 15.320446 0.500000 0.707261 -1
1 6.487036 34.151730 12.959358 0.665461 0.707261 -1
1 6.316835 37.451611 13.021305 0.661120 0.476011 -1
1 5.288281 34.151730 19.757832 0.189035 0.707261 -1
1 6.487037 34.151730 17.681526 0.334539 0.707261 -1
1 6.316836 37.451611 17.619576 0.338880 0.476011 -1
1 -1.167304 37.451611 8.700335 0.581803 0.476011 -1
1 -1.198756 34.151730 8.521962 0.584007 0.707261 -1
1 5.149532 37.451611 19.641407 0.197194 0.476011 -1
1 1.167304 37.451611 8.700335 0.418197 0.476011 -1
1 1.198756 34.151730 8.521962 0.415993 0.707261 -1
1 6.722236 37.451611 15.320446 0.500000 0.476011 -1
1 3.361117 37.451611 9.498816 0.264459 0.476011 -1
1 3.451679 34.151730 9.341957 0.258112 0.707261 -1
1 -2.379817 33.793873 1.823844 -1.992599 0.003333 -1
1 -2.379817 7.219126 1.823844 -1.992599 0.996667 -1
1 5.149530 37.451611 10.999475 0.139130 0.476011 -1
1 5.288279 34.151730 10.883051 0.129406 0.707261 -1
1 -2.379817 33.793873 1.823844 2.002041 0.003333 -1
1 2.379814 33.793873 1.823840 1.780116 0.003333 -1
1 2.379814 7.219126 1.823840 1.780116 0.996667 -1
1 -2.379817 7.219126 1.823844 2.002041 0.996667 -1
1 6.852404 33.793873 3.451730 1.558192 0.003333 -1
1 6.852404 7.219125 3.451732 1.558192 0.996667 -1
1 12.878308 7.219127 10.633125 1.114343 0.996667 -1
1 12.878308 33.793873 10.633123 1.114343 0.003333 -1
1 10.498492 33.793873 6.511162 1.336267 0.003333 -1
1 10.498492 7.219126 6.511164 1.336267 0.996667 -1
1 5.149530 37.451611 10.999475 0.802806 0.476011 -1
1 5.288279 34.151730 10.883051 0.810965 0.707261 -1
1 4.501370 37.451611 15.320446 0.500000 0.118929 -1
1 4.229905 37.451611 13.780888 0.371646 0.141910 -1
1 0.713510 37.726124 14.721739 0.450085 0.439597 -1
1 0.713510 37.726124 15.919151 0.549915 0.439597 -1
1 3.448248 37.588871 12.427019 0.468895 0.515000 -1
1 2.250684 37.451611 11.422144 0.174996 0.309464 -1
1 0.000000 37.726124 14.458492 0.428138 0.500000 -1
1 10.498496 7.219127 24.129719 0.448570 0.996667 -1
1 0.781655 37.588871 10.887461 0.412357 0.515000 -1
1 -0.781654 37.451611 10.887461 0.130419 0.566172 -1
1 -2.250685 37.588871 11.422146 0.752359 0.515000 -1
1 -3.448249 37.451611 12.427021 0.258773 0.791918 -1
1 -0.644136 37.949093 14.779951 0.450085 0.560404 -1
1 -4.229903 37.451611 13.780886 0.371646 0.858090 -1
1 -4.501369 37.451611 15.320446 0.500000 0.881071 -1
1 -0.713510 37.726124 15.919151 0.549914 0.560404 -1
1 -4.229903 37.451611 16.860001 0.628354 0.858090 -1
1 -3.448248 37.451611 18.213863 0.741227 0.791918 -1
1 -2.250684 37.451611 19.218739 0.825004 0.690536 -1
1 0.000000 37.726124 16.182396 0.571862 0.500000 -1
1 -0.781653 37.451611 19.753422 0.869581 0.566172 -1
1 0.781656 37.451611 19.753422 0.869581 0.433828 -1
1 2.250686 37.451611 19.218739 0.825004 0.309464 -1
1 3.448249 37.588871 18.213863 0.531105 0.515000 -1
1 4.229905 37.451611 16.859997 0.628354 0.141910 -1
1 0.713510 37.726124 15.919151 0.432870 0.509610 -1
1 0.713510 37.726124 14.721739 0.567130 0.509610 -1
1 0.574761 38.172054 14.838161 0.554076 0.459610 -1
1 0.713510 37.726124 14.721739 0.419998 0.509610 -1
1 0.000000 37.726124 14.458492 0.500000 0.509610 -1
1 0.574761 38.172054 14.838161 0.435555 0.459610 -1
1 -0.644136 37.949093 14.779951 0.572224 0.484610 -1
1 -0.574761 38.172054 15.802727 0.554076 0.459610 -1
1 -0.644136 37.949093 14.779951 0.439397 0.484610 -1
1 -0.713510 37.726124 15.919151 0.567130 0.509610 -1
1 -0.713510 37.726124 15.919151 0.419997 0.509610 -1
1 0.000000 37.726124 16.182396 0.500000 0.509610 -1
1 -0.574761 38.172054 15.802727 0.435555 0.459610 -1
1 0.574761 38.172054 15.802727 0.564445 0.459610 -1
1 0.713510 37.726124 15.919151 0.580002 0.509610 -1
1 0.574761 38.172054 15.802727 0.445924 0.459610 -1
120
-0.802440 0.000000 0.596733
-0.958142 0.000000 0.286295
-0.918006 0.000000 0.396567
-0.641850 0.053975 0.764928
-0.447653 0.054711 0.892532
-0.549128 0.054711 0.833946
-0.727009 0.000000 0.686628
-0.448325 0.000000 0.893871
-0.549952 0.000000 0.835196
-0.864763 0.053975 0.499271
-0.956706 0.054711 0.285866
-0.916631 0.054711 0.395973
-0.864763 0.053975 0.499271
-0.996782 0.054711 -0.058586
-0.996782 0.054711 0.058587
-0.641850 0.053975 0.764928
-0.998277 -0.000000 -0.058674
-0.998277 0.000000 0.058675
0.998277 0.000000 0.058675
0.918006 0.000000 0.396567
0.958142 0.000000 0.286295
-0.115393 0.054712 0.991812
-0.230786 0.054712 0.971465
-0.916631 0.054711 -0.395972
-0.956707 0.054711 -0.285866
0.230786 0.054712 0.971465
0.115393 0.054712 0.991812
-0.918006 -0.000000 -0.396567
-0.958142 -0.000000 -0.286295
-0.090855 0.990040 -0.107548
0.000000 0.977053 -0.212994
0.549129 0.054711 0.833945
0.447654 0.054711 0.892532
-0.727010 -0.000000 -0.686627
-0.802440 -0.000000 -0.596733
-0.864763 0.053975 -0.499271
-0.864763 0.053975 -0.499271
0.727010 0.000000 0.686627
0.448325 0.000000 0.893870
0.549952 0.000000 0.835196
-0.115566 0.000000 0.993300
-0.231132 0.000000 0.972922
0.641851 0.053975 0.764927
0.641851 0.053975 0.764927
0.998277 -0.000000 -0.058674
-0.641850 0.053975 -0.764928
-0.447654 0.054711 -0.892532
-0.549128 0.054711 -0.833945
-0.641850 0.053975 -0.764928
-0.448325 -0.000000 -0.893871
-0.549952 -0.000000 -0.835196
-0.179935 0.983679 0.000000
0.231132 0.000000 0.972922
0.115566 0.000000 0.993300
0.996782 0.054711 -0.058586
0.916631 0.054711 -0.395973
0.956706 0.054711 -0.285866
0.864763 0.053975 0.499271
0.956706 0.054711 0.285867
0.916631 0.054711 0.395973
-0.115393 0.054711 -0.991812
-0.230786 0.054711 -0.971465
0.864763 0.053975 0.499271
0.230785 0.054711 -0.971465
0.115393 0.054711 -0.991812
0.996782 0.054711 0.058587
0.549129 0.054711 -0.833945
0.447653 0.054711 -0.892532
-0.342020 0.000000 -0.939693
-0.342020 -0.000000 -0.939693
0.641851 0.053975 -0.764927
0.641851 0.053975 -0.764927
-0.000001 0.000000 -1.000000
0.231132 -0.000000 -0.972922
0.115566 0.000000 -0.993300
0.549952 -0.000000 -0.835196
0.448325 -0.000000 -0.893870
0.918006 -0.000000 -0.396567
0.958142 -0.000000 -0.286295
0.802440 -0.000000 -0.596733
0.727010 -0.000000 -0.686627
0.864763 0.053975 -0.499271
0.864763 0.053975 -0.499271
0.073656 0.997284 0.000000
0.082528 0.996431 0.017715
0.063201 0.998000 -0.001525
0.046375 0.998568 0.026676
0.027487 0.999058 -0.033590
0.037734 0.997350 -0.062199
0.048386 0.994977 -0.087633
0.802440 0.000000 0.596733
0.005864 0.999293 -0.037124
-0.013563 0.997189 -0.073687
0.047569 0.992375 -0.113708
-0.131414 0.989926 -0.052688
-0.056757 0.997772 -0.035060
-0.124990 0.991621 0.032644
-0.072338 0.997380 0.000354
-0.085580 0.994505 0.060304
-0.070883 0.997145 0.026017
-0.048214 0.997086 0.059111
-0.036247 0.997336 0.063300
-0.008515 0.997416 0.071329
-0.012921 0.997187 0.073828
0.012921 0.997187 0.073828
0.006642 0.996784 0.079860
0.029430 0.999262 0.024695
0.082528 0.996431 -0.017715
0.954848 0.297096 -0.000000
0.954848 0.297096 -0.000000
0.326437 0.332566 -0.884782
0.119907 0.549458 -0.826872
-0.097780 0.715223 -0.692022
-0.954848 0.297096 0.000002
-0.326434 0.332569 0.884782
0.000000 0.460608 0.887604
-0.167932 0.504586 0.846872
0.167932 0.504586 0.846872
0.326434 0.332569 0.884782
0.954848 0.297096 -0.000000
106
1 0 1 2 0 1 2 1
1 3 4 5 3 4 5 1
1 6 7 8 6 7 8 1
1 9 10 11 9 10 11 1
1 11 12 9 11 12 9 1
1 10 13 14 10 13 14 1
1 5 15 3 5 15 3 1
1 2 6 0 2 6 0 1
1 1 16 17 1 16 17 1
1 8 0 6 8 0 6 1
1 18 19 20 18 19 20 1
1 4 21 22 4 21 22 1
1 22 5 4 22 5 4 1
1 14 11 10 14 11 10 1
1 13 23 24 13 23 24 1
1 21 25 26 21 25 26 1
1 17 2 1 17 2 1 1
1 16 27 28 16 27 28 1
1 28 17 16 28 17 16 1
1 24 14 13 24 14 13 1
1 29 30 31 29 30 29 1
1 26 22 21 26 22 21 1
1 25 32 33 25 31 32 1
1 27 34 35 27 33 34 1
1 23 36 37 23 35 36 1
1 38 39 40 37 38 39 1
1 7 41 42 7 40 41 1
1 33 26 25 32 26 25 1
1 32 43 44 31 42 43 1
1 20 45 18 20 44 18 1
1 42 8 7 41 8 7 1
1 37 24 23 36 24 23 1
1 46 47 48 45 46 47 1
1 48 49 46 47 48 45 1
1 35 28 27 34 28 27 1
1 44 33 32 43 32 31 1
1 34 50 51 33 49 50 1
1 52 29 31 51 29 29 1
1 41 53 54 40 52 53 1
1 55 56 57 54 55 56 1
1 58 59 60 57 58 59 1
1 47 61 62 46 60 61 1
1 62 48 47 61 47 46 1
1 54 42 41 53 41 40 1
1 60 63 58 59 62 57 1
1 51 35 34 50 34 33 1
1 61 64 65 60 63 64 1
1 59 55 66 58 54 65 1
1 53 40 39 52 39 38 1
1 66 60 59 65 59 58 1
1 65 62 61 64 61 60 1
1 64 67 68 63 66 67 1
1 50 69 70 49 68 69 1
1 68 65 64 67 64 63 1
1 67 71 72 66 70 71 1
1 72 68 67 71 67 66 1
1 70 51 50 69 50 49 1
1 73 74 75 72 73 74 1
1 75 76 73 74 72 72 1
1 74 77 78 73 75 76 1
1 45 79 80 44 77 78 1
1 78 75 74 76 74 73 1
1 80 18 45 78 18 44 1
1 77 81 82 75 79 80 1
1 82 78 77 80 76 75 1
1 83 57 56 81 56 55 1
1 56 84 83 55 82 81 1
1 85 86 87 83 84 85 1
1 87 88 85 85 86 83 1
1 81 80 79 79 78 77 1
1 79 82 81 77 80 79 1
1 57 66 55 56 65 54 1
1 39 54 53 38 53 52 1
1 86 89 87 84 87 85 1
1 89 90 91 87 88 89 1
1 40 92 38 39 90 37 1
1 19 38 92 19 37 90 1
1 92 20 19 90 20 19 1
1 91 87 89 89 85 87 1
1 90 93 91 88 91 89 1
1 93 94 91 91 92 89 1
1 94 95 91 92 93 89 1
1 95 96 97 93 94 95 1
1 97 91 95 95 89 93 1
1 96 98 97 94 96 95 1
1 98 99 100 96 97 98 1
1 100 97 98 98 95 96 1
1 99 101 100 97 99 98 1
1 101 102 100 99 100 98 1
1 102 103 104 100 101 102 1
1 104 100 102 102 98 100 1
1 103 105 104 101 103 102 1
1 105 106 104 103 104 102 1
1 106 107 104 104 105 102 1
1 107 108 88 105 106 86 1
1 88 104 107 86 102 105 1
1 108 109 88 106 107 86 1
1 109 85 88 107 83 86 1
1 110 111 112 108 109 108 1
1 113 114 115 110 111 111 1
1 116 115 114 112 111 111 1
1 117 118 119 113 113 113 1
1 120 121 122 114 115 116 1
1 123 122 121 117 116 115 1
1 121 124 123 115 118 117 1
1 112 125 110 108 119 108 1
"MSH-Objec3" 1 2
125
1 2.379814 0.009774 1.823840 0.233163 -1.385108 -1
1 2.693425 0.009774 0.045264 0.197999 -1.584531 -1
1 10.498492 0.009774 6.511163 -0.677146 -0.859540 -1
1 -6.852406 0.009774 3.451735 1.268327 -1.202580 -1
1 -2.379812 0.009774 28.817043 0.766837 1.641511 -1
1 2.379819 0.009774 28.817043 0.233163 1.641512 -1
1 15.510826 0.009774 15.320446 -1.239155 0.128202 -1
1 12.878308 6.569584 10.633125 1.397365 0.132240 -1
1 13.704809 6.569583 15.320446 0.871798 0.132240 -1
1 13.704809 5.766909 15.320446 0.871798 0.222240 -1
1 12.878308 5.766910 10.633125 1.397365 0.222240 -1
1 12.878309 6.569583 20.007759 0.346231 0.132240 -1
1 12.878309 5.766909 20.007759 0.346231 0.222240 -1
1 10.498496 6.569583 24.129719 -0.115944 0.132240 -1
1 10.498496 5.766910 24.129719 -0.115944 0.222240 -1
1 10.498496 6.569583 24.129719 1.677146 0.132240 -1
1 6.852408 6.569584 27.189152 1.268327 0.132240 -1
1 6.852408 5.766910 27.189152 1.268327 0.222240 -1
1 10.498496 5.766910 24.129719 1.677146 0.222240 -1
1 2.379819 6.569583 28.817043 0.766837 0.132240 -1
1 2.379819 5.766909 28.817043 0.766837 0.222240 -1
1 -2.379812 6.569583 28.817043 0.233163 0.132240 -1
1 -2.379812 5.766909 28.817043 0.233163 0.222240 -1
1 -6.852402 6.569584 27.189156 -0.268327 0.132240 -1
1 -6.852402 5.766910 27.189156 -0.268327 0.222240 -1
1 -10.498491 6.569583 24.129726 -0.677146 0.132240 -1
1 -10.498491 5.766910 24.129726 -0.677146 0.222240 -1
1 -10.498491 6.569583 24.129726 1.115945 0.132240 -1
1 -12.878308 6.569583 20.007763 0.653769 0.132240 -1
1 -12.878308 5.766909 20.007763 0.653769 0.222240 -1
1 -10.498491 5.766910 24.129726 1.115945 0.222240 -1
1 -13.704809 6.569583 15.320448 0.128202 0.132240 -1
1 -13.704809 5.766909 15.320448 0.128202 0.222240 -1
1 -12.878309 6.569584 10.633127 -0.397365 0.132240 -1
1 -12.878309 5.766910 10.633127 -0.397365 0.222240 -1
1 -10.498494 6.569582 6.511165 -0.859541 0.132240 -1
1 -10.498494 5.766908 6.511165 -0.859541 0.222240 -1
1 -10.498494 6.569582 6.511165 1.677146 0.132240 -1
1 -6.852406 6.569582 3.451733 1.268327 0.132240 -1
1 -6.852406 5.766909 3.451733 1.268327 0.222240 -1
1 2.693431 0.009774 37.227455 0.197999 2.584531 -1
1 -2.693422 0.009774 37.227455 0.802001 2.584531 -1
1 -2.693423 0.009774 30.595623 0.802001 1.840935 -1
1 2.693431 0.009774 30.595623 0.197999 1.840935 -1
1 -2.693422 0.009774 37.227455 2.584531 0.867760 -1
1 -2.693422 5.766911 32.401638 2.043435 0.222240 -1
1 -2.693423 5.766910 30.595623 1.840935 0.222240 -1
1 -2.693423 0.009774 30.595623 1.840935 0.867760 -1
1 2.693431 5.766911 32.401638 -1.043435 0.222240 -1
1 2.693431 0.009774 37.227455 -1.584531 0.867760 -1
1 2.693431 0.009774 30.595623 -0.840935 0.867760 -1
1 2.693431 5.766910 30.595623 -0.840935 0.222240 -1
1 14.575410 0.009774 20.625450 -1.134271 0.723028 -1
1 11.881985 0.009770 25.290604 -0.832270 1.246109 -1
1 7.755416 0.009774 28.753208 -0.369577 1.634354 -1
1 -7.755410 0.009774 28.753216 1.369577 1.634354 -1
1 -11.881979 0.009770 25.290611 1.832270 1.246109 -1
1 -14.575408 0.009774 20.625458 2.134271 0.723028 -1
1 -15.510826 0.009774 15.320450 2.239155 0.128202 -1
1 -14.575410 0.009770 10.015434 2.134271 -0.466624 -1
1 -11.881984 0.009774 5.350280 1.832270 -0.989705 -1
1 -7.755414 0.009774 1.887676 1.369577 -1.377950 -1
1 -2.693429 0.009774 0.045264 0.802001 -1.584531 -1
1 7.755412 0.009774 1.887676 -0.369578 -1.377950 -1
1 11.881982 0.009774 5.350278 -0.832270 -0.989705 -1
1 14.575408 0.009770 10.015432 -1.134271 -0.466624 -1
1 14.575408 0.009770 10.015432 1.466624 0.867760 -1
1 11.881982 0.009774 5.350278 1.989705 0.867760 -1
1 11.881982 5.766908 5.350279 1.989705 0.222240 -1
1 14.575408 5.766910 10.015432 1.466624 0.222240 -1
1 11.881982 0.009774 5.350278 -0.832270 0.867760 -1
1 7.755412 0.009774 1.887676 -0.369578 0.867760 -1
1 7.755412 5.766909 1.887676 -0.369578 0.222240 -1
1 11.881982 5.766908 5.350279 -0.832270 0.222240 -1
1 2.693425 0.009774 0.045264 0.197999 0.867760 -1
1 2.693425 5.766909 0.045264 0.197999 0.222240 -1
1 -2.693429 0.009774 0.045264 0.802001 0.867760 -1
1 -2.693429 5.766909 0.045264 0.802001 0.222240 -1
1 -7.755414 0.009774 1.887676 1.369577 0.867760 -1
1 -7.755414 5.766909 1.887676 1.369577 0.222240 -1
1 -11.881984 0.009774 5.350280 1.832270 0.867760 -1
1 -11.881984 5.766908 5.350280 1.832270 0.222240 -1
1 -11.881984 0.009774 5.350280 -0.989705 0.867760 -1
1 -14.575410 0.009770 10.015434 -0.466624 0.867760 -1
1 -14.575410 5.766910 10.015434 -0.466624 0.222240 -1
1 -11.881984 5.766908 5.350280 -0.989705 0.222240 -1
1 -15.510826 0.009774 15.320450 0.128202 0.867760 -1
1 -15.510826 5.766909 15.320450 0.128202 0.222240 -1
1 -14.575408 0.009774 20.625458 0.723028 0.867760 -1
1 -14.575408 5.766909 20.625458 0.723028 0.222240 -1
1 -11.881979 0.009770 25.290611 1.246109 0.867760 -1
1 -11.881979 5.766910 25.290611 1.246109 0.222240 -1
1 -11.881979 0.009770 25.290611 -0.832270 0.867760 -1
1 -7.755410 0.009774 28.753216 -0.369577 0.867760 -1
1 -7.755410 5.766909 28.753212 -0.369577 0.222240 -1
1 -11.881979 5.766910 25.290611 -0.832270 0.222240 -1
1 -2.693423 0.009774 30.595623 0.197999 0.867760 -1
1 -2.693423 5.766910 30.595623 0.197999 0.222240 -1
1 -2.693422 0.009774 37.227455 0.197999 0.867760 -1
1 2.693431 0.009774 37.227455 0.802001 0.867760 -1
1 2.693431 5.766911 32.401638 0.802001 0.222240 -1
1 -2.693422 5.766911 32.401638 0.197999 0.222240 -1
1 2.693431 0.009774 30.595623 0.802001 0.867760 -1
1 7.755416 0.009774 28.753208 1.369577 0.867760 -1
1 7.755416 5.766909 28.753208 1.369577 0.222240 -1
1 2.693431 5.766910 30.595623 0.802001 0.222240 -1
1 11.881985 0.009770 25.290604 1.832270 0.867760 -1
1 11.881985 5.766910 25.290604 1.832270 0.222240 -1
1 11.881985 0.009770 25.290604 -0.246109 0.867760 -1
1 14.575410 0.009774 20.625450 0.276972 0.867760 -1
1 14.575410 5.766909 20.625450 0.276972 0.222240 -1
1 11.881985 5.766910 25.290604 -0.246109 0.222240 -1
1 15.510826 0.009774 15.320446 0.871798 0.867760 -1
1 15.510826 5.766909 15.320446 0.871798 0.222240 -1
1 10.498492 5.766908 6.511164 1.859540 0.222240 -1
1 10.498492 6.569582 6.511164 1.859540 0.132240 -1
1 10.498492 5.766908 6.511164 -0.677146 0.222240 -1
1 6.852404 5.766909 3.451732 -0.268328 0.222240 -1
1 6.852404 6.569582 3.451732 -0.268328 0.132240 -1
1 10.498492 6.569582 6.511164 -0.677146 0.132240 -1
1 2.379814 5.766909 1.823840 0.233163 0.222240 -1
1 2.379814 6.569582 1.823840 0.233163 0.132240 -1
1 -2.379817 5.766909 1.823844 0.766837 0.222240 -1
1 -2.379817 6.569582 1.823844 0.766837 0.132240 -1
1 -10.498494 5.766908 6.511165 1.677146 0.222240 -1
91
0.000000 -1.000000 0.000000
0.000000 -1.000000 0.000000
-0.000001 -1.000000 0.000000
0.958142 0.000000 -0.286295
0.998277 0.000000 0.058674
0.998277 0.000000 -0.058674
0.918006 0.000000 -0.396567
0.918006 0.000000 0.396567
0.958142 0.000000 0.286295
0.866026 0.000000 0.500000
0.642788 0.000000 0.766044
0.448325 0.000000 0.893870
0.549952 0.000000 0.835196
0.115566 0.000000 0.993300
0.231132 0.000000 0.972922
-0.231132 0.000000 0.972922
-0.115566 0.000000 0.993300
-0.549952 0.000000 0.835196
-0.448325 0.000000 0.893871
-0.642787 0.000000 0.766045
-0.866025 0.000000 0.500000
-0.958142 0.000000 0.286295
-0.918006 0.000000 0.396567
-0.866025 0.000000 0.500000
-0.998277 0.000000 -0.058674
-0.998277 0.000000 0.058675
-0.918006 0.000000 -0.396567
-0.958142 0.000000 -0.286295
-0.866025 0.000000 -0.500000
-0.642788 0.000000 -0.766044
-0.448325 0.000000 -0.893871
-0.549952 0.000000 -0.835196
-1.000000 0.000000 0.000000
-1.000000 0.000000 0.000000
-1.000000 0.000000 0.000000
1.000000 -0.000000 -0.000000
1.000000 -0.000000 -0.000000
1.000000 0.000000 -0.000000
0.000002 -1.000000 0.000000
0.000000 -1.000000 -0.000000
-0.000001 -1.000000 -0.000000
-0.000000 -1.000000 0.000001
0.000000 -1.000000 -0.000000
0.000000 -1.000000 -0.000001
-0.000000 -1.000000 0.000000
0.000000 -1.000000 0.000000
0.000000 -1.000000 -0.000000
-0.000001 -1.000000 0.000000
-0.000004 -1.000000 0.000001
0.918006 0.000000 -0.396567
0.866026 0.000000 -0.500000
0.866026 0.000000 -0.500000
0.958142 0.000000 -0.286295
0.642788 0.000000 -0.766044
0.448325 0.000000 -0.893871
0.549952 0.000000 -0.835196
0.642788 0.000000 -0.766044
0.115566 0.000000 -0.993300
0.231132 0.000000 -0.972922
-0.231132 0.000000 -0.972922
-0.115566 0.000000 -0.993300
-0.866026 0.000000 -0.500000
-0.958142 0.000000 -0.286295
-0.918006 0.000000 -0.396567
-0.998277 0.000000 0.058675
-0.998277 0.000000 -0.058674
-0.918006 0.000000 0.396567
-0.958141 0.000000 0.286295
-0.866025 0.000000 0.500000
-0.642788 0.000000 0.766044
-0.448325 0.000000 0.893871
-0.549952 0.000000 0.835196
-0.642787 0.000000 0.766045
-0.342019 0.000000 0.939693
-0.342020 0.000000 0.939693
0.000000 0.642397 0.766372
0.342021 0.000000 0.939692
0.549952 0.000000 0.835196
0.642788 0.000000 0.766044
0.866026 0.000000 0.500000
0.918006 0.000000 0.396567
0.998277 0.000000 -0.058674
0.998277 0.000000 0.058674
0.866025 0.000000 -0.500000
0.642788 0.000000 -0.766044
0.448325 0.000000 -0.893870
0.549952 0.000000 -0.835196
0.115566 0.000000 -0.993300
0.231132 0.000000 -0.972922
-0.231132 0.000000 -0.972922
-0.115566 0.000000 -0.993300
104
1 0 1 2 0 0 0 1
1 3 0 2 0 0 0 1
1 4 3 2 1 0 0 1
1 5 4 2 0 1 0 1
1 5 2 6 0 0 2 1
1 7 8 9 3 4 5 1
1 9 10 7 5 6 3 1
1 8 11 12 4 7 8 1
1 12 9 8 8 5 4 1
1 11 13 14 7 9 9 1
1 14 12 11 9 8 7 1
1 15 16 17 10 11 12 1
1 17 18 15 12 10 10 1
1 16 19 20 11 13 14 1
1 20 17 16 14 12 11 1
1 19 21 22 13 15 16 1
1 22 20 19 16 14 13 1
1 21 23 24 15 17 18 1
1 24 22 21 18 16 15 1
1 23 25 26 17 19 19 1
1 26 24 23 19 18 17 1
1 27 28 29 20 21 22 1
1 29 30 27 22 23 20 1
1 28 31 32 21 24 25 1
1 32 29 28 25 22 21 1
1 31 33 34 24 26 27 1
1 34 32 31 27 25 24 1
1 33 35 36 26 28 28 1
1 36 34 33 28 27 26 1
1 37 38 39 29 30 31 1
1 40 41 42 0 0 0 1
1 42 43 40 0 0 0 1
1 44 45 46 32 33 32 1
1 46 47 44 32 34 32 1
1 48 49 50 35 36 35 1
1 50 51 48 35 37 35 1
1 52 53 6 38 39 2 1
1 53 54 6 39 40 2 1
1 54 43 5 40 0 0 1
1 5 6 54 0 2 40 1
1 43 42 4 0 0 1 1
1 4 5 43 1 0 0 1
1 42 55 4 0 41 1 1
1 55 56 4 41 42 1 1
1 56 57 4 42 43 1 1
1 57 58 4 43 44 1 1
1 58 59 4 44 45 1 1
1 59 60 4 45 46 1 1
1 60 61 3 46 0 0 1
1 3 4 60 0 1 46 1
1 61 62 3 0 0 0 1
1 62 1 0 0 0 0 1
1 0 3 62 0 0 0 1
1 63 64 2 0 47 0 1
1 2 1 63 0 0 0 1
1 64 65 6 47 48 2 1
1 6 2 64 2 0 47 1
1 66 67 68 49 50 51 1
1 68 69 66 51 52 49 1
1 70 71 72 53 54 55 1
1 72 73 70 55 56 53 1
1 71 74 75 54 57 58 1
1 75 72 71 58 55 54 1
1 74 76 77 57 59 60 1
1 77 75 74 60 58 57 1
1 76 78 79 59 31 30 1
1 79 77 76 30 60 59 1
1 78 80 81 31 29 29 1
1 81 79 78 29 30 31 1
1 82 83 84 61 62 63 1
1 84 85 82 63 61 61 1
1 83 86 87 62 64 65 1
1 87 84 83 65 63 62 1
1 86 88 89 64 66 67 1
1 89 87 86 67 65 64 1
1 88 90 91 66 68 68 1
1 91 89 88 68 67 66 1
1 92 93 94 69 70 71 1
1 94 95 92 71 72 69 1
1 93 96 97 70 73 74 1
1 97 94 93 74 71 70 1
1 98 99 100 75 75 75 1
1 100 101 98 75 75 75 1
1 102 103 104 76 77 11 1
1 104 105 102 11 76 76 1
1 103 106 107 77 78 78 1
1 107 104 103 78 11 77 1
1 108 109 110 79 8 80 1
1 110 111 108 80 79 79 1
1 109 112 113 8 81 82 1
1 113 110 109 82 80 8 1
1 112 66 69 81 49 52 1
1 69 113 112 52 82 81 1
1 10 114 115 6 83 83 1
1 115 7 10 83 3 6 1
1 116 117 118 84 85 86 1
1 118 119 116 86 84 84 1
1 117 120 121 85 87 88 1
1 121 118 117 88 86 85 1
1 120 122 123 87 89 90 1
1 123 121 120 90 88 87 1
1 122 39 38 89 31 30 1
1 38 123 122 30 90 89 1
1 39 124 37 31 29 29 1
"MSH-Objec4" 1 3
38
1 -2.693422 5.766911 32.401638 0.197999 2.043435 -1
1 2.693431 5.766911 32.401638 0.802001 2.043435 -1
1 2.693431 5.766910 30.595623 0.802001 1.840935 -1
1 -2.693423 5.766910 30.595623 0.197999 1.840935 -1
1 14.575408 5.766910 10.015432 2.134271 -0.466624 -1
1 11.881982 5.766908 5.350279 1.832270 -0.989705 -1
1 10.498492 5.766908 6.511164 1.677146 -0.859540 -1
1 12.878308 5.766910 10.633125 1.943983 -0.397365 -1
1 7.755412 5.766909 1.887676 1.369578 -1.377950 -1
1 6.852404 5.766909 3.451732 1.268328 -1.202580 -1
1 2.693425 5.766909 0.045264 0.802001 -1.584531 -1
1 2.379814 5.766909 1.823840 0.766837 -1.385108 -1
1 -2.693429 5.766909 0.045264 0.197999 -1.584531 -1
1 -2.379817 5.766909 1.823844 0.233163 -1.385108 -1
1 -7.755414 5.766909 1.887676 -0.369577 -1.377950 -1
1 -6.852406 5.766909 3.451733 -0.268327 -1.202580 -1
1 -11.881984 5.766908 5.350280 -0.832270 -0.989705 -1
1 -10.498494 5.766908 6.511165 -0.677146 -0.859541 -1
1 -14.575410 5.766910 10.015434 -1.134271 -0.466624 -1
1 -12.878309 5.766910 10.633127 -0.943983 -0.397365 -1
1 -15.510826 5.766909 15.320450 -1.239155 0.128202 -1
1 -13.704809 5.766909 15.320448 -1.036655 0.128202 -1
1 -14.575408 5.766909 20.625458 -1.134271 0.723028 -1
1 -12.878308 5.766909 20.007763 -0.943983 0.653769 -1
1 -11.881979 5.766910 25.290611 -0.832270 1.246109 -1
1 -10.498491 5.766910 24.129726 -0.677146 1.115945 -1
1 -7.755410 5.766909 28.753212 -0.369577 1.634354 -1
1 -6.852402 5.766910 27.189156 -0.268327 1.458984 -1
1 -2.379812 5.766909 28.817043 0.233163 1.641511 -1
1 2.379819 5.766909 28.817043 0.766837 1.641511 -1
1 7.755416 5.766909 28.753208 1.369577 1.634354 -1
1 6.852408 5.766910 27.189152 1.268327 1.458984 -1
1 11.881985 5.766910 25.290604 1.832270 1.246109 -1
1 10.498496 5.766910 24.129719 1.677146 1.115944 -1
1 14.575410 5.766909 20.625450 2.134271 0.723028 -1
1 12.878309 5.766909 20.007759 1.943983 0.653769 -1
1 15.510826 5.766909 15.320446 2.239155 0.128202 -1
1 13.704809 5.766909 15.320446 2.036655 0.128202 -1
33
0.000000 1.000000 -0.000001
-0.000000 1.000000 -0.000000
0.000000 1.000000 -0.000001
-0.000000 1.000000 -0.000000
0.000000 1.000000 -0.000000
-0.000000 1.000000 -0.000000
-0.000000 1.000000 -0.000000
0.000000 1.000000 0.000000
0.000000 1.000000 0.000000
0.000000 1.000000 0.000000
-0.000000 1.000000 0.000000
-0.000000 1.000000 0.000000
0.000000 1.000000 -0.000000
-0.000000 1.000000 -0.000000
0.000000 1.000000 0.000000
0.000000 1.000000 -0.000000
0.000000 1.000000 0.000000
-0.000000 1.000000 0.000000
-0.000000 1.000000 -0.000000
-0.000000 1.000000 -0.000000
-0.000000 1.000000 0.000000
-0.000000 1.000000 0.000000
-0.000000 1.000000 0.000000
-0.000000 1.000000 -0.000000
-0.000000 1.000000 -0.000001
0.000000 1.000000 0.000000
0.000000 1.000000 0.000000
0.000000 1.000000 -0.000000
0.000000 1.000000 0.000000
0.000000 1.000000 -0.000000
0.000000 1.000000 -0.000000
0.000000 1.000000 0.000000
0.000000 1.000000 0.000000
38
1 0 1 2 0 0 1 1
1 2 3 0 1 2 0 1
1 4 5 6 3 4 5 1
1 6 7 4 5 6 3 1
1 5 8 9 4 7 8 1
1 9 6 5 8 5 4 1
1 8 10 11 7 9 9 1
1 11 9 8 9 8 7 1
1 10 12 13 9 9 9 1
1 13 11 10 9 9 9 1
1 12 14 15 9 10 11 1
1 15 13 12 11 9 9 1
1 14 16 17 10 12 13 1
1 17 15 14 13 11 10 1
1 16 18 19 12 14 15 1
1 19 17 16 15 13 12 1
1 18 20 21 14 16 17 1
1 21 19 18 17 15 14 1
1 20 22 23 16 18 19 1
1 23 21 20 19 17 16 1
1 22 24 25 18 20 18 1
1 25 23 22 18 19 18 1
1 24 26 27 20 21 22 1
1 27 25 24 22 18 20 1
1 26 3 28 21 2 23 1
1 28 27 26 23 22 21 1
1 3 2 29 2 1 24 1
1 29 28 3 24 23 2 1
1 2 30 31 1 25 26 1
1 31 29 2 26 24 1 1
1 30 32 33 25 27 28 1
1 33 31 30 28 26 25 1
1 32 34 35 27 29 30 1
1 35 33 32 30 28 27 1
1 34 36 37 29 31 32 1
1 37 35 34 32 30 29 1
1 36 4 7 31 3 6 1
1 7 37 36 6 32 31 1

Materials: 5
"Object02Cls_2_-_"
0.584314 0.584314 0.584314 1.000000
0.584314 0.584314 0.584314 1.000000
0.894118 0.894118 0.894118 1.000000
0.000000 0.000000 0.000000 1.000000
125.440002
1.000000
"MET_7.tga"
""
"Object02Cls_3_-_"
0.584314 0.584314 0.584314 1.000000
0.584314 0.584314 0.584314 1.000000
0.894118 0.894118 0.894118 1.000000
0.000000 0.000000 0.000000 1.000000
125.440002
1.000000
"MET_5.tga"
""
"Object02Cls_5_-_"
0.584314 0.584314 0.584314 1.000000
0.584314 0.584314 0.584314 1.000000
0.894118 0.894118 0.894118 1.000000
0.000000 0.000000 0.000000 1.000000
125.440002
1.000000
"CON_12.tga"
""
"Object02Cls_6_-_"
0.584314 0.584314 0.584314 1.000000
0.584314 0.584314 0.584314 1.000000
0.894118 0.894118 0.894118 1.000000
0.000000 0.000000 0.000000 1.000000
125.440002
1.000000
"CON_13.tga"
""
"Material"
0.117647 0.117647 0.117647 1.000000
0.752941 0.752941 0.752941 1.000000
0.752941 0.752941 0.752941 1.000000
0.000000 0.000000 0.000000 1.000000
125.440002
1.000000
""
""

Bones: 0
GroupComments: 0
MaterialComments: 0
BoneComments: 0
ModelComment: 0
