// MilkShape 3D ASCII

Frames: 30
Frame: 1

Meshes: 9
"MDL-Box011" 1 0
16
1 -5.675004 4.284111 12.442756 1.893070 0.000499 -1
1 8.255692 4.284111 12.442756 -0.893069 0.000499 -1
1 8.255692 0.338180 12.442756 -0.893069 0.999500 -1
1 -5.675004 0.338180 12.442756 1.893070 0.999500 -1
1 8.255692 4.284111 12.442756 2.978841 0.000499 -1
1 8.255692 4.284110 -12.345647 -1.978840 0.000499 -1
1 8.255692 0.338179 -12.345647 -1.978840 0.999500 -1
1 8.255692 0.338180 12.442756 2.978841 0.999500 -1
1 8.255692 4.284110 -12.345647 1.893070 0.000499 -1
1 -5.675004 4.284110 -12.345647 -0.893069 0.000499 -1
1 -5.675004 0.338179 -12.345647 -0.893069 0.999500 -1
1 8.255692 0.338179 -12.345647 1.893070 0.999500 -1
1 -5.675004 4.284110 -12.345647 2.978841 0.000499 -1
1 -5.675004 4.284111 12.442756 -1.978840 0.000499 -1
1 -5.675004 0.338180 12.442756 -1.978840 0.999500 -1
1 -5.675004 0.338179 -12.345647 2.978841 0.999500 -1
4
0.000000 0.000000 -1.000000
-1.000000 0.000000 0.000000
0.000000 0.000000 1.000000
1.000000 0.000000 0.000000
8
1 0 1 2 0 0 0 1
1 2 3 0 0 0 0 1
1 4 5 6 1 1 1 1
1 6 7 4 1 1 1 1
1 8 9 10 2 2 2 1
1 10 11 8 2 2 2 1
1 12 13 14 3 3 3 1
1 14 15 12 3 3 3 1
"MDL-Box012" 1 1
8
1 -5.865004 4.284111 12.632754 -6.703629 13.061324 -1
1 -5.865004 4.284110 -12.535647 -6.703623 -12.107078 -1
1 -7.927907 4.284110 -14.481978 -8.766526 -14.053409 -1
1 -7.927907 4.284112 14.624835 -8.766534 15.053405 -1
1 8.445693 4.284110 -12.535647 7.607073 -12.107074 -1
1 10.605153 4.284110 -14.481978 9.766534 -14.053405 -1
1 8.445693 4.284111 12.632754 7.607068 13.061328 -1
1 10.605153 4.284112 14.624835 9.766526 15.053409 -1
8
0.000000 1.000000 -0.000000
0.000000 1.000000 -0.000000
0.000000 1.000000 -0.000000
0.000000 1.000000 -0.000000
-0.000000 1.000000 -0.000000
-0.000000 1.000000 -0.000000
-0.000000 1.000000 -0.000000
-0.000000 1.000000 -0.000000
8
1 0 1 2 0 1 2 1
1 2 3 0 2 3 0 1
1 1 4 5 1 4 5 1
1 5 2 1 5 2 1 1
1 4 6 7 4 6 7 1
1 7 5 4 7 5 4 1
1 6 0 3 6 0 3 1
1 3 7 6 3 7 6 1
"MDL-Box013" 1 2
348
1 -8.837839 2.569488 1.918514 0.767204 0.261635 -1
1 -8.837842 2.347364 1.741198 0.711658 0.331217 -1
1 -8.838047 2.691944 2.316579 0.891900 0.223275 -1
1 -8.838395 2.569325 2.714589 1.016580 0.261686 -1
1 -8.838749 2.208644 2.923395 1.081990 0.374672 -1
1 -8.838969 1.570097 2.714385 1.016516 0.574701 -1
1 -8.838760 1.447641 2.316322 0.891820 0.613061 -1
1 -8.838411 1.570260 1.918310 0.767140 0.574650 -1
1 -8.838059 1.931442 1.709506 0.701730 0.461508 -1
1 -10.655770 0.197708 1.961602 0.895223 0.219299 -1
1 -10.656266 0.197561 2.669513 0.895378 -0.002459 -1
1 -10.088503 0.197421 1.776211 0.717523 0.277374 -1
1 -9.767981 0.197194 1.962104 0.617117 0.219141 -1
1 -9.658623 0.197062 2.316120 0.582860 0.108243 -1
1 -9.768475 0.197052 2.670013 0.617271 -0.002616 -1
1 -10.089258 0.197198 2.855543 0.717759 -0.060735 -1
1 -10.765623 0.197699 2.315495 0.929635 0.108439 -1
1 -10.655770 0.197708 1.961602 0.895223 1.004612 -1
1 -10.088503 0.197421 1.776211 0.717523 1.004701 -1
1 -10.655832 -0.006381 1.961581 0.895243 1.068544 -1
1 -10.088564 -0.006669 1.776189 0.717541 1.068633 -1
1 -9.767981 0.197194 1.962104 0.617117 1.004773 -1
1 -9.768041 -0.006892 1.962081 0.617136 1.068704 -1
1 -9.767981 0.197194 1.962104 0.219141 1.004773 -1
1 -9.658623 0.197062 2.316120 0.108243 1.004813 -1
1 -9.768041 -0.006892 1.962081 0.219148 1.068704 -1
1 -9.658686 -0.007025 2.316098 0.108250 1.068745 -1
1 -9.768475 0.197052 2.670013 -0.002616 1.004817 -1
1 -9.768537 -0.007036 2.669992 -0.002610 1.068749 -1
1 -9.768475 0.197052 2.670013 0.382729 1.004817 -1
1 -10.089258 0.197198 2.855543 0.282241 1.004771 -1
1 -9.768537 -0.007036 2.669992 0.382709 1.068749 -1
1 -10.089319 -0.006890 2.855521 0.282221 1.068703 -1
1 -10.656266 0.197561 2.669513 0.104622 1.004657 -1
1 -10.656326 -0.006524 2.669491 0.104603 1.068589 -1
1 -10.656266 0.197561 2.669513 1.002459 1.004657 -1
1 -10.765623 0.197699 2.315495 0.891561 1.004614 -1
1 -10.656326 -0.006524 2.669491 1.002452 1.068589 -1
1 -10.765684 -0.006390 2.315474 0.891554 1.068546 -1
1 -10.655770 0.197708 1.961602 0.780701 1.004612 -1
1 -10.655832 -0.006381 1.961581 0.780695 1.068544 -1
1 -10.959240 0.193224 -0.800025 0.990287 1.084397 -1
1 -11.458174 0.193475 -0.636814 1.146581 1.033270 -1
1 -10.677061 0.193029 -0.636374 0.901893 1.033132 -1
1 -10.580830 0.192912 -0.324780 0.871747 0.935523 -1
1 -10.677498 0.192902 -0.013299 0.902030 0.837950 -1
1 -10.959905 0.193031 0.149797 0.990495 0.786858 -1
1 -11.458611 0.193350 -0.013739 1.146718 0.838087 -1
1 -11.555088 0.193471 -0.325331 1.176940 0.935695 -1
1 -11.458174 0.193475 -0.636814 1.146581 1.005938 -1
1 -10.959240 0.193224 -0.800025 0.990287 1.006016 -1
1 -11.458240 -0.014594 -0.636836 1.146602 1.071116 -1
1 -10.959305 -0.014846 -0.800048 0.990307 1.071195 -1
1 -10.677061 0.193029 -0.636374 0.901893 1.006077 -1
1 -10.677127 -0.015042 -0.636396 0.901913 1.071257 -1
1 -10.677061 0.193029 -0.636374 1.033132 1.006077 -1
1 -10.580830 0.192912 -0.324780 0.935523 1.006114 -1
1 -10.677127 -0.015042 -0.636396 1.033139 1.071257 -1
1 -10.580895 -0.015161 -0.324804 0.935530 1.071294 -1
1 -10.677498 0.192902 -0.013299 0.837950 1.006117 -1
1 -10.677562 -0.015168 -0.013321 0.837957 1.071296 -1
1 -10.677498 0.192902 -0.013299 0.097971 1.006117 -1
1 -10.959905 0.193031 0.149797 0.009505 1.006076 -1
1 -10.677562 -0.015168 -0.013321 0.097950 1.071296 -1
1 -10.959971 -0.015040 0.149774 0.009484 1.071256 -1
1 -11.458611 0.193350 -0.013739 -0.146718 1.005976 -1
1 -11.458676 -0.014720 -0.013762 -0.146739 1.071156 -1
1 -11.458611 0.193350 -0.013739 0.161913 1.005976 -1
1 -11.555088 0.193471 -0.325331 0.064305 1.005939 -1
1 -11.458676 -0.014720 -0.013762 0.161905 1.071156 -1
1 -11.555152 -0.014600 -0.325353 0.064297 1.071119 -1
1 -11.458174 0.193475 -0.636814 -0.033270 1.005938 -1
1 -11.458240 -0.014594 -0.636836 -0.033277 1.071116 -1
1 -9.642115 3.632253 -0.186648 0.107747 -0.071283 -1
1 -9.641876 3.481918 -0.649590 -0.037272 -0.024189 -1
1 -9.642345 3.481781 0.020297 0.172575 -0.024147 -1
1 -9.642542 3.238682 0.099381 0.197348 0.052005 -1
1 -9.642625 2.995614 0.020199 0.172544 0.128148 -1
1 -9.642477 2.845252 -0.314776 0.067611 0.175251 -1
1 -9.642157 2.995750 -0.649693 -0.037304 0.128106 -1
1 -9.865707 0.162373 2.016460 0.647730 1.015680 -1
1 -10.133763 0.162561 1.861607 0.731701 1.015622 -1
1 -10.105816 1.960886 1.915840 0.722946 0.452284 -1
1 -9.822227 1.374915 2.016875 0.634110 0.635843 -1
1 -10.438744 0.162726 1.915141 0.827238 1.015570 -1
1 -10.351296 1.594413 1.915627 0.799844 0.567084 -1
1 -10.438744 0.162726 1.915141 0.766147 1.015570 -1
1 -10.638010 0.162761 2.307007 0.888901 1.015559 -1
1 -10.351296 1.594413 1.915627 0.766299 0.567084 -1
1 -10.535419 1.670150 2.307515 0.889062 0.543359 -1
1 -10.439292 0.162566 2.699334 1.011801 1.015620 -1
1 -10.438315 1.160936 2.699680 1.011909 0.702874 -1
1 -10.439292 0.162566 2.699334 0.172590 1.015620 -1
1 -9.866114 0.162256 2.598424 0.352142 1.015717 -1
1 -10.438315 1.160936 2.699680 0.172896 0.702874 -1
1 -9.822635 1.374796 2.598840 0.365762 0.635881 -1
1 -9.866114 0.162256 2.598424 0.019810 1.015717 -1
1 -9.865707 0.162373 2.016460 0.202114 1.015680 -1
1 -9.822635 1.374796 2.598840 0.019679 0.635881 -1
1 -9.701073 1.556161 2.016982 0.201950 0.579067 -1
1 -9.822227 1.374915 2.016875 0.201984 0.635843 -1
1 -8.730500 1.716625 2.019871 0.707881 0.201046 -1
1 -8.730906 1.716505 2.601837 0.707753 0.018741 -1
1 -9.519792 1.676602 2.017107 0.460630 0.201911 -1
1 -9.701073 1.556161 2.016982 0.403842 0.201950 -1
1 -9.520199 1.676482 2.599072 0.460503 0.019607 -1
1 -8.730906 1.716505 2.601837 0.707753 0.528838 -1
1 -8.730861 1.984462 2.756830 0.707768 0.444899 -1
1 -9.739173 2.206585 2.700288 0.391907 0.375317 -1
1 -9.520199 1.676482 2.599072 0.460503 0.541375 -1
1 -8.730649 2.289322 2.703187 0.707834 0.349399 -1
1 -8.730649 2.289322 2.703187 0.292166 -0.013008 -1
1 -8.730261 2.488652 2.311012 0.292044 0.109844 -1
1 -9.739173 2.206585 2.700288 0.608093 -0.012100 -1
1 -9.815028 2.390020 2.308068 0.631855 0.110766 -1
1 -8.730101 2.289483 1.918995 0.291994 0.232646 -1
1 -9.738624 2.206746 1.916097 0.607921 0.233553 -1
1 -8.730101 2.289483 1.918995 0.291994 0.349349 -1
1 -8.730500 1.716625 2.019871 0.292119 0.528801 -1
1 -9.738624 2.206746 1.916097 0.607921 0.375267 -1
1 -9.701480 1.556039 2.598946 0.403715 0.019646 -1
1 -9.701480 1.556039 2.598946 0.019646 0.579105 -1
1 -9.701480 1.556039 2.598946 0.403715 0.579105 -1
1 -10.351844 1.594252 2.699820 0.199984 0.567134 -1
1 -10.106366 1.960723 2.700032 0.276882 0.452335 -1
1 -10.106366 1.960723 2.700032 0.723118 -0.012020 -1
1 -10.351844 1.594252 2.699820 1.011953 0.567134 -1
1 -10.106366 1.960723 2.700032 1.012020 0.452335 -1
1 -10.105816 1.960886 1.915840 0.722946 0.233634 -1
1 -10.105816 1.960886 1.915840 0.766366 0.452284 -1
1 -9.519792 1.676602 2.017107 0.539370 0.541338 -1
1 -9.701073 1.556161 2.016982 0.596158 0.579067 -1
1 -7.233568 1.569340 1.919217 -0.176805 0.574939 -1
1 -8.838059 1.931442 1.709506 0.325812 0.461508 -1
1 -7.233055 2.207968 1.710468 -0.176966 0.374884 -1
1 -8.837842 2.347364 1.741198 0.325745 0.331217 -1
1 -8.837839 2.569488 1.918514 0.325744 0.261635 -1
1 -7.232995 2.568565 1.919420 -0.176985 0.261924 -1
1 -8.837839 2.569488 1.918514 0.325744 0.232796 -1
1 -8.838047 2.691944 2.316579 0.325808 0.108100 -1
1 -7.232995 2.568565 1.919420 -0.176985 0.232512 -1
1 -7.233202 2.691020 2.317482 -0.176920 0.107817 -1
1 -8.838395 2.569325 2.714589 0.325918 -0.016580 -1
1 -7.233552 2.568400 2.715493 -0.176810 -0.016863 -1
1 -8.838395 2.569325 2.714589 0.674082 0.261686 -1
1 -8.838749 2.208644 2.923395 0.673972 0.374672 -1
1 -7.233552 2.568400 2.715493 1.176810 0.261976 -1
1 -7.233904 2.207720 2.924301 1.176700 0.374961 -1
1 -8.838969 1.570097 2.714385 0.673902 0.574701 -1
1 -7.234124 1.569174 2.715288 1.176631 0.574990 -1
1 -8.838969 1.570097 2.714385 0.673902 -0.016516 -1
1 -8.838760 1.447641 2.316322 0.673967 0.108180 -1
1 -7.234124 1.569174 2.715288 1.176631 -0.016799 -1
1 -7.233917 1.446719 2.317229 1.176696 0.107896 -1
1 -8.838411 1.570260 1.918310 0.674077 0.232860 -1
1 -7.233568 1.569340 1.919217 1.176805 0.232576 -1
1 -8.838411 1.570260 1.918310 0.325923 0.574650 -1
1 -9.642157 2.995750 -0.649693 0.577702 0.128106 -1
1 -9.641876 3.481918 -0.649590 0.577614 -0.024189 -1
1 -9.197653 2.995494 -0.649441 0.438458 0.128186 -1
1 -9.197371 3.481659 -0.649339 0.438370 -0.024109 -1
1 -9.641876 3.481918 -0.649590 0.577614 1.037272 -1
1 -9.642115 3.632253 -0.186648 0.577689 0.892253 -1
1 -9.197371 3.481659 -0.649339 0.438370 1.037194 -1
1 -9.197521 3.632024 -0.314364 0.438416 0.932260 -1
1 -9.642345 3.481781 0.020297 0.577761 0.827425 -1
1 -9.197841 3.481522 0.020549 0.438517 0.827347 -1
1 -9.642345 3.481781 0.020297 0.422239 -0.024147 -1
1 -9.642542 3.238682 0.099381 0.422178 0.052005 -1
1 -9.197841 3.481522 0.020549 0.561483 -0.024066 -1
1 -9.642625 2.995614 0.020199 0.422152 0.128148 -1
1 -9.198121 2.995358 0.020450 0.561395 0.128228 -1
1 -9.642625 2.995614 0.020199 0.422152 0.827456 -1
1 -9.642477 2.845252 -0.314776 0.422198 0.932389 -1
1 -9.198121 2.995358 0.020450 0.561395 0.827378 -1
1 -9.197973 2.844995 -0.314526 0.561442 0.932311 -1
1 -9.642157 2.995750 -0.649693 0.422298 1.037304 -1
1 -9.197653 2.995494 -0.649441 0.561542 1.037225 -1
1 -10.796962 0.180131 -0.554223 0.939452 1.010118 -1
1 -11.260164 0.180418 -0.635993 1.084553 1.010028 -1
1 -10.990984 3.158749 -0.635394 1.000231 0.077045 -1
1 -10.761634 2.684393 -0.553851 0.928386 0.225640 -1
1 -11.189417 2.861987 -0.635563 1.062392 0.170008 -1
1 -11.260164 0.180418 -0.635993 -0.033013 1.010028 -1
1 -11.421139 0.180444 -0.319435 0.066151 1.010019 -1
1 -11.189417 2.861987 -0.635563 -0.032878 0.170008 -1
1 -11.338178 2.923773 -0.318988 0.066292 0.150653 -1
1 -11.260608 0.180286 -0.002462 0.165445 1.010069 -1
1 -11.189860 2.861855 -0.002032 0.165580 0.170049 -1
1 -11.260608 0.180286 -0.002462 -0.084693 1.010069 -1
1 -10.797291 0.180038 -0.083946 0.060445 1.010147 -1
1 -11.189860 2.861855 -0.002032 -0.062530 0.170049 -1
1 -10.761962 2.684295 -0.083574 0.071512 0.225671 -1
1 -10.797291 0.180038 -0.083946 0.860080 1.010147 -1
1 -10.796962 0.180131 -0.554223 1.007398 1.010118 -1
1 -10.761962 2.684295 -0.083574 0.859964 0.225671 -1
1 -10.663877 2.830782 -0.553767 1.007255 0.179783 -1
1 -10.761634 2.684393 -0.553851 1.007281 0.225640 -1
1 -9.633722 2.958864 -0.549414 0.424940 1.005891 -1
1 -9.634052 2.958767 -0.079136 0.424837 0.858574 -1
1 -10.517198 2.929326 -0.553666 0.148186 1.007223 -1
1 -10.663877 2.830782 -0.553767 0.102237 1.007255 -1
1 -10.517527 2.929229 -0.083385 0.148083 0.859905 -1
1 -9.634052 2.958767 -0.079136 0.424837 0.139691 -1
1 -9.633843 3.422001 0.002705 0.424902 -0.005420 -1
1 -10.991427 3.158620 -0.001862 -0.000370 0.077085 -1
1 -10.517527 2.929229 -0.083385 0.148083 0.148944 -1
1 -10.694654 3.356700 -0.001655 0.092597 0.015036 -1
1 -9.633843 3.422001 0.002705 0.575098 0.832936 -1
1 -9.633530 3.582462 -0.314147 0.574999 0.932192 -1
1 -10.694654 3.356700 -0.001655 0.907403 0.834302 -1
1 -10.755967 3.505240 -0.318542 0.926610 0.933568 -1
1 -9.633402 3.422132 -0.630826 0.574959 1.031394 -1
1 -10.694210 3.356829 -0.635186 0.907265 1.032760 -1
1 -9.633402 3.422132 -0.630826 0.574959 -0.005461 -1
1 -9.633722 2.958864 -0.549414 0.575060 0.139660 -1
1 -10.694210 3.356829 -0.635186 0.907265 0.014995 -1
1 -10.517198 2.929326 -0.553666 0.851814 0.148913 -1
1 -10.664208 2.830686 -0.083487 0.102134 0.859937 -1
1 -10.664208 2.830686 -0.083487 0.859937 0.179813 -1
1 -10.664208 2.830686 -0.083487 0.102134 0.179813 -1
1 -10.991427 3.158620 -0.001862 1.000370 0.834367 -1
1 -10.990984 3.158749 -0.635394 1.000231 1.032825 -1
1 -10.991427 3.158620 -0.001862 0.165633 0.077085 -1
1 -10.990984 3.158749 -0.635394 -0.032825 0.077045 -1
1 -8.023211 3.248837 12.334452 0.274797 0.020469 -1
1 -8.217372 3.456473 12.428006 0.335619 -0.044575 -1
1 -8.023307 3.456503 12.428100 0.274827 -0.044584 -1
1 -8.217276 3.248811 12.334356 0.335589 0.020477 -1
1 -8.023219 3.041069 12.427861 0.274799 0.085553 -1
1 -8.217286 3.041038 12.427766 0.335592 0.085563 -1
1 -8.023391 3.040895 12.730124 0.725147 -0.945736 -1
1 -8.217286 3.041038 12.427766 0.664408 -0.851020 -1
1 -8.023219 3.041069 12.427861 0.725201 -0.851050 -1
1 -8.217456 3.040868 12.730031 0.664355 -0.945706 -1
1 -8.023487 3.248554 12.823771 0.725116 0.020557 -1
1 -8.217456 3.040868 12.730031 0.664355 0.085616 -1
1 -8.023391 3.040895 12.730124 0.725147 0.085608 -1
1 -8.217534 3.169329 12.823632 0.664330 0.045375 -1
1 -8.023476 3.456326 12.730365 0.725120 -0.044529 -1
1 -8.217540 3.456300 12.730271 0.664328 -0.044521 -1
1 -8.023307 3.456503 12.428100 0.274827 -0.851125 -1
1 -8.217540 3.456300 12.730271 0.335672 -0.945782 -1
1 -8.023476 3.456326 12.730365 0.274880 -0.945811 -1
1 -8.217372 3.456473 12.428006 0.335619 -0.851095 -1
1 -9.065265 3.348757 3.866204 1.830947 -0.010832 -1
1 -9.065172 2.977182 3.836517 1.840247 0.105566 -1
1 -9.065057 3.076942 3.594473 1.916069 0.074316 -1
1 -9.065217 3.054855 3.888683 1.823906 0.081235 -1
1 -9.065151 3.240264 3.703439 1.881935 0.023154 -1
1 -9.065151 3.240264 3.703439 0.601191 1.881935 -1
1 -9.327612 3.348704 3.866020 0.683408 1.831005 -1
1 -9.065265 3.348757 3.866204 0.601226 1.830947 -1
1 -9.065057 3.076942 3.594473 0.601161 0.074316 -1
1 -9.327497 3.240209 3.703257 0.683373 0.023171 -1
1 -9.065151 3.240264 3.703439 0.601191 0.023154 -1
1 -9.327403 3.076888 3.594290 0.683343 0.074332 -1
1 -9.327497 3.240209 3.703257 0.683373 1.881992 -1
1 -9.327403 3.076888 3.594290 -0.916126 0.074332 -1
1 -9.381718 3.127061 3.815679 -0.846774 0.058616 -1
1 -9.327497 3.240209 3.703257 -0.881992 0.023171 -1
1 -9.327612 3.348704 3.866020 -0.831005 -0.010816 -1
1 -9.327565 3.054800 3.888260 -0.824038 0.081252 -1
1 -9.327619 3.106563 3.966228 -0.799614 0.065037 -1
1 -10.663877 2.830782 -0.553767 0.897763 0.179783 -1
1 -9.327565 3.054800 3.888260 0.316606 1.824038 -1
1 -9.065217 3.054855 3.888683 0.398789 1.823906 -1
1 -9.327619 3.106563 3.966228 0.316590 1.799614 -1
1 -9.065217 3.054855 3.888683 0.398789 0.081235 -1
1 -9.064729 -0.070080 3.817036 0.398942 1.060142 -1
1 -9.065172 2.977182 3.836517 0.398803 0.105566 -1
1 -9.327565 3.054800 3.888260 0.316606 0.081252 -1
1 -9.327075 -0.070136 3.816853 0.316760 1.060159 -1
1 -9.327075 -0.070136 3.816853 -0.846407 1.060159 -1
1 -9.326928 -0.069980 3.554778 -0.928504 1.060110 -1
1 -9.326928 -0.069980 3.554778 0.683194 1.060110 -1
1 -9.064579 -0.069929 3.554961 0.601011 1.060094 -1
1 -9.064729 -0.070080 3.817036 1.846349 1.060142 -1
1 -9.064579 -0.069929 3.554961 1.928446 1.060094 -1
1 -8.999909 3.119725 12.376012 -0.834808 0.060914 -1
1 -8.217534 3.169329 12.823632 1.975028 0.045375 -1
1 -8.217540 3.456300 12.730271 1.945782 -0.044521 -1
1 -8.217456 3.040868 12.730031 1.945706 0.085616 -1
1 -8.217286 3.041038 12.427766 1.851020 0.085563 -1
1 -8.999963 3.381737 12.376163 -0.834855 -0.021163 -1
1 -8.217276 3.248811 12.334356 1.821759 0.020477 -1
1 -9.051723 3.381771 12.298430 -0.810505 -0.021174 -1
1 -8.217372 3.456473 12.428006 1.851095 -0.044575 -1
1 -9.051723 3.381771 12.298430 0.596985 -0.810505 -1
1 -9.072731 3.436473 12.448969 0.603566 -0.857662 -1
1 -9.294168 3.381661 12.398610 0.672933 -0.841887 -1
1 -8.962332 0.134866 3.807204 0.568982 1.849430 -1
1 -8.944397 0.134987 3.606763 0.563363 1.912219 -1
1 -9.127076 0.134767 3.922660 0.620589 1.813262 -1
1 -9.294168 3.381661 12.398610 1.841887 -0.021140 -1
1 -9.327630 0.134736 3.904614 0.683414 1.818915 -1
1 -9.425241 0.134771 3.806880 0.713991 1.849531 -1
1 -9.425092 0.134924 3.539690 0.713944 1.933230 -1
1 -9.327370 0.135002 3.441843 0.683332 1.963881 -1
1 -9.060030 0.135058 3.442033 0.599586 1.963822 -1
1 -9.294113 3.119652 12.398459 1.841840 0.060937 -1
1 -9.294113 3.119652 12.398459 0.327084 -0.841840 -1
1 -9.185367 3.119581 12.561234 0.361150 -0.892830 -1
1 -8.999909 3.119725 12.376012 0.419246 -0.834808 -1
1 -8.944397 0.134987 3.606763 1.912219 0.995903 -1
1 -8.962332 0.134866 3.807204 1.849430 0.995941 -1
1 -9.060010 -0.027025 3.441973 1.963841 1.046654 -1
1 -8.962310 -0.027218 3.807146 1.849448 1.046715 -1
1 -8.962332 0.134866 3.807204 0.431018 0.995941 -1
1 -9.127076 0.134767 3.922660 0.379411 0.995972 -1
1 -8.962310 -0.027218 3.807146 0.431025 1.046715 -1
1 -8.999963 3.381737 12.376163 0.580771 -0.834855 -1
1 -9.185422 3.381588 12.561385 0.638867 -0.892877 -1
1 -9.022704 3.381561 12.670375 0.587895 -0.927019 -1
1 -9.327630 0.134736 3.904614 0.316586 0.995982 -1
1 -9.327608 -0.027347 3.904557 0.316593 1.046755 -1
1 -9.327630 0.134736 3.904614 -0.818915 0.995982 -1
1 -9.425241 0.134771 3.806880 -0.849531 0.995971 -1
1 -9.327608 -0.027347 3.904557 -0.818933 1.046755 -1
1 -9.425220 -0.027310 3.806822 -0.849549 1.046744 -1
1 -9.425092 0.134924 3.539690 -0.933230 0.995923 -1
1 -9.185422 3.381588 12.561385 0.361133 -0.021117 -1
1 -9.022650 3.119552 12.670224 0.412122 0.060968 -1
1 -9.022704 3.381561 12.670375 0.412105 -0.021108 -1
1 -9.185367 3.119581 12.561234 1.892830 0.060959 -1
1 -9.185422 3.381588 12.561385 1.892877 -0.021117 -1
1 -9.425070 -0.027157 3.539631 -0.933249 1.046696 -1
1 -9.327370 0.135002 3.441843 -0.963881 0.995898 -1
1 -9.327348 -0.027081 3.441785 -0.963899 1.046672 -1
1 -9.327370 0.135002 3.441843 0.683332 0.995898 -1
1 -9.060030 0.135058 3.442033 0.599586 0.995881 -1
1 -9.327348 -0.027081 3.441785 0.683325 1.046672 -1
1 -9.185367 3.119581 12.561234 0.361150 0.060959 -1
1 -9.060010 -0.027025 3.441973 0.599580 1.046654 -1
1 -9.060030 0.135058 3.442033 1.963822 0.995881 -1
1 -8.921995 3.119715 12.428191 0.443653 -0.851153 -1
1 -8.080830 3.381772 12.446813 0.292846 -0.021174 -1
1 -8.080775 3.119761 12.446418 0.292829 0.060902 -1
1 -8.999963 3.381737 12.376163 0.580771 -0.021163 -1
1 -8.999909 3.119725 12.376012 0.580754 0.060914 -1
1 -8.921995 3.119715 12.428191 0.556347 0.060917 -1
1 -8.080830 3.381772 12.446813 0.292846 -0.856986 -1
1 -8.080775 3.119761 12.446418 0.707171 -0.856863 -1
1 -8.080923 3.119610 12.708737 0.707124 -0.939036 -1
1 -9.022650 3.119552 12.670224 0.412122 -0.926972 -1
1 -8.080923 3.119610 12.708737 0.707124 0.060950 -1
1 -8.080976 3.381620 12.708888 0.707108 -0.021127 -1
1 -8.080976 3.381620 12.708888 0.292892 -0.939083 -1
346
-1.000000 0.000570 -0.000698
-1.000000 0.000573 -0.000698
-1.000000 0.000571 -0.000698
-1.000000 0.000574 -0.000699
-1.000000 0.000575 -0.000700
-1.000000 0.000573 -0.000700
-1.000000 0.000573 -0.000701
-1.000000 0.000574 -0.000695
-1.000000 0.000575 -0.000690
0.000581 1.000000 0.000208
0.000577 1.000000 0.000206
0.000579 1.000000 0.000211
0.000577 1.000000 0.000206
0.000572 1.000000 0.000202
0.000574 1.000000 0.000204
0.000574 1.000000 0.000203
0.000587 1.000000 0.000208
-0.310645 0.000192 -0.950526
-0.043195 0.000120 -0.999067
-0.310646 0.000194 -0.950526
0.250208 0.000032 -0.968192
0.501696 -0.000053 -0.865044
0.501695 -0.000050 -0.865045
0.955452 -0.000248 -0.295145
0.994785 -0.000291 -0.101989
0.955454 -0.000255 -0.295142
0.994644 -0.000316 0.103357
0.955047 -0.000323 0.296454
0.955048 -0.000321 0.296452
0.500657 -0.000241 0.865646
0.249059 -0.000178 0.968488
0.500657 -0.000242 0.865646
-0.044362 -0.000095 0.999016
-0.311741 -0.000010 0.950167
-0.311741 -0.000010 0.950167
-0.955453 0.000250 0.295142
-0.994785 0.000285 0.101990
-0.955453 0.000252 0.295143
-0.994644 0.000310 -0.103357
-0.955046 0.000319 -0.296457
-0.955047 0.000321 -0.296456
0.000571 1.000000 0.000213
0.000577 1.000000 0.000204
0.000571 1.000000 0.000206
0.000570 1.000000 0.000203
0.000571 1.000000 0.000205
0.000574 1.000000 0.000201
0.000588 1.000000 0.000201
0.000602 1.000000 0.000201
-0.310908 0.000199 -0.950440
-0.043390 0.000122 -0.999058
-0.310908 0.000200 -0.950440
0.250122 0.000026 -0.968214
0.501691 -0.000064 -0.865047
0.501692 -0.000067 -0.865046
0.955471 -0.000271 -0.295084
0.994788 -0.000304 -0.101966
0.955471 -0.000270 -0.295085
0.994646 -0.000322 0.103337
0.955064 -0.000330 0.296400
0.955065 -0.000325 0.296397
0.500111 -0.000245 0.865961
0.248678 -0.000183 0.968586
0.500108 -0.000251 0.865963
-0.044449 -0.000097 0.999012
-0.311595 -0.000006 0.950215
-0.311596 -0.000007 0.950215
-0.955258 0.000269 0.295774
-0.994761 0.000297 0.102225
-0.955258 0.000266 0.295772
-0.994619 0.000319 -0.103596
-0.954850 0.000329 -0.297087
-0.954851 0.000333 -0.297085
-1.000000 0.000571 -0.000700
-1.000000 0.000575 -0.000700
-1.000000 0.000575 -0.000700
-1.000000 0.000575 -0.000702
-1.000000 0.000573 -0.000702
-1.000000 0.000576 -0.000699
-1.000000 0.000577 -0.000698
0.409913 0.003695 -0.912117
0.174167 0.026979 -0.984346
0.124089 -0.076261 -0.989336
0.232638 -0.054837 -0.971016
-0.086531 0.016408 -0.996114
0.000397 0.000315 -1.000000
-0.890046 0.054517 -0.452599
-0.984961 0.064806 -0.160162
-0.829087 0.442902 -0.341251
-0.928194 0.334158 0.163690
-0.936768 0.030867 0.348587
-0.933778 0.088894 0.346636
0.173385 -0.000511 0.984854
0.168560 -0.003360 0.985686
0.150858 -0.057234 0.986897
0.185749 -0.072703 0.979904
0.999357 -0.035835 0.000690
0.919731 -0.070281 -0.386206
0.968089 -0.243696 0.058440
0.861284 -0.319226 -0.395328
0.000393 0.000328 -1.000000
0.050643 -0.998717 -0.000171
0.202065 -0.969531 -0.138492
0.273994 -0.911256 -0.307473
0.386120 -0.911951 -0.138769
0.313696 -0.944478 0.097753
-0.076803 -0.345868 0.935135
-0.092728 -0.171254 0.980854
0.019819 -0.116281 0.993019
0.051753 -0.166630 0.984660
-0.017046 0.173284 0.984724
-0.074232 0.889029 0.451793
-0.086958 0.983258 0.160132
-0.223505 0.862517 0.453994
-0.397403 0.913500 -0.087109
-0.076005 0.893396 -0.442794
-0.292815 0.842997 -0.451237
0.017056 -0.173411 -0.984702
0.031887 -0.188328 -0.981588
0.038368 -0.130836 -0.990661
0.553391 -0.832921 0.000213
0.831359 -0.555736 0.000465
0.170617 -0.141993 0.975053
-0.000557 -0.000208 1.000000
-0.000561 -0.000203 1.000000
-0.693215 0.682342 0.232082
-0.823999 0.341985 0.451744
-0.695052 0.717501 0.045770
-0.692915 0.682377 -0.232875
-0.830829 0.556528 -0.000467
0.058827 -0.225173 -0.972541
0.123242 -0.122843 -0.984744
0.027272 -0.407740 -0.912691
0.014359 -0.252803 -0.967411
0.022018 0.240541 -0.970389
0.013975 0.366020 -0.930502
0.020045 0.564040 -0.825504
0.000777 0.501371 -0.865232
0.000716 0.955796 -0.294029
0.000630 0.994797 -0.101876
0.000716 0.955796 -0.294029
0.000515 0.994755 0.102288
0.000385 0.955675 0.294425
0.000385 0.955674 0.294425
-0.000199 0.501019 0.865436
-0.000402 0.249548 0.968362
-0.000199 0.501021 0.865435
-0.000588 -0.043752 0.999042
-0.000715 -0.311083 0.950383
-0.000714 -0.311085 0.950382
-0.000715 -0.955796 0.294030
-0.000629 -0.994797 0.101878
-0.000715 -0.955796 0.294031
-0.000513 -0.994755 -0.102288
-0.000382 -0.955674 -0.294426
-0.000382 -0.955674 -0.294428
0.000202 -0.500496 -0.865739
0.000567 0.000210 -1.000000
0.000566 0.000209 -1.000000
0.000565 0.000208 -1.000000
0.000729 0.951107 -0.308861
-0.058012 0.931549 -0.358958
-0.116385 0.906083 -0.406778
0.167011 0.797350 0.579948
0.084395 0.862309 0.499300
0.000299 0.912135 0.409890
-0.000357 0.309355 0.950947
0.170089 0.008409 0.985393
0.111189 0.005436 0.993784
0.163831 -0.150667 0.974915
-0.000565 -0.000203 1.000000
-0.000758 -0.912304 0.409512
-0.000654 -0.989009 0.147857
-0.000757 -0.912305 0.409511
-0.000486 -0.988949 -0.148257
-0.000294 -0.912139 -0.409882
-0.000292 -0.912138 -0.409884
0.251080 -0.010022 -0.967914
0.087562 -0.007713 -0.996129
0.148185 -0.037329 -0.988255
0.208220 -0.090806 -0.973858
0.000642 0.000143 -1.000000
-0.891122 0.023583 -0.453151
-0.986961 0.028609 -0.158394
-0.870017 0.188055 -0.455748
-0.924768 0.370369 0.087355
-0.897822 0.025337 0.439630
-0.851059 0.269167 0.450830
0.173208 -0.004728 0.984874
0.179650 -0.003749 0.983723
0.154884 -0.079957 0.984692
0.166606 -0.050719 0.984718
0.999900 -0.014106 0.000697
0.925214 -0.029531 -0.378294
0.974515 -0.214399 0.065978
0.873398 -0.291197 -0.390360
0.000651 0.000139 -1.000000
0.033416 -0.999442 -0.000183
0.240447 -0.887804 -0.392414
0.397183 -0.590466 -0.702564
0.308007 -0.945886 0.102136
0.031834 -0.980236 0.195251
0.018401 -0.249394 0.968227
0.013042 -0.084500 0.996338
0.040470 -0.145788 0.988488
0.091387 -0.206669 0.974134
-0.004455 0.005625 0.999974
-0.056684 0.890712 0.451021
-0.066053 0.985001 0.159405
-0.443381 0.829226 0.340291
-0.381999 0.913457 -0.140262
-0.056573 0.895400 -0.441654
-0.283081 0.846041 -0.451751
0.014702 -0.173073 -0.984799
0.012775 -0.178022 -0.983943
0.083905 -0.154180 -0.984474
0.055078 -0.164977 -0.984758
0.557654 -0.830074 0.000224
0.831631 -0.555328 0.000473
0.142495 -0.152617 0.977959
-0.555148 0.831752 -0.000220
-0.716526 0.696013 -0.046429
-0.682287 0.693028 0.232802
-0.681956 0.693085 -0.233601
0.000460 0.148995 -0.988838
0.000385 0.411095 -0.911592
0.000376 0.411089 -0.911595
0.000510 -0.147857 -0.989009
0.000509 -0.410047 -0.912064
0.000515 -0.410042 -0.912067
0.000150 -1.000000 -0.000569
0.000162 -1.000000 -0.000577
0.000138 -1.000000 -0.000562
0.117839 -0.497865 0.859211
-0.000382 -0.411095 0.911592
0.233202 -0.572563 0.785995
-0.083528 0.358622 0.929738
-0.165742 0.404370 0.899452
-0.000499 0.309371 0.950941
-0.000143 1.000000 0.000577
-0.000133 1.000000 0.000584
-0.000153 1.000000 0.000571
0.980610 0.195940 -0.003450
1.000000 0.000184 0.000550
1.000000 0.000174 0.000557
0.999994 -0.000111 -0.003568
1.000000 0.000203 0.000562
0.000215 0.832087 -0.554645
0.154752 0.950849 -0.268212
0.000010 0.956534 -0.291622
0.000605 0.295960 -0.955200
0.000464 0.555001 -0.831849
0.000461 0.554997 -0.831852
0.000606 0.295962 -0.955200
0.000210 0.832083 -0.554651
-0.983639 0.055547 -0.171372
-0.993748 -0.106738 0.032736
-0.946791 0.227243 -0.227920
-0.962637 0.255421 -0.089948
-0.872571 -0.211747 0.440208
-0.700971 -0.695656 0.157172
0.153518 -0.142488 -0.977819
-0.000719 -0.833113 0.553102
-0.050924 -0.987724 0.147677
-0.101403 -0.951275 0.291192
0.706310 -0.016116 0.707719
0.446275 -0.020408 0.894663
1.000000 0.000141 0.000649
-0.001150 -0.022883 0.999738
-0.000693 -0.022845 0.999739
-0.991931 -0.010859 0.126315
-1.000000 -0.000144 -0.000560
0.000695 0.012555 -0.999921
0.000695 0.012555 -0.999921
1.000000 0.000143 0.000553
1.000000 0.000145 0.000571
0.999970 -0.000109 -0.007683
-1.000000 -0.000202 -0.000559
-1.000000 -0.000205 -0.000559
-1.000000 -0.000202 -0.000560
-1.000000 -0.000202 -0.000562
0.709311 0.704849 -0.008175
-1.000000 -0.000208 -0.000558
0.006540 0.999971 -0.003926
-1.000000 -0.000213 -0.000555
0.486676 0.866356 -0.112131
0.116072 0.992783 -0.030145
-0.258779 0.961617 0.091249
-0.000190 1.000000 0.000586
-0.000207 1.000000 0.000578
-0.000198 1.000000 0.000581
-0.902776 -0.429551 0.021951
-0.000209 1.000000 0.000573
-0.000211 1.000000 0.000571
-0.000212 1.000000 0.000578
-0.000211 1.000000 0.000582
-0.000210 1.000000 0.000579
-0.956372 -0.000366 0.292152
-0.922410 -0.000415 0.386211
-0.999992 -0.000210 0.003974
-0.102564 -0.994715 0.004815
-0.000560 -0.999996 0.002641
0.004292 -0.999985 0.003520
0.893156 -0.349692 -0.282821
0.936476 -0.335673 -0.101664
0.933184 -0.227516 -0.278216
0.966023 0.000223 -0.258454
0.573913 -0.000216 0.818916
0.282090 -0.350055 0.893245
0.277447 -0.227948 0.933308
0.226903 0.873789 -0.430126
-0.230456 0.945380 0.230537
-0.044051 0.984366 0.170537
0.100879 -0.336022 0.936436
0.257658 -0.000309 0.966236
-0.707557 -0.000347 0.706656
-0.863164 -0.000289 0.504924
-0.707554 -0.000343 0.706659
-0.967685 -0.000214 0.252162
-0.967490 -0.000035 -0.252909
-0.556507 -0.000594 0.830843
-0.310315 -0.000612 0.950634
-0.310315 -0.000611 0.950634
-0.831509 -0.000494 0.555511
-0.831510 -0.000495 0.555509
-0.862991 0.000065 -0.505220
-0.707557 0.000158 -0.706657
-0.707555 0.000156 -0.706658
0.000712 0.000356 -1.000000
0.000707 0.000363 -1.000000
-0.556508 -0.000595 0.830842
0.000703 0.000371 -1.000000
0.818480 0.000314 -0.574535
0.000144 -1.000000 -0.000624
0.076640 0.001518 -0.997058
0.049205 -0.094017 -0.994354
0.226349 -0.064516 -0.971907
0.556445 0.000591 -0.830884
0.302189 -0.098353 -0.948161
0.034809 0.991953 -0.121724
0.000067 -1.000000 -0.000574
0.000091 -1.000000 -0.000570
0.000077 -1.000000 -0.000378
-0.040862 -0.000583 0.999165
-0.040862 -0.000583 0.999165
-0.000086 1.000000 0.000579
254
1 0 1 2 0 1 2 1
1 2 1 3 2 1 3 1
1 3 1 4 3 1 4 1
1 4 1 5 4 1 5 1
1 5 1 6 5 1 6 1
1 6 1 7 6 1 7 1
1 7 1 8 7 1 8 1
1 9 10 11 9 10 11 1
1 11 10 12 11 10 12 1
1 12 10 13 12 10 13 1
1 13 10 14 13 10 14 1
1 14 10 15 14 10 15 1
1 16 10 9 16 10 9 1
1 17 18 19 17 18 19 1
1 19 18 20 19 18 20 1
1 18 21 20 18 21 20 1
1 20 21 22 20 21 22 1
1 23 24 25 23 24 25 1
1 25 24 26 25 24 26 1
1 24 27 26 24 27 26 1
1 26 27 28 26 27 28 1
1 29 30 31 29 30 31 1
1 31 30 32 31 30 32 1
1 30 33 32 30 33 32 1
1 32 33 34 32 33 34 1
1 35 36 37 35 36 37 1
1 37 36 38 37 36 38 1
1 36 39 38 36 39 38 1
1 38 39 40 38 39 40 1
1 41 42 43 41 42 43 1
1 43 42 44 43 42 44 1
1 44 42 45 44 42 45 1
1 45 42 46 45 42 46 1
1 46 42 47 46 42 47 1
1 47 42 48 47 42 48 1
1 49 50 51 49 50 51 1
1 51 50 52 51 50 52 1
1 50 53 52 50 53 52 1
1 52 53 54 52 53 54 1
1 55 56 57 55 56 57 1
1 57 56 58 57 56 58 1
1 56 59 58 56 59 58 1
1 58 59 60 58 59 60 1
1 61 62 63 61 62 63 1
1 63 62 64 63 62 64 1
1 62 65 64 62 65 64 1
1 64 65 66 64 65 66 1
1 67 68 69 67 68 69 1
1 69 68 70 69 68 70 1
1 68 71 70 68 71 70 1
1 70 71 72 70 71 72 1
1 73 74 75 73 74 75 1
1 75 74 76 75 74 76 1
1 76 74 77 76 74 77 1
1 77 74 78 77 74 78 1
1 78 74 79 78 74 79 1
1 80 81 82 80 81 82 1
1 80 82 83 80 82 83 1
1 81 84 82 81 84 82 1
1 82 84 85 82 84 85 1
1 86 87 88 86 87 88 1
1 88 87 89 88 87 89 1
1 87 90 89 87 90 89 1
1 89 90 91 89 90 91 1
1 92 93 94 92 93 94 1
1 94 93 95 94 93 95 1
1 96 97 98 96 97 98 1
1 98 97 99 98 97 99 1
1 99 97 100 99 97 100 1
1 101 102 103 101 102 103 1
1 103 102 104 103 102 104 1
1 104 102 105 104 102 105 1
1 106 107 108 106 107 108 1
1 106 108 109 106 108 109 1
1 107 110 108 107 110 108 1
1 111 112 113 111 112 113 1
1 113 112 114 113 112 114 1
1 112 115 114 112 115 114 1
1 114 115 116 114 115 116 1
1 117 118 119 117 118 119 1
1 120 104 105 120 104 105 1
1 98 99 121 98 99 121 1
1 122 109 108 122 109 108 1
1 95 122 94 95 122 94 1
1 94 122 108 94 122 108 1
1 94 108 123 94 108 123 1
1 123 108 124 123 108 124 1
1 125 113 114 125 113 114 1
1 126 127 89 126 127 89 1
1 91 126 89 91 126 89 1
1 128 114 116 128 114 116 1
1 114 128 125 114 128 125 1
1 88 127 129 88 127 129 1
1 127 88 89 127 88 89 1
1 82 119 118 82 119 118 1
1 118 130 82 118 130 82 1
1 131 82 130 131 82 130 1
1 83 82 131 83 82 131 1
1 132 133 134 132 133 134 1
1 133 135 134 133 135 134 1
1 135 136 134 135 136 134 1
1 134 136 137 134 136 137 1
1 138 139 140 138 139 140 1
1 140 139 141 140 139 141 1
1 139 142 141 139 142 141 1
1 141 142 143 141 142 143 1
1 144 145 146 144 145 146 1
1 146 145 147 146 145 147 1
1 145 148 147 145 148 147 1
1 147 148 149 147 148 149 1
1 150 151 152 150 151 152 1
1 152 151 153 152 151 153 1
1 151 154 153 151 154 153 1
1 153 154 155 153 154 155 1
1 156 133 132 156 133 132 1
1 157 158 159 157 158 158 1
1 159 158 160 158 158 159 1
1 161 162 163 160 161 161 1
1 163 162 164 161 161 162 1
1 162 165 164 163 164 164 2
1 164 165 166 164 164 165 2
1 167 168 169 166 167 168 1
1 168 170 169 167 169 168 1
1 169 170 171 168 169 170 1
1 172 173 174 171 172 173 1
1 174 173 175 173 172 174 1
1 173 176 175 172 175 174 1
1 175 176 177 174 175 176 1
1 178 179 180 177 178 179 1
1 178 180 181 177 179 180 1
1 180 179 182 179 178 181 1
1 183 184 185 182 183 184 1
1 185 184 186 184 183 185 1
1 184 187 186 183 186 185 1
1 186 187 188 185 186 187 1
1 189 190 191 188 189 190 1
1 191 190 192 190 189 191 1
1 193 194 195 192 193 194 1
1 195 194 196 194 193 195 1
1 196 194 197 195 193 196 1
1 198 199 200 197 198 198 1
1 200 199 201 198 198 199 1
1 201 199 202 200 201 200 2
1 203 204 205 202 203 204 1
1 203 205 206 202 204 205 1
1 205 204 207 204 203 206 1
1 208 209 210 207 208 209 1
1 210 209 211 209 208 210 1
1 209 212 211 208 211 210 1
1 211 212 213 210 211 212 1
1 214 215 216 213 214 215 1
1 216 215 217 215 214 216 1
1 218 201 202 217 200 200 2
1 195 196 219 194 195 218 1
1 220 206 191 219 205 190 1
1 191 206 205 190 205 204 1
1 192 220 191 191 219 190 1
1 221 210 222 220 209 221 1
1 222 210 211 221 209 210 1
1 188 223 186 187 222 185 1
1 186 223 224 185 222 223 1
1 225 226 227 224 225 226 1
1 228 226 225 227 225 224 1
1 229 228 225 228 227 224 1
1 230 228 229 229 227 228 1
1 231 232 233 230 230 231 1
1 234 232 231 232 230 230 1
1 235 236 237 233 233 234 1
1 238 236 235 235 233 233 1
1 222 211 213 221 210 212 1
1 239 238 235 236 236 237 2
1 240 238 239 238 236 236 2
1 224 185 186 223 184 185 1
1 241 242 243 239 239 240 1
1 244 242 241 241 239 239 1
1 245 246 247 242 243 244 1
1 246 245 248 243 242 245 1
1 247 249 245 244 246 242 1
1 250 251 252 247 248 249 1
1 253 254 255 250 251 252 1
1 256 254 253 253 251 250 1
1 257 251 250 254 248 247 1
1 258 259 260 255 256 257 1
1 260 259 261 257 256 258 1
1 262 263 259 259 260 256 1
1 264 216 217 261 215 216 1
1 265 266 267 262 263 264 1
1 181 216 264 180 215 261 1
1 216 181 180 215 180 179 1
1 268 269 270 265 266 267 1
1 271 269 268 268 266 265 1
1 272 269 271 269 266 268 1
1 259 273 262 256 270 259 1
1 258 273 259 255 270 256 1
1 274 273 258 271 270 255 1
1 253 275 256 250 272 253 1
1 276 275 253 273 272 250 1
1 277 247 246 274 244 243 1
1 277 278 247 274 275 244 1
1 245 279 248 242 276 245 1
1 280 281 282 277 278 279 1
1 282 281 283 279 278 280 1
1 284 279 245 281 276 242 1
1 283 281 285 280 278 282 1
1 286 284 245 283 281 242 1
1 285 281 287 282 278 284 1
1 251 288 252 248 285 249 1
1 289 288 251 286 285 248 1
1 290 289 251 287 286 248 1
1 291 292 293 288 289 290 1
1 259 294 261 256 291 258 1
1 293 292 295 290 289 292 1
1 295 292 296 292 289 293 1
1 296 292 297 293 289 294 1
1 263 294 259 260 291 256 1
1 297 292 298 294 289 295 1
1 298 292 299 295 289 296 1
1 300 294 263 297 298 299 2
1 266 301 267 263 300 264 1
1 302 301 266 301 300 263 1
1 303 302 266 302 301 263 1
1 304 305 306 303 304 305 1
1 306 305 307 305 304 306 1
1 308 309 310 307 308 309 1
1 288 289 311 285 286 310 1
1 312 289 290 311 286 287 1
1 313 289 312 312 286 311 1
1 309 314 310 308 313 309 1
1 310 314 315 309 313 314 1
1 316 317 318 315 316 317 1
1 318 317 319 317 316 318 1
1 317 320 319 316 319 318 1
1 321 322 323 320 321 322 1
1 294 324 325 298 323 324 2
1 319 320 326 318 319 325 1
1 320 327 326 319 326 325 1
1 326 327 328 325 326 327 1
1 329 330 331 328 329 329 1
1 300 324 294 297 323 298 2
1 332 322 321 330 321 320 1
1 331 330 333 329 329 331 1
1 334 304 306 332 303 305 1
1 303 335 302 302 333 301 1
1 336 337 338 334 335 336 1
1 339 338 340 337 336 338 1
1 289 341 311 286 339 310 1
1 338 337 340 336 335 338 1
1 342 343 335 340 341 333 1
1 335 343 302 333 341 301 1
1 313 341 289 312 339 286 1
1 343 344 302 341 342 301 1
1 345 346 322 343 344 321 1
1 347 341 313 345 339 312 1
1 322 346 323 321 344 322 1
"MDL-Box014" 1 3
98
1 -7.927907 4.284110 -14.481978 5.351137 0.535765 -1
1 -7.927907 4.391409 14.624835 -4.351135 0.500000 -1
1 -7.927907 4.284112 14.624835 -4.351135 0.535765 -1
1 8.445693 4.284110 -12.535647 -1.869025 0.535765 -1
1 -5.865004 4.284110 -12.535647 2.901208 0.535765 -1
1 -5.865004 4.391407 -12.535647 2.901208 0.500000 -1
1 8.255692 4.284111 12.442756 -1.805689 0.535765 -1
1 -5.675004 4.284111 12.442756 2.837876 0.535765 -1
1 -5.675004 4.391408 12.442756 2.837876 0.500000 -1
1 10.871023 4.284112 14.890706 3.677466 0.535765 -1
1 -8.193777 4.498705 14.890706 -2.677468 0.464234 -1
1 -8.193777 4.284112 14.890706 -2.677468 0.535765 -1
1 10.871023 4.498705 14.890706 3.677466 5.439760 -1
1 10.871023 4.498703 -14.747848 3.677468 -4.439758 -1
1 10.795153 4.445055 -14.671977 3.652178 -4.414468 -1
1 8.445693 4.284111 12.632754 2.869023 4.687109 -1
1 8.445693 4.284110 -12.535647 2.869025 -3.702358 -1
1 8.255692 4.284110 -12.345647 2.805691 -3.639025 -1
1 10.795153 4.445057 14.814836 3.652175 5.414470 -1
1 -8.193777 4.391407 -14.747848 3.677466 0.500000 -1
1 10.871023 4.391407 -14.747848 -2.677468 0.500000 -1
1 10.871023 4.284110 -14.747848 -2.677468 0.535765 -1
1 8.255692 4.284111 12.442756 2.805689 4.623776 -1
1 -5.865004 4.391407 -12.535647 -1.901208 -3.702359 -1
1 -5.675004 4.284110 -12.345647 -1.837874 -3.639026 -1
1 -8.193777 4.391407 -14.747848 -4.439760 0.500000 -1
1 -8.193777 4.284112 14.890706 5.439758 0.535765 -1
1 -8.193777 4.498705 14.890706 5.439758 0.464234 -1
1 -5.865004 4.284111 12.632754 -1.901210 4.687108 -1
1 -5.675004 4.391408 12.442756 -1.837876 4.623775 -1
1 -7.927907 4.284110 -14.481978 -2.588842 -4.351137 -1
1 10.605153 4.284110 -14.481978 3.588845 -4.351135 -1
1 -8.117907 4.445055 -14.671977 -2.652175 -4.414470 -1
1 10.605153 4.284112 14.624835 3.588842 5.351137 -1
1 -8.193777 4.498703 -14.747848 -2.677466 -4.439760 -1
1 -7.927907 4.391409 14.624835 -2.588845 5.351135 -1
1 -8.117907 4.445057 14.814836 -2.652178 5.414468 -1
1 -8.117907 1.264113 14.814836 -1.601452 3.776312 -1
1 -8.117907 1.264112 -14.671977 -1.601450 -2.776313 -1
1 -8.797907 1.264112 -15.351977 -1.752561 -2.927424 -1
1 -8.193777 4.498705 14.890706 -2.677468 5.439758 -1
1 -8.797907 1.264113 15.494836 -1.752563 3.927423 -1
1 10.795153 1.264112 -14.671977 2.601452 -2.776312 -1
1 11.475153 1.264112 -15.351977 2.752563 -2.927423 -1
1 10.795153 1.264113 14.814836 2.601450 3.776313 -1
1 11.475153 1.264113 15.494836 2.752561 3.927424 -1
1 -5.675004 4.284110 -12.345647 4.639026 0.535765 -1
1 -5.675004 4.391408 12.442756 -3.623775 0.500000 -1
1 -5.675004 4.284111 12.442756 -3.623775 0.535765 -1
1 -8.193777 4.284112 14.890706 3.677468 5.439758 -1
1 -8.193777 4.391407 -14.747848 3.677466 -4.439760 -1
1 -8.117907 4.284110 -14.671977 3.652175 -4.414470 -1
1 -8.117907 4.284112 14.814836 3.652178 5.414468 -1
1 10.871023 4.284110 -14.747848 -2.677468 -4.439758 -1
1 10.795153 4.284110 -14.671977 -2.652178 -4.414468 -1
1 -8.797907 1.264113 15.494836 3.927423 0.717353 -1
1 -8.797907 1.264112 -15.351977 -2.927424 0.717353 -1
1 -8.877907 1.134111 -15.431977 -2.945202 0.746164 -1
1 10.871023 4.284112 14.890706 -2.677466 5.439760 -1
1 10.795153 4.284112 14.814836 -2.652175 5.414470 -1
1 -8.877907 1.134113 15.574836 3.945201 0.746164 -1
1 -8.797907 1.264112 -15.351977 2.752561 0.717353 -1
1 11.475153 1.264112 -15.351977 -1.752563 0.717353 -1
1 11.555153 1.134111 -15.431977 -1.770341 0.746164 -1
1 -8.877907 1.134111 -15.431977 2.770339 0.746164 -1
1 -8.193777 4.498703 -14.747848 -4.439760 0.464234 -1
1 -8.193777 4.498703 -14.747848 3.677466 0.464234 -1
1 10.871023 4.498703 -14.747848 -2.677468 0.464234 -1
1 11.475153 1.264113 15.494836 -2.927424 0.717353 -1
1 11.555153 1.134111 -15.431977 3.945201 0.746164 -1
1 11.475153 1.264112 -15.351977 3.927423 0.717353 -1
1 10.871023 4.498703 -14.747848 5.439758 0.464234 -1
1 10.871023 4.498705 14.890706 -4.439760 0.464234 -1
1 10.871023 4.284112 14.890706 -4.439760 0.535765 -1
1 10.871023 4.391407 -14.747848 5.439758 0.500000 -1
1 11.475153 1.264113 15.494836 2.752561 0.717353 -1
1 -8.797907 1.264113 15.494836 -1.752563 0.717353 -1
1 -8.877907 1.134113 15.574836 -1.770341 0.746164 -1
1 -5.865004 4.284111 12.632754 4.687108 0.535765 -1
1 -5.865004 4.391407 -12.535647 -3.702359 0.500000 -1
1 -5.865004 4.284110 -12.535647 -3.702359 0.535765 -1
1 10.871023 4.498705 14.890706 3.677466 0.464234 -1
1 -8.877907 -0.008997 -15.431977 -2.945202 0.999500 -1
1 10.605153 4.284112 14.624835 -2.588842 0.535765 -1
1 -7.927907 4.284112 14.624835 3.588845 0.535765 -1
1 -7.927907 4.391409 14.624835 3.588845 0.500000 -1
1 10.871023 4.284110 -14.747848 5.439758 0.535765 -1
1 -8.877907 -0.008996 15.574836 3.945201 0.999500 -1
1 -8.877907 -0.008996 15.574836 2.770341 3.945201 -1
1 -8.877907 -0.008997 -15.431977 2.770339 -2.945202 -1
1 11.555153 -0.008997 -15.431977 -1.770341 -2.945201 -1
1 11.555153 -0.008996 15.574836 -1.770339 3.945202 -1
1 -8.877907 -0.008996 15.574836 -1.770341 0.999500 -1
1 11.555153 -0.008996 15.574836 2.770339 0.999500 -1
1 11.555153 -0.008996 15.574836 -2.945202 0.999500 -1
1 11.555153 -0.008997 -15.431977 3.945201 0.999500 -1
1 11.555153 -0.008997 -15.431977 -1.770341 0.999500 -1
1 -8.877907 -0.008997 -15.431977 2.770339 0.999500 -1
53
1.000000 0.000000 0.000000
0.000000 0.000000 -1.000000
0.000000 0.000000 1.000000
-0.417025 0.884654 -0.208513
-0.208513 0.884654 0.417025
-0.333326 0.876989 0.346098
0.000000 1.000000 -0.000000
0.002247 0.985953 0.167010
-0.346097 0.876990 -0.333325
0.002297 0.985323 0.170682
0.004595 0.983107 0.182976
0.177102 0.969278 0.170691
-1.000000 0.000000 0.000000
-0.170580 0.969308 0.177046
0.004652 0.982347 0.187011
0.239545 0.845716 0.476847
-0.477509 0.845566 0.238755
0.274037 0.903633 0.329167
-0.234864 0.912620 -0.334610
0.417025 0.884654 0.208513
0.324056 0.941323 -0.094336
0.258543 0.927773 -0.269059
0.000000 1.000000 -0.000000
0.000000 1.000000 -0.000000
0.208513 0.884654 -0.417025
-0.000000 1.000000 -0.000000
-0.459163 -0.888351 -0.001178
-0.815796 -0.578336 -0.002094
0.000000 -1.000000 0.000000
-0.003164 -0.886771 -0.462199
-0.005628 -0.999968 -0.005628
-0.851659 0.524097 -0.000000
-0.851659 0.524097 -0.000000
-0.932365 0.361518 -0.000000
0.000000 -0.577351 -0.816496
0.000000 -1.000000 0.000000
-0.000000 -1.000000 0.000000
0.000000 -1.000000 0.000000
-0.983527 0.180759 -0.000000
0.000000 0.524097 -0.851659
0.000000 0.361518 -0.932365
0.000000 0.180759 -0.983527
0.000000 -1.000000 0.000000
0.953160 0.302465 0.001194
0.979439 0.201738 0.000796
0.851659 0.524097 -0.000000
0.001351 0.201690 0.979449
0.000000 0.524097 0.851659
0.002042 0.272343 0.962198
0.000000 -1.000000 0.000000
0.001966 0.031373 0.999506
0.000000 0.062715 0.998031
0.999505 0.031445 0.001159
72
1 0 1 2 0 0 0 1
1 3 4 5 1 1 1 1
1 6 7 8 1 1 1 1
1 9 10 11 2 2 2 1
1 12 13 14 3 4 5 1
1 15 16 17 6 7 6 1
1 14 18 12 5 8 3 1
1 19 20 21 1 1 1 1
1 17 22 15 6 9 6 1
1 16 23 24 7 10 11 1
1 24 17 16 11 6 7 1
1 25 26 27 12 12 12 1
1 23 28 29 10 13 14 1
1 30 31 14 15 16 5 1
1 14 32 30 5 17 15 1
1 31 33 18 16 18 8 1
1 18 14 31 8 5 16 1
1 13 34 32 4 19 17 1
1 33 35 36 18 20 21 1
1 32 14 13 17 5 4 1
1 36 18 33 21 8 18 1
1 37 38 39 22 23 22 1
1 34 40 36 19 24 21 1
1 36 32 34 21 17 19 1
1 40 12 18 24 3 8 1
1 18 36 40 8 21 24 1
1 39 41 37 22 25 22 1
1 38 42 43 23 22 25 1
1 43 39 38 25 22 23 1
1 42 44 45 22 23 22 1
1 45 43 42 22 25 22 1
1 44 37 41 23 22 25 1
1 41 45 44 25 22 23 1
1 29 24 23 14 11 10 1
1 46 47 48 0 0 0 1
1 49 50 51 26 27 26 1
1 51 52 49 26 28 26 1
1 50 53 54 29 30 29 2
1 55 56 57 31 32 33 1
1 54 51 50 29 34 29 2
1 53 58 59 35 36 37 3
1 57 60 55 33 38 31 1
1 61 62 63 39 39 40 1
1 63 64 61 40 41 39 1
1 28 15 22 13 6 9 1
1 59 54 53 37 28 35 3
1 35 30 32 20 15 17 1
1 27 65 25 12 12 12 1
1 58 49 52 36 42 42 3
1 66 67 20 1 1 1 1
1 20 19 66 1 1 1 1
1 68 69 70 43 44 45 1
1 71 72 73 0 0 0 1
1 73 74 71 0 0 0 1
1 22 29 28 9 14 13 1
1 52 59 58 42 37 36 3
1 75 76 77 46 47 48 1
1 78 79 80 12 12 12 1
1 10 9 81 2 2 2 1
1 60 57 82 38 33 12 1
1 32 36 35 17 21 20 1
1 83 84 85 1 1 1 1
1 73 86 74 0 0 0 1
1 82 87 60 12 12 38 1
1 88 89 90 49 49 49 1
1 90 91 88 49 49 49 1
1 92 93 75 50 51 46 1
1 75 77 92 46 48 50 1
1 94 95 69 52 0 44 1
1 69 68 94 44 43 52 1
1 96 97 64 1 1 41 1
1 64 63 96 41 40 1 1
"MDL-Box015" 1 4
4
1 -5.675004 0.338180 12.442756 -0.196535 1.739420 -1
1 8.255692 0.338180 12.442756 1.196535 1.739420 -1
1 8.255692 0.338179 -12.345647 1.196535 -0.739420 -1
1 -5.675004 0.338179 -12.345647 -0.196535 -0.739420 -1
1
0.000000 1.000000 -0.000000
2
1 0 1 2 0 0 0 1
1 2 3 0 0 0 0 1
"MDL-Box016" 1 5
73
1 -8.416138 1.062729 -2.872999 0.816612 2.626755 -1
1 -8.431473 0.856444 -2.872999 0.796800 2.893277 -1
1 -8.431473 1.078064 -2.872999 0.796799 2.626755 -1
1 -8.416138 0.841109 -2.872999 0.816613 2.893277 -1
1 -8.416138 0.841109 -2.872999 0.816613 2.913090 -1
1 -8.431473 0.633431 -2.872999 0.796800 3.171504 -1
1 -8.431473 0.856444 -2.872999 0.796800 2.913090 -1
1 -8.431474 1.070396 -3.376556 0.796798 1.811581 -1
1 -8.416138 1.062729 -2.872999 0.816612 1.160980 -1
1 -8.416138 1.070396 -3.376556 0.816612 1.811581 -1
1 -8.431473 1.078064 -2.872999 0.796799 1.160980 -1
1 -8.416138 0.641099 -2.872999 0.816613 3.171504 -1
1 -8.416138 0.625763 -2.872999 0.816613 3.191318 -1
1 -8.431472 0.434710 -2.872999 0.796800 3.438162 -1
1 -8.431473 0.633431 -2.872999 0.796800 3.191318 -1
1 -8.416137 0.419374 -2.872999 0.816613 3.438162 -1
1 -8.416138 1.070396 -3.376556 0.183388 1.811581 -1
1 -8.431473 1.078064 -2.872999 0.203201 1.160980 -1
1 -8.431474 1.070396 -3.376556 0.203202 1.811581 -1
1 -8.416138 1.062729 -2.872999 0.183388 1.160980 -1
1 -8.431473 0.841109 -3.376556 1.811581 2.913090 -1
1 -8.431473 0.856444 -2.872999 1.160980 2.893277 -1
1 -8.431473 0.856444 -3.376556 1.811581 2.893277 -1
1 -8.431473 0.856444 -3.376556 0.796799 1.811581 -1
1 -8.416138 0.841109 -2.872999 0.816613 1.160980 -1
1 -8.416138 0.848776 -3.376556 0.816613 1.811581 -1
1 -8.431473 0.856444 -2.872999 0.796800 1.160980 -1
1 -8.416138 0.848776 -3.376556 0.183387 1.811581 -1
1 -8.431473 0.856444 -2.872999 0.203200 1.160980 -1
1 -8.431473 0.841109 -3.376556 0.203201 1.811581 -1
1 -8.416138 0.841109 -2.872999 0.183387 1.160980 -1
1 -8.416138 0.625763 -3.376556 0.183387 1.811581 -1
1 -8.431473 0.633431 -2.872999 0.203200 1.160980 -1
1 -8.431473 0.633431 -3.376556 0.203201 1.811581 -1
1 -8.416138 0.625763 -2.872999 0.183387 1.160980 -1
1 -8.431473 0.633431 -3.376556 0.796799 1.811581 -1
1 -8.416138 0.641099 -2.872999 0.816613 1.160980 -1
1 -8.416138 0.641099 -3.376556 0.816613 1.811581 -1
1 -8.431473 0.633431 -2.872999 0.796800 1.160980 -1
1 -8.416138 0.625763 -3.376556 -0.811581 3.191318 -1
1 -8.416138 0.641099 -2.872999 -0.160980 3.171504 -1
1 -8.416138 0.625763 -2.872999 -0.160980 3.191318 -1
1 -8.416138 0.641099 -3.376556 -0.811581 3.171504 -1
1 -8.431473 0.419374 -3.376556 1.811581 3.457976 -1
1 -8.431472 0.434710 -2.872999 1.160980 3.438162 -1
1 -8.431473 0.434710 -3.376556 1.811581 3.438162 -1
1 -8.431472 0.419374 -2.872999 1.160980 3.457976 -1
1 -8.431473 0.434710 -3.376556 0.796800 1.811581 -1
1 -8.416137 0.419374 -2.872999 0.816613 1.160980 -1
1 -8.416137 0.427042 -3.376556 0.816613 1.811581 -1
1 -8.431472 0.434710 -2.872999 0.796800 1.160980 -1
1 -8.416137 0.427042 -3.376556 0.183387 1.811581 -1
1 -8.431472 0.419374 -2.872999 0.203200 1.160980 -1
1 -8.431473 0.419374 -3.376556 0.203200 1.811581 -1
1 -8.416137 0.419374 -2.872999 0.183387 1.160980 -1
1 -8.416138 0.848776 -3.376556 0.183387 2.893277 -1
1 -8.416138 1.070396 -3.376556 0.183388 2.626755 -1
1 -8.431473 0.856444 -3.376556 0.203201 2.893277 -1
1 -8.431474 1.070396 -3.376556 0.203202 2.626755 -1
1 -8.416137 0.427042 -3.376556 0.183387 3.438162 -1
1 -8.416138 0.625763 -3.376556 0.183387 3.191318 -1
1 -8.431473 0.434710 -3.376556 0.203200 3.438162 -1
1 -8.431473 0.633431 -3.376556 0.203201 3.191318 -1
1 -8.404756 0.264980 -3.376556 0.168682 3.657454 -1
1 -8.416137 0.427042 -3.376556 0.183387 3.457976 -1
1 -8.431473 0.419374 -3.376556 0.203200 3.457976 -1
1 -8.431473 0.841109 -3.376556 0.203201 2.913090 -1
1 -8.431473 0.633431 -3.376556 0.203201 3.171504 -1
1 -8.416138 0.848776 -3.376556 0.183387 2.913090 -1
1 -8.416138 0.641099 -3.376556 0.183387 3.171504 -1
1 -8.416137 0.419374 -2.872999 0.816613 3.457976 -1
1 -8.404754 0.264980 -2.872999 0.831321 3.657454 -1
1 -8.431472 0.419374 -2.872999 0.796800 3.457976 -1
25
0.000000 0.000000 -1.000000
0.382697 0.923871 0.002411
0.000000 0.999884 0.015224
0.707071 0.707060 -0.010769
-0.382697 -0.923871 0.002414
0.000000 -0.999884 0.015226
-0.707071 -0.707060 -0.010766
-1.000000 0.000000 0.000000
0.584713 0.811211 0.006898
0.447194 0.894333 0.013617
0.707107 0.707107 0.000000
-0.160298 -0.987017 0.010148
0.447026 -0.894107 0.027229
-0.707066 -0.707066 -0.010766
-0.447236 -0.894416 0.000000
-0.447191 0.894438 0.000000
1.000000 0.000000 0.000000
-1.000000 0.000000 0.000002
0.584715 0.811209 0.006898
0.447172 0.894344 0.013619
0.707129 0.707085 -0.000001
0.229759 -0.973216 -0.007823
0.447214 -0.894427 -0.000001
0.000000 -0.999884 -0.015226
0.000000 0.000000 1.000000
35
1 0 1 2 0 0 0 1
1 0 3 1 0 0 0 1
1 4 5 6 0 0 0 1
1 7 8 9 1 1 2 1
1 8 7 10 1 1 3 1
1 4 11 5 0 0 0 1
1 12 13 14 0 0 0 1
1 12 15 13 0 0 0 1
1 16 17 18 4 4 5 1
1 17 16 19 4 4 6 1
1 20 21 22 7 7 7 1
1 23 24 25 8 8 9 1
1 24 23 26 8 8 10 1
1 27 28 29 11 11 12 1
1 28 27 30 11 11 13 1
1 31 32 33 14 14 14 1
1 32 31 34 14 14 14 1
1 35 36 37 15 15 15 1
1 36 35 38 15 15 15 1
1 39 40 41 16 16 16 1
1 40 39 42 16 16 16 1
1 43 44 45 17 17 17 1
1 44 43 46 17 17 17 1
1 47 48 49 18 18 19 1
1 48 47 50 18 18 20 1
1 51 52 53 21 21 22 1
1 52 51 54 21 21 23 1
1 55 56 57 24 24 24 1
1 57 56 58 24 24 24 1
1 59 60 61 24 24 24 1
1 61 60 62 24 24 24 1
1 63 64 65 24 24 24 1
1 66 67 68 24 24 24 1
1 68 67 69 24 24 24 1
1 70 71 72 0 0 0 1
"MDL-Box017" 1 6
42
1 -9.340384 3.882246 -1.057292 -0.508264 0.492454 -1
1 -8.055408 3.881204 0.430071 -0.993366 0.000856 -1
1 -8.054368 3.881508 -1.056566 -0.504493 0.004513 -1
1 -9.341426 3.881942 0.429346 -0.997113 0.485919 -1
1 -9.346945 0.001712 -1.055043 1.108383 0.988591 -1
1 -9.341452 2.186623 -0.928128 0.276325 0.947838 -1
1 -9.341361 2.186651 -1.057638 0.276315 0.989424 -1
1 -9.348473 0.001408 0.430406 1.108499 0.511602 -1
1 -9.352634 2.216019 0.282023 0.276421 0.550970 -1
1 -9.341426 3.881942 0.429346 -0.369286 0.511943 -1
1 -8.055408 3.881204 0.430071 -0.030772 0.890825 -1
1 -9.348473 0.001408 0.430406 -0.993594 0.502129 -1
1 -8.050181 -0.000026 0.431806 -0.993964 0.893886 -1
1 -9.341426 3.881942 0.429346 -0.030582 0.506255 -1
1 -8.048655 0.000278 -1.053643 0.996821 0.999422 -1
1 -8.055408 3.881204 0.430071 0.001663 0.000768 -1
1 -8.050181 -0.000026 0.431806 0.000499 0.999501 -1
1 -8.054368 3.881508 -1.056566 0.998781 0.000690 -1
1 -9.340561 3.738764 -0.927810 -0.314761 0.947735 -1
1 -9.340384 3.882246 -1.057292 -0.369402 0.989313 -1
1 -9.341426 3.738511 0.308123 -0.314664 0.550868 -1
1 -9.341452 2.186623 -0.928128 0.124479 0.946344 -1
1 -9.719949 2.646600 -0.902463 0.469883 0.816030 -1
1 -9.340561 3.738764 -0.927810 0.123732 0.510883 -1
1 -9.341426 3.738511 0.308123 0.124457 0.510954 -1
1 -9.705913 2.628422 0.256124 0.470608 0.816101 -1
1 -9.352634 2.216019 0.282023 0.125204 0.946414 -1
1 -9.705913 2.628422 0.256124 0.099536 0.551015 -1
1 -9.719949 2.646600 -0.902463 0.099440 0.947882 -1
1 -9.341361 2.186651 -1.057638 -0.552866 0.889858 -1
1 -9.340384 3.882246 -1.057292 -0.030503 0.889287 -1
1 -8.054368 3.881508 -1.056566 -0.030693 0.504717 -1
1 -9.346945 0.001712 -1.055043 -0.993516 0.893128 -1
1 -8.048655 0.000278 -1.053643 -0.993885 0.501371 -1
1 -9.362157 2.245900 -0.876562 0.006680 -0.005580 -1
1 -9.705913 2.628422 0.256124 0.494814 0.494918 -1
1 -9.719949 2.646600 -0.902463 0.006579 0.492615 -1
1 -9.352634 2.216019 0.282023 0.494917 -0.003272 -1
1 -9.362157 2.245900 -0.876562 0.234348 0.926892 -1
1 -9.719949 2.646600 -0.902463 0.225127 0.546500 -1
1 -9.341452 2.186623 -0.928128 0.215994 0.969357 -1
1 -9.352634 2.216019 0.282023 0.646850 0.948354 -1
33
0.000574 1.000000 0.000205
0.000574 1.000000 0.000205
0.000574 1.000000 0.000205
-0.999996 0.002564 -0.000863
-0.999995 0.000802 -0.002902
-0.999999 0.001235 -0.000708
-0.999887 0.000636 0.015034
-0.999920 0.002284 0.012413
-0.999933 0.002634 0.011254
-0.000821 0.000360 1.000000
-0.001078 0.000446 0.999999
-0.000564 0.000274 1.000000
0.999999 0.001410 0.000864
0.999999 0.001347 0.001028
0.999999 0.001473 0.000700
-0.994105 0.108401 0.002221
-1.000000 0.000587 -0.000712
-0.994159 0.107869 -0.003435
-0.067358 0.000244 -0.997729
-0.092122 -0.016390 0.995613
-0.947305 0.320233 0.007997
-0.944380 0.328437 0.016594
0.001154 -0.000579 -0.999999
0.000565 0.000204 -1.000000
0.001193 -0.000273 -0.999999
0.001077 -0.001190 -0.999999
0.001449 -0.000970 -0.999998
-0.752520 -0.658542 -0.005982
-0.745870 -0.666090 -0.001415
-0.759078 -0.650914 -0.010549
-0.851846 -0.479981 0.209707
-0.695064 -0.594499 0.404298
-0.944262 -0.329195 -0.000729
26
1 0 1 2 0 0 1 1
1 3 1 0 2 0 0 1
1 4 5 6 3 4 5 1
1 4 7 5 3 6 4 1
1 8 7 9 7 6 8 1
1 8 5 7 7 4 6 1
1 10 11 12 9 9 10 1
1 10 13 11 9 11 9 1
1 14 15 16 12 12 13 1
1 17 15 14 14 12 12 1
1 18 9 19 15 8 16 1
1 18 20 9 15 17 8 1
1 18 19 6 15 16 5 1
1 5 18 6 4 15 5 1
1 9 20 8 8 17 7 1
1 21 22 23 18 18 18 1
1 24 25 26 19 19 19 1
1 18 27 20 15 20 17 1
1 28 27 18 21 20 15 1
1 29 30 31 22 23 24 1
1 32 29 33 25 22 26 1
1 29 31 33 22 24 26 1
1 34 35 36 27 27 28 1
1 37 35 34 29 27 27 1
1 38 39 40 30 31 30 1
1 41 38 40 32 30 30 1
"MDL-Box018" 1 7
16
1 -8.117907 1.264113 14.814836 -1.601452 0.717353 -1
1 10.795153 1.264113 14.814836 2.601450 0.717353 -1
1 10.795153 4.284112 14.814836 2.601450 0.048058 -1
1 -8.117907 4.284112 14.814836 -1.601452 0.048058 -1
1 10.795153 1.264113 14.814836 -2.776313 0.717353 -1
1 10.795153 1.264112 -14.671977 3.776312 0.717353 -1
1 10.795153 4.284110 -14.671977 3.776312 0.048058 -1
1 10.795153 4.284112 14.814836 -2.776313 0.048058 -1
1 10.795153 1.264112 -14.671977 -1.601452 0.717353 -1
1 -8.117907 1.264112 -14.671977 2.601450 0.717353 -1
1 -8.117907 4.284110 -14.671977 2.601450 0.048058 -1
1 10.795153 4.284110 -14.671977 -1.601452 0.048058 -1
1 -8.117907 1.264112 -14.671977 -2.776313 0.717353 -1
1 -8.117907 1.264113 14.814836 3.776312 0.717353 -1
1 -8.117907 4.284112 14.814836 3.776312 0.048058 -1
1 -8.117907 4.284110 -14.671977 -2.776313 0.048058 -1
4
0.000000 0.000000 1.000000
1.000000 0.000000 0.000000
0.000000 0.000000 -1.000000
-1.000000 0.000000 0.000000
8
1 0 1 2 0 0 0 1
1 2 3 0 0 0 0 1
1 4 5 6 1 1 1 1
1 6 7 4 1 1 1 1
1 8 9 10 2 2 2 1
1 10 11 8 2 2 2 1
1 12 13 14 3 3 3 1
1 14 15 12 3 3 3 1
"MDL-Box019" 1 8
20
1 -9.307056 1.854223 -0.576677 0.001066 0.994350 -1
1 -9.536903 1.853878 -0.055121 0.999501 0.004953 -1
1 -9.312341 1.853924 -0.052773 0.024024 0.000499 -1
1 -9.531618 1.854180 -0.579025 0.976542 0.998805 -1
1 -9.531618 1.854180 -0.579025 -0.497308 0.001564 -1
1 -9.536773 1.215290 -0.055488 -0.115840 0.496728 -1
1 -9.536903 1.853878 -0.055121 -0.116251 0.001726 -1
1 -9.531488 1.215592 -0.579392 -0.496897 0.496565 -1
1 -9.531488 1.215592 -0.579392 0.024024 0.999500 -1
1 -9.312210 1.215334 -0.053138 0.976542 0.001193 -1
1 -9.536773 1.215290 -0.055488 0.001065 0.005649 -1
1 -9.306925 1.215636 -0.577043 0.999500 0.995044 -1
1 -9.531488 1.215592 -0.579392 -0.500960 0.489792 -1
1 -9.307056 1.854223 -0.576677 -0.692855 0.010227 -1
1 -9.306925 1.215636 -0.577043 -0.693421 0.489768 -1
1 -9.531618 1.854180 -0.579025 -0.500394 0.010250 -1
1 -9.312210 1.215334 -0.053138 -0.500394 0.489930 -1
1 -9.536903 1.853878 -0.055121 -0.693421 0.010413 -1
1 -9.536773 1.215290 -0.055488 -0.692855 0.489954 -1
1 -9.312341 1.853924 -0.052773 -0.500960 0.010388 -1
15
-0.000206 1.000000 0.000571
-0.000212 1.000000 0.000569
-0.000199 1.000000 0.000574
-0.999949 -0.000198 -0.010087
-0.999949 -0.000199 -0.010088
-0.999949 -0.000197 -0.010086
0.000201 -1.000000 -0.000575
0.000201 -1.000000 -0.000575
0.000201 -1.000000 -0.000575
0.010457 0.000576 -0.999945
0.010459 0.000575 -0.999945
0.010455 0.000577 -0.999945
-0.010460 -0.000575 0.999945
-0.010464 -0.000577 0.999945
-0.010455 -0.000574 0.999945
10
1 0 1 2 0 0 1 1
1 3 1 0 2 0 0 1
1 4 5 6 3 3 4 1
1 7 5 4 5 3 3 1
1 8 9 10 6 6 7 1
1 11 9 8 8 6 6 1
1 12 13 14 9 9 10 1
1 15 13 12 11 9 9 1
1 16 17 18 12 12 13 1
1 19 17 16 14 12 12 1

Materials: 10
"Box01Cls_6_-_Def"
0.584314 0.584314 0.584314 1.000000
0.584314 0.584314 0.584314 1.000000
0.894118 0.894118 0.894118 1.000000
0.000000 0.000000 0.000000 1.000000
125.440002
1.000000
"BRICK_3.tga"
""
"Box01Cls_8_-_Def"
0.584314 0.584314 0.584314 1.000000
0.584314 0.584314 0.584314 1.000000
0.894118 0.894118 0.894118 1.000000
0.000000 0.000000 0.000000 1.000000
125.440002
1.000000
"BODEN_3.tga"
""
"Box01Cls_0_-_Def"
0.584314 0.584314 0.584314 1.000000
0.584314 0.584314 0.584314 1.000000
0.894118 0.894118 0.894118 1.000000
0.000000 0.000000 0.000000 1.000000
125.440002
1.000000
"M_1.tga"
""
"Box01Cls_7_-_Def"
0.584314 0.584314 0.584314 1.000000
0.584314 0.584314 0.584314 1.000000
0.894118 0.894118 0.894118 1.000000
0.000000 0.000000 0.000000 1.000000
125.440002
1.000000
"CON_1.tga"
""
"Box01Cls_5_-_Def"
0.584314 0.584314 0.584314 1.000000
0.584314 0.584314 0.584314 1.000000
0.894118 0.894118 0.894118 1.000000
0.000000 0.000000 0.000000 1.000000
125.440002
1.000000
"BRICK_2.tga"
""
"Box01Cls_3_-_Def"
0.584314 0.584314 0.584314 1.000000
0.584314 0.584314 0.584314 1.000000
0.894118 0.894118 0.894118 1.000000
0.000000 0.000000 0.000000 1.000000
125.440002
1.000000
"ROSTY_1.tga"
""
"Box01Cls_1_-_Def"
0.584314 0.584314 0.584314 1.000000
0.584314 0.584314 0.584314 1.000000
0.894118 0.894118 0.894118 1.000000
0.000000 0.000000 0.000000 1.000000
125.440002
1.000000
"KLIMA_1.tga"
""
"Box01Cls_4_-_Def"
0.584314 0.584314 0.584314 1.000000
0.584314 0.584314 0.584314 1.000000
0.894118 0.894118 0.894118 1.000000
0.000000 0.000000 0.000000 1.000000
125.440002
1.000000
"STONE_3.tga"
""
"Box01Cls_9_-_Def"
0.584314 0.584314 0.584314 1.000000
0.584314 0.584314 0.584314 1.000000
0.894118 0.894118 0.894118 1.000000
0.000000 0.000000 0.000000 1.000000
125.440002
1.000000
"ANLAGE_1.tga"
""
"Material"
0.117647 0.117647 0.117647 1.000000
0.752941 0.752941 0.752941 1.000000
0.752941 0.752941 0.752941 1.000000
0.000000 0.000000 0.000000 1.000000
125.440002
1.000000
""
""

Bones: 0
GroupComments: 0
MaterialComments: 0
BoneComments: 0
ModelComment: 0
