// MilkShape 3D ASCII

Frames: 30
Frame: 1

Meshes: 3
"Object0411" 1 0
120
1 -0.098851 3.355054 -0.182604 -1.499961 0.399038 -1
1 0.122390 3.251039 3.751590 -1.441934 1.430903 -1
1 0.190301 3.251042 3.740248 -1.424122 1.427929 -1
1 -0.030940 3.355064 -0.205552 -1.482149 0.393019 -1
1 0.098100 3.319669 -1.810214 -1.467939 -0.027854 -1
1 0.042696 3.319400 -1.810378 -1.482471 -0.027897 -1
1 -0.030934 3.389249 -7.564587 -1.482147 -1.537118 -1
1 -0.098844 3.389253 -7.564587 -1.499959 -1.537118 -1
1 0.082191 3.255208 -4.741202 -1.450978 -0.796597 -1
1 0.150102 3.255195 -4.724814 -1.433167 -0.792299 -1
1 -0.098653 3.380938 7.709177 -1.499909 2.468904 -1
1 -0.030943 3.380934 7.709177 -1.482150 2.468905 -1
1 0.122390 3.251039 3.751590 1.430903 0.092535 -1
1 -0.098840 0.189376 7.707436 2.468448 0.945766 -1
1 -0.098653 3.380938 7.709177 2.468904 0.056335 -1
1 -0.098851 3.355054 -0.182604 0.399038 0.063548 -1
1 0.082191 3.255208 -4.741202 -0.796597 0.091374 -1
1 -0.098844 3.389253 -7.564587 -1.537118 0.054017 -1
1 -0.098999 0.197690 -7.566319 -1.537573 0.943449 -1
1 -0.030934 3.389249 -7.564587 2.482147 0.054018 -1
1 -0.031088 0.197687 -7.566319 2.482188 0.943449 -1
1 -0.098844 3.389253 -7.564587 2.499959 0.054017 -1
1 -0.098999 0.197690 -7.566319 2.499999 0.943449 -1
1 -0.031088 0.197687 -7.566319 2.537573 0.943449 -1
1 -0.030934 3.389249 -7.564587 2.537118 0.054018 -1
1 0.150102 3.255195 -4.724814 1.792299 0.091377 -1
1 0.190301 3.251042 3.740248 -0.427929 0.092534 -1
1 -0.031098 0.189372 7.707441 -1.468449 0.945767 -1
1 -0.030940 3.355064 -0.205552 0.606981 0.063545 -1
1 -0.030943 3.380934 7.709177 -1.468905 0.056336 -1
1 -0.024399 3.267079 -4.200586 -1.455740 -0.654804 -1
1 0.040005 3.266779 -4.200622 -1.438848 -0.654813 -1
1 0.040005 3.266779 -4.200622 1.654813 0.088149 -1
1 0.013553 2.992254 -4.233774 1.663509 0.164654 -1
1 0.042696 3.319400 -1.810378 -0.027897 0.073484 -1
1 -0.077543 2.982513 -2.016140 -0.081864 0.167368 -1
1 -0.124309 0.712546 4.092111 -0.520216 0.799968 -1
1 -0.249179 0.191329 4.112201 -0.525485 0.945221 -1
1 -0.022649 0.192412 2.131227 1.005913 0.944920 -1
1 -0.098885 0.734073 2.183827 1.019709 0.793968 -1
1 -0.004682 2.678555 -3.993527 1.600496 0.252076 -1
1 0.044500 2.537247 -3.570526 1.489551 0.291456 -1
1 0.028353 2.741926 -2.996492 1.338992 0.234416 -1
1 0.025827 2.837015 -2.716736 1.265618 0.207916 -1
1 -0.038934 2.848660 -2.321854 1.162048 0.204671 -1
1 -0.010141 2.982513 -2.016140 1.081864 0.167368 -1
1 0.098100 3.319669 -1.810214 1.027854 0.073409 -1
1 -0.023244 2.537247 -3.570526 -0.489551 0.291456 -1
1 -0.072675 2.678555 -3.993527 -0.600496 0.252076 -1
1 -0.106377 2.848661 -2.321855 -0.162048 0.204671 -1
1 -0.041763 2.837016 -2.716736 -0.265618 0.207916 -1
1 -0.039289 2.741926 -2.996493 -0.338993 0.234416 -1
1 -0.054719 2.992254 -4.233774 -0.663509 0.164654 -1
1 -0.024399 3.267079 -4.200586 -0.654804 0.088065 -1
1 -0.031040 1.354387 3.940131 -0.480354 0.621098 -1
1 -0.031029 1.565791 3.606317 -0.392801 0.562184 -1
1 -0.031030 1.552289 3.160540 -0.275882 0.565946 -1
1 -0.031036 1.400823 3.026776 -0.240798 0.608157 -1
1 -0.031050 1.112615 2.791043 -0.178970 0.688475 -1
1 -0.031057 0.965287 2.424491 -0.082830 0.729533 -1
1 -0.031068 0.734073 2.183827 -0.019709 0.793968 -1
1 0.045155 0.192408 2.131227 -0.005913 0.944921 -1
1 -0.098853 1.565791 3.606317 1.392801 0.562184 -1
1 -0.098878 0.965287 2.424491 1.082830 0.729533 -1
1 -0.098871 1.112615 2.791043 1.178970 0.688475 -1
1 -0.098861 1.400823 3.026776 1.240798 0.608157 -1
1 -0.098856 1.552289 3.160540 1.275882 0.565946 -1
1 -0.098853 1.354387 3.940131 1.480354 0.621098 -1
1 -0.192103 0.712546 4.092111 1.520216 0.799968 -1
1 -0.316961 0.191333 4.112201 1.525485 0.945220 -1
1 -0.010141 2.982513 -2.016140 2.471388 0.167368 -1
1 -0.077543 2.982513 -2.016140 2.489067 0.167368 -1
1 0.042696 3.319400 -1.810378 2.482471 0.073484 -1
1 0.098100 3.319669 -1.810214 2.467939 0.073409 -1
1 -0.077543 2.982513 -2.016140 -1.489067 -0.081864 -1
1 -0.010141 2.982513 -2.016140 -1.471388 -0.081864 -1
1 -0.038934 2.848660 -2.321854 -1.471462 -0.162048 -1
1 -0.106377 2.848661 -2.321855 -1.489151 -0.162048 -1
1 0.025827 2.837015 -2.716736 -1.467260 -0.265618 -1
1 -0.041763 2.837016 -2.716736 -1.484987 -0.265618 -1
1 0.044500 2.537247 -3.570526 -1.465493 -0.489551 -1
1 -0.023244 2.537247 -3.570526 -1.483261 -0.489551 -1
1 -0.039289 2.741926 -2.996493 -1.484339 -0.338993 -1
1 0.028353 2.741926 -2.996492 -1.466597 -0.338992 -1
1 -0.072675 2.678555 -3.993527 -1.474726 -0.600496 -1
1 -0.004682 2.678555 -3.993527 -1.456893 -0.600496 -1
1 -0.054719 2.992254 -4.233774 -1.463693 0.164654 -1
1 -0.072675 2.678555 -3.993527 -1.474726 0.252076 -1
1 -0.004682 2.678555 -3.993527 -1.456893 0.252076 -1
1 0.013553 2.992254 -4.233774 -1.445786 0.164654 -1
1 -0.024399 3.267079 -4.200586 -1.455740 0.088065 -1
1 0.040005 3.266779 -4.200622 -1.438848 0.088149 -1
1 -0.022649 0.192412 2.131227 -1.499974 0.944920 -1
1 0.045155 0.192408 2.131227 -1.482190 0.944921 -1
1 -0.031068 0.734073 2.183827 -1.482183 0.793968 -1
1 -0.098885 0.734073 2.183827 -1.499970 0.793968 -1
1 -0.098885 0.734073 2.183827 2.499970 1.019709 -1
1 -0.031068 0.734073 2.183827 2.482183 1.019709 -1
1 -0.031057 0.965287 2.424491 2.482180 1.082830 -1
1 -0.098878 0.965287 2.424491 2.499968 1.082830 -1
1 -0.031050 1.112615 2.791043 2.482178 1.178970 -1
1 -0.098871 1.112615 2.791043 2.499966 1.178970 -1
1 -0.098871 1.112615 2.791043 -1.499966 0.688475 -1
1 -0.031050 1.112615 2.791043 -1.482178 0.688475 -1
1 -0.031036 1.400823 3.026776 -1.482175 0.608157 -1
1 -0.098861 1.400823 3.026776 -1.499964 0.608157 -1
1 -0.031030 1.552289 3.160540 -1.482173 0.565946 -1
1 -0.098856 1.552289 3.160540 -1.499962 0.565946 -1
1 -0.031030 1.552289 3.160540 2.482173 1.275882 -1
1 -0.031029 1.565791 3.606317 2.482172 1.392801 -1
1 -0.098853 1.565791 3.606317 2.499961 1.392801 -1
1 -0.098856 1.552289 3.160540 2.499962 1.275882 -1
1 -0.124309 0.712546 4.092111 2.482184 0.799968 -1
1 -0.249179 0.191329 4.112201 2.482190 0.945221 -1
1 -0.316961 0.191333 4.112201 2.499968 0.945220 -1
1 -0.192103 0.712546 4.092111 2.499965 0.799968 -1
1 -0.098853 1.354387 3.940131 2.499961 0.621098 -1
1 -0.031040 1.354387 3.940131 2.482175 0.621098 -1
1 -0.031040 1.354387 3.940131 2.482175 1.480354 -1
1 -0.098853 1.354387 3.940131 2.499961 1.480354 -1
107
0.000086 0.999998 0.001767
-0.000390 0.999913 -0.013217
0.002460 0.999977 0.006349
0.000399 0.999999 0.001597
-0.006295 0.999727 -0.022496
-0.004787 0.999740 -0.022314
-0.005657 0.998848 0.047648
0.000056 0.998875 0.047420
-0.000358 0.999911 0.013324
-0.003063 0.999905 0.013449
0.000057 0.999462 -0.032802
-0.002750 0.999454 -0.032910
-0.997224 0.074434 0.001839
-0.995762 0.090088 0.018518
-0.998444 0.000089 -0.055769
-0.995550 0.093513 -0.011645
-0.989005 0.111968 -0.096606
-0.997951 0.000014 0.063989
-0.999558 0.025090 -0.015973
0.000000 0.000543 -1.000000
0.000000 0.000543 -1.000000
0.000000 0.000543 -1.000000
0.999542 -0.025477 0.016356
0.997974 -0.000014 -0.063622
0.988830 -0.108965 0.101696
0.997223 -0.074454 -0.001807
0.995760 -0.090113 -0.018501
0.995849 -0.090327 0.011176
0.998450 -0.000079 0.055660
0.004637 0.999768 -0.021040
0.004942 0.999767 -0.021016
0.971218 -0.118534 0.206605
0.983979 -0.122333 0.129694
-0.919820 0.382262 -0.088358
-0.913718 0.396009 -0.091081
0.979368 -0.194889 -0.053453
0.970271 -0.234725 -0.058983
-0.990107 -0.140103 0.007719
-0.997524 -0.070215 0.003874
0.999060 0.031798 -0.029464
0.984528 -0.162618 0.065275
0.908515 -0.389156 0.152181
0.883472 -0.441072 0.157897
0.951942 -0.287740 0.104937
0.920056 -0.381527 0.089073
0.933052 -0.350093 0.082755
-0.984640 0.162082 -0.064915
-0.999030 -0.032385 0.029848
-0.952173 0.287119 -0.104545
-0.883728 0.440668 -0.157599
-0.908754 0.388718 -0.151869
-0.984282 0.125130 -0.124624
-0.972141 0.130745 -0.194543
0.996692 -0.077644 -0.023996
1.000000 -0.000051 -0.000000
1.000000 -0.000048 0.000001
1.000000 -0.000045 0.000002
1.000000 -0.000048 0.000000
1.000000 -0.000048 0.000000
0.997526 0.070188 -0.003863
0.990111 0.140077 -0.007708
-1.000000 0.000017 0.000008
-1.000000 0.000022 0.000011
-1.000000 0.000023 0.000011
-1.000000 0.000023 0.000011
-1.000000 0.000020 0.000009
-0.996695 0.077610 0.024004
-0.979371 0.194867 0.053463
-0.970275 0.234706 0.058994
-0.000003 0.521242 -0.853409
0.000000 0.521241 -0.853409
-0.000005 0.521242 -0.853409
0.000011 0.916044 -0.401079
0.000000 0.916043 -0.401080
0.000015 0.975660 -0.219290
0.000018 0.975660 -0.219289
0.000021 0.984100 -0.177616
0.000016 0.984100 -0.177617
0.000002 0.999949 -0.010052
0.000000 0.999949 -0.010052
0.000004 0.943567 -0.331183
0.000011 0.945196 -0.326505
0.000000 0.948476 0.316848
0.000000 0.390958 0.920409
0.000000 0.608025 0.793918
-0.000002 0.131338 0.991338
-0.000003 -0.119891 0.992787
-0.000006 -0.119891 0.992787
-0.000003 -0.096654 0.995318
-0.000006 -0.096654 0.995318
0.000000 -0.096654 0.995318
0.000000 -0.721122 0.692808
0.000000 -0.803084 0.595865
0.000000 -0.873135 0.487479
0.000000 -0.927859 0.372932
0.000000 -0.633118 0.774055
0.000000 -0.642830 0.766008
0.000000 -0.652442 0.757839
0.000000 -0.661948 0.749550
0.000000 -0.999542 0.030275
0.000000 -0.964532 -0.263967
-0.000001 -0.135101 -0.990832
-0.000002 -0.038516 -0.999258
-0.000001 -0.038517 -0.999258
0.000000 -0.135101 -0.990832
0.000000 -0.230415 -0.973092
0.000000 -0.844833 -0.535031
94
1 0 1 2 0 1 2 1
1 0 2 3 0 2 3 1
1 0 3 4 0 3 4 1
1 4 5 0 4 5 0 1
1 6 7 8 6 7 8 1
1 6 8 9 6 8 9 1
1 1 10 11 1 10 11 1
1 1 11 2 1 11 2 1
1 12 13 14 12 13 14 1
1 13 12 15 13 12 15 1
1 16 17 18 16 17 18 1
1 19 20 21 19 20 20 1
1 21 20 22 20 20 21 1
1 23 24 25 22 23 24 1
1 26 27 28 25 26 27 1
1 27 26 29 26 25 28 1
1 8 30 31 8 29 30 1
1 31 9 8 30 9 8 1
1 25 32 33 24 31 32 1
1 33 23 25 32 22 24 1
1 15 34 35 15 33 34 1
1 36 27 37 35 26 36 1
1 18 38 39 18 37 38 1
1 33 40 23 32 39 22 1
1 40 41 23 39 40 22 1
1 42 43 44 41 42 43 1
1 44 23 41 43 22 40 1
1 42 44 41 41 43 40 1
1 28 23 44 27 22 43 1
1 44 45 28 43 44 27 1
1 45 46 28 44 45 27 1
1 47 48 18 46 47 18 1
1 49 18 15 48 18 15 1
1 15 35 49 15 34 48 1
1 49 50 51 48 49 50 1
1 49 51 47 48 50 46 1
1 49 47 18 48 46 18 1
1 48 52 18 47 51 18 1
1 16 18 52 16 18 51 1
1 52 53 16 51 52 16 1
1 36 54 27 35 53 26 1
1 54 55 27 53 54 26 1
1 55 56 28 54 55 27 1
1 55 28 27 54 27 26 1
1 56 57 28 55 56 27 1
1 28 57 58 27 56 57 1
1 58 59 28 57 58 27 1
1 23 28 59 22 27 58 1
1 59 60 23 58 59 22 1
1 60 61 23 59 60 22 1
1 62 13 15 61 13 15 1
1 63 15 18 62 15 18 1
1 18 39 63 18 38 62 1
1 64 65 15 63 64 15 1
1 15 63 64 15 62 63 1
1 65 66 15 64 65 15 1
1 66 62 15 65 61 15 1
1 62 67 13 61 66 13 1
1 67 68 13 66 67 13 1
1 68 69 13 67 68 13 1
1 70 71 72 69 70 69 1
1 72 73 70 69 71 69 1
1 74 75 76 72 73 74 1
1 76 77 74 74 75 72 1
1 76 78 79 74 76 77 1
1 79 77 76 77 75 74 1
1 80 81 82 78 79 80 1
1 82 83 80 80 81 78 1
1 83 82 79 81 80 77 1
1 79 78 83 77 76 81 1
1 84 81 80 82 79 78 1
1 80 85 84 78 82 82 1
1 86 87 88 83 84 84 1
1 88 89 86 84 85 83 1
1 90 86 89 86 83 85 1
1 89 91 90 85 87 86 1
1 92 93 94 88 89 88 1
1 94 95 92 88 90 88 1
1 96 97 98 91 91 92 1
1 98 99 96 92 93 91 1
1 99 98 100 93 92 94 1
1 100 101 99 94 94 93 1
1 102 103 104 95 95 96 1
1 104 105 102 96 97 95 1
1 105 104 106 97 96 98 1
1 106 107 105 98 98 97 1
1 108 109 110 99 100 100 1
1 110 111 108 100 99 99 1
1 112 113 114 101 102 103 1
1 114 115 112 103 104 101 1
1 112 115 116 101 104 105 1
1 116 117 112 105 105 101 1
1 118 119 110 106 106 100 1
1 110 109 118 100 100 106 1
"Object0412" 1 1
20
1 0.031764 0.078421 0.131779 0.024738 -1.480294 -1
1 0.288765 0.078407 0.134302 0.024734 -1.412887 -1
1 0.001644 3.707133 0.163994 0.976481 -1.488194 -1
1 0.316962 3.707116 0.163743 0.976477 -1.405492 -1
1 0.289268 0.078553 -0.129919 0.975228 -1.412755 -1
1 0.031762 0.078563 -0.127395 0.975225 -1.480294 -1
1 0.316711 3.707289 -0.155409 0.023478 -1.405558 -1
1 0.001392 3.707305 -0.155424 0.023473 -1.488260 -1
1 0.316962 3.707116 0.163743 1.446061 -1.405492 -1
1 0.316711 3.707289 -0.155409 1.529768 -1.405558 -1
1 0.001644 3.707133 0.163994 1.445995 -1.488194 -1
1 0.001392 3.707305 -0.155424 1.529773 -1.488260 -1
1 0.288765 0.078407 0.134302 0.975266 -0.453783 -1
1 0.289268 0.078553 -0.129919 0.975228 -0.523083 -1
1 0.316962 3.707116 0.163743 0.023523 -0.446061 -1
1 0.316711 3.707289 -0.155409 0.023478 -0.529768 -1
1 0.031762 0.078563 -0.127395 0.024775 -0.522421 -1
1 0.031764 0.078421 0.131779 0.024738 -0.454444 -1
1 0.001392 3.707305 -0.155424 0.976527 -0.529773 -1
1 0.001644 3.707133 0.163994 0.976481 -0.445995 -1
15
-0.009816 -0.008958 0.999912
-0.004511 -0.008539 0.999953
0.000793 -0.008119 0.999967
-0.009801 -0.006950 -0.999928
-0.004877 -0.007337 -0.999961
0.000048 -0.007723 -0.999970
0.000055 1.000000 0.000544
0.000053 1.000000 0.000542
0.000051 1.000000 0.000540
0.999968 -0.007786 0.001899
0.999970 -0.007677 0.000554
0.999971 -0.007568 -0.000790
-0.999965 -0.008369 0.000000
-0.999965 -0.008338 0.000392
-0.999965 -0.008307 0.000785
10
1 0 1 2 0 1 1 1
1 2 1 3 1 1 2 1
1 4 5 6 3 4 4 1
1 6 5 7 4 4 5 1
1 8 9 10 6 7 7 1
1 10 9 11 7 7 8 1
1 12 13 14 9 10 10 1
1 14 13 15 10 10 11 1
1 16 17 18 12 13 13 1
1 18 17 19 13 13 14 1
"Object0413" 1 2
20
1 0.001501 0.646964 -7.565825 2.503140 0.780155 -1
1 0.001510 0.855994 -7.565715 2.503111 0.725330 -1
1 0.001509 0.854679 -4.898307 1.803500 0.725675 -1
1 0.001501 0.678665 -4.903280 1.804804 0.771840 -1
1 0.001499 0.645651 -4.904213 1.805049 0.780499 -1
1 -0.000673 2.684183 -7.564715 2.502849 -0.044170 -1
1 -0.000663 2.908822 -7.564595 2.502817 -0.103088 -1
1 0.181161 2.907480 -4.839015 1.787949 -0.102736 -1
1 0.181028 2.719033 -4.844342 1.789346 -0.053310 -1
1 0.180945 2.682843 -4.845367 1.789615 -0.043818 -1
1 0.001503 0.849946 4.697817 -0.713384 0.726916 -1
1 0.001501 0.847679 7.707794 -1.502845 0.727511 -1
1 0.001501 0.793046 4.703181 -0.714791 0.741840 -1
1 0.001491 0.638651 7.707680 -1.502815 0.782335 -1
1 0.001493 0.640905 4.717521 -0.718552 0.781744 -1
1 0.223089 2.902879 4.504483 -0.662676 -0.101530 -1
1 -0.000671 2.900507 7.708920 -1.503140 -0.100907 -1
1 0.223085 2.838878 4.510516 -0.664259 -0.084743 -1
1 -0.000682 2.675868 7.708794 -1.503107 -0.041989 -1
1 0.223078 2.678227 4.525659 -0.668230 -0.042608 -1
20
1.000000 -0.000044 0.000000
1.000000 -0.000046 0.000000
1.000000 -0.000048 0.000001
1.000000 -0.000043 0.000001
1.000000 -0.000037 0.000001
0.997778 0.000251 -0.066620
0.997782 -0.000007 -0.066562
0.998945 0.000197 -0.045923
0.999682 -0.000492 -0.025221
0.999366 -0.001302 -0.035585
1.000000 -0.000044 0.000001
1.000000 -0.000044 0.000001
1.000000 -0.000045 0.000001
1.000000 -0.000047 0.000001
1.000000 -0.000044 0.000001
0.999793 0.001818 0.020241
0.997561 0.003211 0.069726
0.999191 0.002409 0.040147
0.997545 0.003239 0.069958
0.999791 0.001305 0.020392
20
1 0 1 2 0 1 2 1
1 2 3 0 2 3 0 1
1 0 3 4 0 3 4 1
1 5 6 7 5 6 7 1
1 7 8 5 7 8 5 1
1 5 8 9 5 8 9 1
1 10 11 12 10 11 12 1
1 13 14 12 13 14 12 1
1 12 11 13 12 11 13 1
1 15 16 17 15 16 17 1
1 18 19 17 18 19 17 1
1 17 16 18 17 16 18 1
1 3 2 10 3 2 10 1
1 10 12 3 10 12 3 1
1 14 4 3 14 4 3 1
1 3 12 14 3 12 14 1
1 8 7 15 8 7 15 1
1 15 17 8 15 17 8 1
1 19 9 8 19 9 8 1
1 8 17 19 8 17 19 1

Materials: 4
"_2_-_Default"
0.584314 0.584314 0.584314 1.000000
0.584314 0.584314 0.584314 1.000000
0.894118 0.894118 0.894118 1.000000
0.000000 0.000000 0.000000 1.000000
125.440002
1.000000
"MET_2.tga"
""
"_3_-_Default"
0.584314 0.584314 0.584314 1.000000
0.584314 0.584314 0.584314 1.000000
0.894118 0.894118 0.894118 1.000000
0.000000 0.000000 0.000000 1.000000
125.440002
1.000000
"CON_12.tga"
""
"_4_-_Default"
0.584314 0.584314 0.584314 1.000000
0.584314 0.584314 0.584314 1.000000
0.894118 0.894118 0.894118 1.000000
0.000000 0.000000 0.000000 1.000000
125.440002
1.000000
"METALL_3.tga"
""
"Material"
0.117647 0.117647 0.117647 1.000000
0.752941 0.752941 0.752941 1.000000
0.752941 0.752941 0.752941 1.000000
0.000000 0.000000 0.000000 1.000000
125.440002
1.000000
""
""

Bones: 0
GroupComments: 0
MaterialComments: 0
BoneComments: 0
ModelComment: 0
