// MilkShape 3D ASCII

Frames: 30
Frame: 1

Meshes: 3
"Object0721" 1 0
60
1 0.288642 3.636225 -7.132730 0.024553 -1.405559 -1
1 0.260366 0.007488 -7.049426 0.976303 -1.383710 -1
1 0.260366 0.007499 -7.417678 0.976300 -1.480296 -1
1 0.288651 3.636241 -7.447797 0.024549 -1.488195 -1
1 -0.030775 3.636067 -7.447796 0.975406 -1.488195 -1
1 0.001196 0.007358 -7.417678 0.023663 -1.480296 -1
1 0.001200 0.007345 -7.150832 0.023660 -1.410307 -1
1 -0.030782 3.636052 -7.132730 0.975402 -1.405559 -1
1 0.001200 0.007345 -7.150832 0.976340 1.521383 -1
1 0.260366 0.007488 -7.049426 0.976303 1.453409 -1
1 -0.030782 3.636052 -7.132730 0.024599 1.529773 -1
1 0.288642 3.636225 -7.132730 0.024553 1.445993 -1
1 0.288651 3.636241 -7.447797 -0.445991 -1.488195 -1
1 -0.030775 3.636067 -7.447796 -0.529770 -1.488195 -1
1 0.288642 3.636225 -7.132730 -0.445993 -1.405559 -1
1 -0.030782 3.636052 -7.132730 -0.529773 -1.405559 -1
1 0.260366 0.007499 -7.417678 0.023700 1.453409 -1
1 0.001196 0.007358 -7.417678 0.023663 1.521384 -1
1 0.288651 3.636241 -7.447797 0.975451 1.445991 -1
1 -0.030775 3.636067 -7.447796 0.975406 1.529770 -1
1 0.021862 0.007001 0.149456 0.976431 1.515965 -1
1 0.278760 0.007141 0.151980 0.976394 1.448585 -1
1 -0.010613 3.635708 0.179928 0.024689 1.524484 -1
1 0.304771 3.635879 0.179674 0.024644 1.441764 -1
1 0.279265 0.007154 -0.112088 0.023609 1.448453 -1
1 0.021610 0.007014 -0.109564 0.023573 1.516031 -1
1 0.304524 3.635896 -0.139684 0.975360 1.441829 -1
1 -0.010612 3.635725 -0.139430 0.975315 1.524483 -1
1 0.021610 0.007014 -0.109564 0.023573 0.436486 -1
1 0.021862 0.007001 0.149456 0.023569 0.504422 -1
1 -0.010612 3.635725 -0.139430 0.975315 0.428653 -1
1 -0.010613 3.635708 0.179928 0.975311 0.512414 -1
1 0.304771 3.635879 0.179674 -0.441764 0.512348 -1
1 0.304524 3.635896 -0.139684 -0.441829 0.428587 -1
1 -0.010613 3.635708 0.179928 -0.524484 0.512414 -1
1 -0.010612 3.635725 -0.139430 -0.524483 0.428653 -1
1 0.278760 0.007141 0.151980 0.976394 0.505085 -1
1 0.279265 0.007154 -0.112088 0.976391 0.435824 -1
1 0.304771 3.635879 0.179674 0.024644 0.512348 -1
1 0.304524 3.635896 -0.139684 0.024640 0.428587 -1
1 0.304771 3.635530 7.393874 0.975264 1.441765 -1
1 0.288586 0.006793 7.423740 0.023515 1.446009 -1
1 0.021854 0.006648 7.423740 0.023477 1.515967 -1
1 -0.010624 3.635358 7.393874 0.975219 1.524487 -1
1 -0.010621 3.635342 7.713233 0.024785 1.524486 -1
1 0.021855 0.006637 7.682760 0.976527 1.515967 -1
1 0.288587 0.006781 7.682761 0.976489 1.446008 -1
1 0.304773 3.635515 7.713233 0.024740 1.441764 -1
1 0.288587 0.006781 7.682761 0.976489 2.480268 -1
1 0.288586 0.006793 7.423740 0.976485 2.412332 -1
1 0.304773 3.635515 7.713233 0.024740 2.488260 -1
1 0.304771 3.635530 7.393874 0.024736 2.404498 -1
1 -0.010624 3.635358 7.393874 -0.524487 2.404498 -1
1 -0.010621 3.635342 7.713233 -0.524486 2.488260 -1
1 0.304771 3.635530 7.393874 -0.441765 2.404498 -1
1 0.304773 3.635515 7.713233 -0.441764 2.488260 -1
1 0.021854 0.006648 7.423740 0.023477 2.412331 -1
1 0.021855 0.006637 7.682760 0.023473 2.480268 -1
1 -0.010624 3.635358 7.393874 0.975219 2.404498 -1
1 -0.010621 3.635342 7.713233 0.975215 2.488260 -1
45
0.999970 -0.007793 0.000013
0.999970 -0.007792 -0.000000
0.999970 -0.007794 0.000026
-0.999961 -0.008812 -0.000005
-0.999961 -0.008810 0.000013
-0.999961 -0.008813 -0.000023
-0.364364 -0.007857 0.931224
-0.185424 0.007681 0.982629
-0.000012 0.022951 0.999737
-0.000543 1.000000 0.000051
-0.000541 1.000000 0.000049
-0.000539 1.000000 0.000047
0.000005 -0.008300 -0.999966
0.000003 -0.008300 -0.999966
0.000002 -0.008300 -0.999966
-0.009820 -0.008484 0.999916
-0.004506 -0.008061 0.999957
0.000807 -0.007637 0.999970
-0.009792 -0.007536 -0.999924
-0.005296 -0.007887 -0.999955
-0.000799 -0.008237 -0.999966
-0.999960 -0.008871 0.000973
-0.999960 -0.008910 0.000484
-0.999960 -0.008949 -0.000004
-0.000543 1.000000 0.000053
-0.000543 1.000000 0.000052
-0.000543 1.000000 0.000052
0.999972 -0.007182 0.001909
0.999975 -0.007075 0.000567
0.999975 -0.006967 -0.000775
0.000004 -0.008230 -0.999966
0.000004 -0.008230 -0.999966
0.000005 -0.008230 -0.999966
0.000002 -0.008397 0.999965
-0.000001 -0.008397 0.999965
0.000005 -0.008397 0.999965
0.999990 -0.004460 -0.000005
0.999990 -0.004460 -0.000006
0.999990 -0.004460 -0.000008
-0.000547 1.000000 0.000048
-0.000547 1.000000 0.000048
-0.000547 1.000000 0.000048
-0.999960 -0.008950 0.000004
-0.999960 -0.008950 0.000006
-0.999960 -0.008950 0.000007
30
1 0 1 2 0 1 0 1
1 0 2 3 0 0 2 1
1 4 5 6 3 4 3 1
1 4 6 7 3 3 5 1
1 8 9 10 6 7 7 1
1 10 9 11 7 7 8 1
1 12 13 14 9 10 10 1
1 14 13 15 10 10 11 1
1 16 17 18 12 13 13 1
1 18 17 19 13 13 14 1
1 20 21 22 15 16 16 1
1 22 21 23 16 16 17 1
1 24 25 26 18 19 19 1
1 26 25 27 19 19 20 1
1 28 29 30 21 22 22 1
1 30 29 31 22 22 23 1
1 32 33 34 24 25 25 1
1 34 33 35 25 25 26 1
1 36 37 38 27 28 28 1
1 38 37 39 28 28 29 1
1 40 41 42 30 31 30 1
1 40 42 43 30 30 32 1
1 44 45 46 33 34 33 1
1 44 46 47 33 33 35 1
1 48 49 50 36 37 37 1
1 50 49 51 37 37 38 1
1 52 53 54 39 40 40 1
1 54 53 55 40 40 41 1
1 56 57 58 42 43 43 1
1 58 57 59 43 43 44 1
"Object0722" 1 1
8
1 -0.009056 0.780735 -7.498933 2.493504 0.727506 -1
1 -0.009074 0.779997 7.702238 -1.493480 0.727699 -1
1 -0.008942 0.571706 -7.498942 2.493506 0.782330 -1
1 -0.008959 0.570967 7.702228 -1.493478 0.782524 -1
1 -0.012184 2.833563 -7.498075 2.493279 -0.100913 -1
1 -0.012200 2.832824 7.702338 -1.493506 -0.100719 -1
1 -0.012063 2.608922 -7.498085 2.493281 -0.041994 -1
1 -0.012079 2.608185 7.702327 -1.493503 -0.041800 -1
6
1.000000 0.000544 0.000001
1.000000 0.000547 0.000001
1.000000 0.000550 0.000001
1.000000 0.000539 0.000001
1.000000 0.000539 0.000001
1.000000 0.000539 0.000001
4
1 0 1 2 0 1 1 1
1 2 1 3 1 1 2 1
1 4 5 6 3 4 4 1
1 6 5 7 4 4 5 1
"Object0723" 1 2
28
1 -0.110762 3.283398 -0.077823 0.436154 2.486689 -1
1 -0.304763 3.238501 3.759879 1.468044 2.537573 -1
1 -0.236946 3.238538 3.748796 1.465064 2.519785 -1
1 -0.042946 3.283436 -0.100232 0.430129 2.468902 -1
1 -0.042956 3.313973 -7.278233 -1.499909 2.468904 -1
1 -0.110766 3.313937 -7.278185 -1.499896 2.486690 -1
1 -0.110783 3.313196 7.597822 2.500000 2.486696 -1
1 -0.042972 3.313233 7.597822 2.500000 2.468910 -1
1 -0.110783 3.313196 7.597822 -1.486696 0.056551 -1
1 -0.109054 0.121634 7.597670 -1.486241 0.945983 -1
1 -0.042972 3.313233 7.597822 -1.468910 0.056541 -1
1 -0.041236 0.121670 7.597671 -1.468454 0.945972 -1
1 -0.304763 3.238501 3.759879 1.468044 0.077368 -1
1 -0.109054 0.121634 7.597670 2.499959 0.945983 -1
1 -0.110783 3.313196 7.597822 2.500000 0.056551 -1
1 -0.110762 3.283398 -0.077823 0.436154 0.064856 -1
1 -0.109037 0.122375 -7.278335 -1.499937 0.945776 -1
1 -0.110766 3.313937 -7.278185 -1.499896 0.056345 -1
1 -0.042956 3.313973 -7.278233 2.468904 0.056335 -1
1 -0.041218 0.122412 -7.278416 2.468448 0.945766 -1
1 -0.110766 3.313937 -7.278185 2.486690 0.056345 -1
1 -0.109037 0.122375 -7.278335 2.486236 0.945776 -1
1 -0.041218 0.122412 -7.278416 2.499959 0.945766 -1
1 -0.042956 3.313973 -7.278233 2.499909 0.056335 -1
1 -0.042946 3.283436 -0.100232 0.569871 0.064845 -1
1 -0.236946 3.238538 3.748796 -0.465064 0.077357 -1
1 -0.041236 0.121670 7.597671 -1.499959 0.945972 -1
1 -0.042972 3.313233 7.597822 -1.500000 0.056541 -1
26
0.001262 0.999967 0.008024
-0.000947 0.999959 -0.008961
0.000349 0.999999 0.001461
0.002095 0.999965 0.008043
0.000159 0.999991 0.004248
-0.000524 0.999991 0.004241
-0.000541 0.999811 -0.019431
-0.002111 0.999811 -0.019324
0.000000 -0.000048 1.000000
-0.000007 -0.000048 1.000000
-0.000014 -0.000048 1.000000
-0.997993 -0.063322 -0.000534
-0.999102 -0.042368 -0.000356
-0.998724 -0.000543 0.050489
-0.998955 -0.042343 -0.017221
-1.000000 -0.000542 -0.000001
-1.000000 -0.000542 -0.000002
-0.000696 0.000057 -1.000000
-0.000946 0.000052 -1.000000
-0.001195 0.000046 -0.999999
1.000000 0.000544 0.000001
1.000000 0.000544 0.000001
0.998956 0.042343 0.017170
0.997993 0.063320 0.000531
0.999102 0.042368 0.000354
0.998732 0.000545 -0.050342
18
1 0 1 2 0 1 2 1
1 0 2 3 0 2 3 1
1 4 0 3 4 0 3 1
1 4 5 0 4 5 0 1
1 1 6 7 1 6 7 1
1 1 7 2 1 7 2 1
1 8 9 10 8 9 9 1
1 10 9 11 9 9 10 1
1 12 13 14 11 12 13 1
1 13 12 15 12 11 14 1
1 13 15 16 12 14 15 1
1 15 17 16 14 16 15 1
1 18 19 20 17 18 18 1
1 20 19 21 18 18 19 1
1 22 23 24 20 21 22 1
1 25 26 24 23 24 22 1
1 24 26 22 22 24 20 1
1 26 25 27 24 23 25 1

Materials: 4
"_3_-_Default"
0.584314 0.584314 0.584314 1.000000
0.584314 0.584314 0.584314 1.000000
0.894118 0.894118 0.894118 1.000000
0.000000 0.000000 0.000000 1.000000
125.440002
1.000000
"CON_12.tga"
""
"_4_-_Default"
0.584314 0.584314 0.584314 1.000000
0.584314 0.584314 0.584314 1.000000
0.894118 0.894118 0.894118 1.000000
0.000000 0.000000 0.000000 1.000000
125.440002
1.000000
"METALL_3.tga"
""
"_2_-_Default"
0.584314 0.584314 0.584314 1.000000
0.584314 0.584314 0.584314 1.000000
0.894118 0.894118 0.894118 1.000000
0.000000 0.000000 0.000000 1.000000
125.440002
1.000000
"MET_2.tga"
""
"Material"
0.117647 0.117647 0.117647 1.000000
0.752941 0.752941 0.752941 1.000000
0.752941 0.752941 0.752941 1.000000
0.000000 0.000000 0.000000 1.000000
125.440002
1.000000
""
""

Bones: 0
GroupComments: 0
MaterialComments: 0
BoneComments: 0
ModelComment: 0
