// MilkShape 3D ASCII

Frames: 30
Frame: 1

Meshes: 3
"Object0311" 1 0
145
1 -7.521706 3.250314 -0.242079 -1.499961 0.399038 -1
1 -7.300464 3.146298 3.692114 -1.441934 1.430903 -1
1 -7.232553 3.146301 3.680773 -1.424122 1.427929 -1
1 -7.453795 3.250323 -0.265028 -1.482149 0.393019 -1
1 -7.324754 3.214928 -1.869689 -1.467939 -0.027854 -1
1 -7.380158 3.214660 -1.869853 -1.482471 -0.027897 -1
1 -7.453789 3.284508 -7.624063 -1.482147 -1.537118 -1
1 -7.521698 3.284512 -7.624063 -1.499959 -1.537118 -1
1 -7.340663 3.150466 -4.800678 -1.450978 -0.796597 -1
1 -7.272752 3.150454 -4.784290 -1.433167 -0.792299 -1
1 -7.521507 3.276197 7.649700 -1.499909 2.468904 -1
1 -7.453797 3.276194 7.649701 -1.482150 2.468905 -1
1 -7.300464 3.146298 3.692114 1.430903 0.092535 -1
1 -7.521695 0.084636 7.647960 2.468448 0.945766 -1
1 -7.521507 3.276197 7.649700 2.468904 0.056335 -1
1 -7.521706 3.250314 -0.242079 0.399038 0.063548 -1
1 -7.340663 3.150466 -4.800678 -0.796597 0.091374 -1
1 -7.521698 3.284512 -7.624063 -1.537118 0.054017 -1
1 -7.521853 0.092949 -7.625795 -1.537573 0.943449 -1
1 -7.453789 3.284508 -7.624063 2.482147 0.054018 -1
1 -7.453943 0.092947 -7.625795 2.482188 0.943449 -1
1 -7.521698 3.284512 -7.624063 2.499959 0.054017 -1
1 -7.521853 0.092949 -7.625795 2.499999 0.943449 -1
1 -7.453943 0.092947 -7.625795 2.537573 0.943449 -1
1 -7.453789 3.284508 -7.624063 2.537118 0.054018 -1
1 -7.272752 3.150454 -4.784290 1.792299 0.091377 -1
1 -7.232553 3.146301 3.680773 -0.427929 0.092534 -1
1 -7.453952 0.084632 7.647964 -1.468449 0.945767 -1
1 -7.453795 3.250323 -0.265028 0.606981 0.063545 -1
1 -7.453797 3.276194 7.649701 -1.468905 0.056336 -1
1 -0.139878 3.245622 7.717507 0.436154 2.486689 -1
1 3.794410 3.200725 7.911509 1.468044 2.537573 -1
1 3.783048 3.200762 7.843691 1.465064 2.519785 -1
1 -0.162852 3.245660 7.649691 0.430129 2.468902 -1
1 -7.521457 3.276162 7.717511 -1.499896 2.486690 -1
1 7.728944 3.275419 7.717529 2.500000 2.486696 -1
1 7.728946 3.275456 7.649717 2.500000 2.468910 -1
1 7.728944 3.275419 7.717529 -1.486696 0.056551 -1
1 7.728789 0.083858 7.715796 -1.486241 0.945983 -1
1 7.728946 3.275456 7.649717 -1.468910 0.056541 -1
1 7.728791 0.083894 7.647980 -1.468454 0.945972 -1
1 3.794410 3.200725 7.911509 1.468044 0.077368 -1
1 7.728789 0.083858 7.715796 2.499959 0.945983 -1
1 7.728944 3.275419 7.717529 2.500000 0.056551 -1
1 -0.139878 3.245622 7.717507 0.436154 0.064856 -1
1 -7.521611 0.084599 7.715778 -1.499937 0.945776 -1
1 -7.521457 3.276162 7.717511 -1.499896 0.056345 -1
1 -7.521457 3.276162 7.717511 2.486690 0.056345 -1
1 -7.521611 0.084599 7.715778 2.486236 0.945776 -1
1 -7.521695 0.084636 7.647960 2.499959 0.945766 -1
1 -7.521507 3.276197 7.649700 2.499909 0.056335 -1
1 -0.162852 3.245660 7.649691 0.569871 0.064845 -1
1 3.783048 3.200762 7.843691 -0.465064 0.077357 -1
1 7.728791 0.083894 7.647980 -1.499959 0.945972 -1
1 7.728946 3.275456 7.649717 -1.500000 0.056541 -1
1 -7.382849 3.162038 -4.260098 -1.438848 -0.654813 -1
1 -7.447254 3.162338 -4.260062 -1.455740 -0.654804 -1
1 -7.409301 2.887514 -4.293250 1.663509 0.164654 -1
1 -7.382849 3.162038 -4.260098 1.654813 0.088149 -1
1 -7.380158 3.214660 -1.869853 -0.027897 0.073484 -1
1 -7.500397 2.877773 -2.075615 -0.081864 0.167368 -1
1 -7.547163 0.607805 4.032635 -0.520216 0.799968 -1
1 -7.672033 0.086589 4.052726 -0.525485 0.945221 -1
1 -7.445503 0.087672 2.071752 1.005913 0.944920 -1
1 -7.521740 0.629333 2.124352 1.019709 0.793968 -1
1 -7.427536 2.573814 -4.053003 1.600496 0.252076 -1
1 -7.378355 2.432507 -3.630001 1.489551 0.291456 -1
1 -7.394501 2.637186 -3.055967 1.338992 0.234416 -1
1 -7.397027 2.732275 -2.776212 1.265618 0.207916 -1
1 -7.461788 2.743919 -2.381329 1.162048 0.204671 -1
1 -7.432995 2.877773 -2.075615 1.081864 0.167368 -1
1 -7.324754 3.214928 -1.869689 1.027854 0.073409 -1
1 -7.446098 2.432507 -3.630001 -0.489551 0.291456 -1
1 -7.495530 2.573814 -4.053003 -0.600496 0.252076 -1
1 -7.529231 2.743921 -2.381330 -0.162048 0.204671 -1
1 -7.464617 2.732275 -2.776212 -0.265618 0.207916 -1
1 -7.462143 2.637186 -3.055968 -0.338993 0.234416 -1
1 -7.477573 2.887514 -4.293250 -0.663509 0.164654 -1
1 -7.447254 3.162338 -4.260062 -0.654804 0.088065 -1
1 -7.453894 1.249647 3.880656 -0.480354 0.621098 -1
1 -7.453883 1.461051 3.546841 -0.392801 0.562184 -1
1 -7.453885 1.447549 3.101064 -0.275882 0.565946 -1
1 -7.453891 1.296083 2.967301 -0.240798 0.608157 -1
1 -7.453904 1.007874 2.731568 -0.178970 0.688475 -1
1 -7.453911 0.860547 2.365015 -0.082830 0.729533 -1
1 -7.453922 0.629333 2.124352 -0.019709 0.793968 -1
1 -7.377699 0.087668 2.071752 -0.005913 0.944921 -1
1 -7.521707 1.461051 3.546841 1.392801 0.562184 -1
1 -7.521732 0.860547 2.365015 1.082830 0.729533 -1
1 -7.521725 1.007874 2.731568 1.178970 0.688475 -1
1 -7.521716 1.296083 2.967301 1.240798 0.608157 -1
1 -7.521711 1.447549 3.101064 1.275882 0.565946 -1
1 -7.521707 1.249647 3.880656 1.480354 0.621098 -1
1 -7.614958 0.607805 4.032635 1.520216 0.799968 -1
1 -7.739816 0.086593 4.052726 1.525485 0.945220 -1
1 -7.380158 3.214660 -1.869853 2.482471 0.073484 -1
1 -7.324754 3.214928 -1.869689 2.467939 0.073409 -1
1 -7.432995 2.877773 -2.075615 2.471388 0.167368 -1
1 -7.500397 2.877773 -2.075615 2.489067 0.167368 -1
1 -7.461788 2.743919 -2.381329 -1.471462 -0.162048 -1
1 -7.529231 2.743921 -2.381330 -1.489151 -0.162048 -1
1 -7.500397 2.877773 -2.075615 -1.489067 -0.081864 -1
1 -7.432995 2.877773 -2.075615 -1.471388 -0.081864 -1
1 -7.464617 2.732275 -2.776212 -1.484987 -0.265618 -1
1 -7.397027 2.732275 -2.776212 -1.467260 -0.265618 -1
1 -7.462143 2.637186 -3.055968 -1.484339 -0.338993 -1
1 -7.394501 2.637186 -3.055967 -1.466597 -0.338992 -1
1 -7.378355 2.432507 -3.630001 -1.465493 -0.489551 -1
1 -7.446098 2.432507 -3.630001 -1.483261 -0.489551 -1
1 -7.427536 2.573814 -4.053003 -1.456893 -0.600496 -1
1 -7.495530 2.573814 -4.053003 -1.474726 -0.600496 -1
1 -7.427536 2.573814 -4.053003 -1.456893 0.252076 -1
1 -7.409301 2.887514 -4.293250 -1.445786 0.164654 -1
1 -7.477573 2.887514 -4.293250 -1.463693 0.164654 -1
1 -7.495530 2.573814 -4.053003 -1.474726 0.252076 -1
1 -7.382849 3.162038 -4.260098 -1.438848 0.088149 -1
1 -7.447254 3.162338 -4.260062 -1.455740 0.088065 -1
1 -7.453922 0.629333 2.124352 -1.482183 0.793968 -1
1 -7.521740 0.629333 2.124352 -1.499970 0.793968 -1
1 -7.445503 0.087672 2.071752 -1.499974 0.944920 -1
1 -7.377699 0.087668 2.071752 -1.482190 0.944921 -1
1 -7.453911 0.860547 2.365015 2.482180 1.082830 -1
1 -7.521732 0.860547 2.365015 2.499968 1.082830 -1
1 -7.521740 0.629333 2.124352 2.499970 1.019709 -1
1 -7.453922 0.629333 2.124352 2.482183 1.019709 -1
1 -7.453904 1.007874 2.731568 2.482178 1.178970 -1
1 -7.521725 1.007874 2.731568 2.499966 1.178970 -1
1 -7.453891 1.296083 2.967301 -1.482175 0.608157 -1
1 -7.521716 1.296083 2.967301 -1.499964 0.608157 -1
1 -7.521725 1.007874 2.731568 -1.499966 0.688475 -1
1 -7.453904 1.007874 2.731568 -1.482178 0.688475 -1
1 -7.453885 1.447549 3.101064 -1.482173 0.565946 -1
1 -7.521711 1.447549 3.101064 -1.499962 0.565946 -1
1 -7.521707 1.461051 3.546841 2.499961 1.392801 -1
1 -7.521711 1.447549 3.101064 2.499962 1.275882 -1
1 -7.453885 1.447549 3.101064 2.482173 1.275882 -1
1 -7.453883 1.461051 3.546841 2.482172 1.392801 -1
1 -7.739816 0.086593 4.052726 2.499968 0.945220 -1
1 -7.614958 0.607805 4.032635 2.499965 0.799968 -1
1 -7.547163 0.607805 4.032635 2.482184 0.799968 -1
1 -7.672033 0.086589 4.052726 2.482190 0.945221 -1
1 -7.521707 1.249647 3.880656 2.499961 0.621098 -1
1 -7.453894 1.249647 3.880656 2.482175 0.621098 -1
1 -7.453894 1.249647 3.880656 2.482175 1.480354 -1
1 -7.521707 1.249647 3.880656 2.499961 1.480354 -1
135
0.000093 0.999998 0.001767
-0.000385 0.999913 -0.013217
0.002467 0.999977 0.006348
0.000406 0.999999 0.001597
-0.006287 0.999727 -0.022496
-0.004778 0.999740 -0.022313
-0.005657 0.998848 0.047648
0.000056 0.998875 0.047420
-0.000356 0.999911 0.013324
-0.003063 0.999905 0.013449
0.000057 0.999462 -0.032802
-0.002746 0.999455 -0.032910
-0.997224 0.074434 0.001839
-0.997616 0.067543 0.014128
-0.999621 0.000074 -0.027526
-0.995550 0.093513 -0.011645
-0.989005 0.111968 -0.096606
-0.997951 0.000014 0.063989
-0.999558 0.025090 -0.015974
0.000000 0.000543 -1.000000
0.000000 0.000543 -1.000000
0.000000 0.000543 -1.000000
0.999542 -0.025477 0.016356
0.997974 -0.000014 -0.063622
0.988830 -0.108965 0.101696
0.997223 -0.074454 -0.001807
0.995760 -0.090113 -0.018501
0.995849 -0.090327 0.011176
0.998450 -0.000079 0.055660
0.007827 0.999969 -0.001264
-0.008741 0.999961 0.000954
0.001426 0.999999 -0.000347
0.007846 0.999967 -0.002103
0.004144 0.999991 -0.000163
0.004137 0.999991 0.000524
-0.018954 0.999820 0.000548
-0.018849 0.999820 0.002118
1.000000 -0.000049 0.000021
1.000000 -0.000049 0.000021
1.000000 -0.000049 0.000021
-0.000521 -0.063323 0.997993
-0.000348 -0.042370 0.999102
0.049252 -0.000545 0.998786
-0.016799 -0.042347 0.998962
-0.000001 -0.000544 1.000000
-0.000002 -0.000543 1.000000
-1.000000 0.000053 0.000984
-0.999999 0.000048 0.001230
0.000001 0.000545 -1.000000
0.000001 0.000545 -1.000000
0.016749 0.042346 -0.998963
0.000518 0.063321 -0.997993
0.000346 0.042370 -0.999102
-0.049109 0.000546 -0.998793
0.004946 0.999767 -0.021015
0.004644 0.999768 -0.021039
0.983979 -0.122333 0.129694
0.971218 -0.118535 0.206605
-0.919820 0.382262 -0.088358
-0.913719 0.396008 -0.091080
0.979368 -0.194890 -0.053453
0.970270 -0.234726 -0.058983
-0.990107 -0.140103 0.007719
-0.997524 -0.070214 0.003874
0.999060 0.031797 -0.029463
0.984528 -0.162618 0.065275
0.908514 -0.389157 0.152181
0.883471 -0.441075 0.157897
0.951942 -0.287740 0.104936
0.920057 -0.381526 0.089073
0.933052 -0.350094 0.082755
-0.984640 0.162079 -0.064914
-0.999030 -0.032385 0.029848
-0.952173 0.287119 -0.104545
-0.883723 0.440677 -0.157599
-0.908754 0.388719 -0.151868
-0.984282 0.125130 -0.124624
-0.972142 0.130743 -0.194543
0.996692 -0.077644 -0.023996
1.000000 -0.000051 -0.000001
1.000000 -0.000048 0.000001
1.000000 -0.000045 0.000002
1.000000 -0.000048 0.000001
1.000000 -0.000048 0.000000
0.997526 0.070189 -0.003863
0.990111 0.140077 -0.007708
-1.000000 0.000018 0.000009
-1.000000 0.000022 0.000010
-1.000000 0.000023 0.000011
-1.000000 0.000023 0.000011
-1.000000 0.000020 0.000009
-0.996695 0.077610 0.024004
-0.979371 0.194867 0.053463
-0.970275 0.234706 0.058994
0.000002 0.521242 -0.853409
0.000005 0.521242 -0.853409
0.000000 0.521242 -0.853409
0.000017 0.975660 -0.219290
0.000026 0.975660 -0.219289
0.000015 0.916043 -0.401080
0.000000 0.916043 -0.401081
0.000014 0.984100 -0.177616
0.000014 0.984100 -0.177616
0.000004 0.943567 -0.331182
0.000008 0.945196 -0.326503
0.000002 0.999949 -0.010053
0.000000 0.999949 -0.010054
0.000000 0.948477 0.316846
0.000000 0.608023 0.793919
-0.000005 0.131338 0.991338
0.000000 0.390957 0.920409
-0.000014 -0.119891 0.992787
-0.000007 -0.119890 0.992787
-0.000003 -0.096654 0.995318
0.000000 -0.096654 0.995318
-0.000005 -0.096654 0.995318
0.000000 -0.803085 0.595865
0.000000 -0.873135 0.487479
0.000000 -0.721123 0.692807
0.000000 -0.927859 0.372932
0.000000 -0.642831 0.766008
0.000000 -0.652442 0.757838
0.000000 -0.633118 0.774055
0.000000 -0.661949 0.749549
0.000000 -0.964532 -0.263967
0.000000 -0.999542 0.030275
0.000000 -0.999542 0.030275
0.000000 -0.964532 -0.263967
-0.000001 -0.038517 -0.999258
0.000000 -0.135101 -0.990832
-0.000001 -0.135101 -0.990832
-0.000002 -0.038516 -0.999258
0.000000 -0.230415 -0.973092
0.000000 -0.844833 -0.535031
0.000000 -0.844833 -0.535031
112
1 0 1 2 0 1 2 1
1 0 2 3 0 2 3 1
1 4 5 0 4 5 0 1
1 0 3 4 0 3 4 1
1 6 7 8 6 7 8 1
1 6 8 9 6 8 9 1
1 1 10 11 1 10 11 1
1 1 11 2 1 11 2 1
1 12 13 14 12 13 14 1
1 13 12 15 13 12 15 1
1 16 17 18 16 17 18 1
1 19 20 21 19 20 20 1
1 21 20 22 20 20 21 1
1 23 24 25 22 23 24 1
1 26 27 28 25 26 27 1
1 27 26 29 26 25 28 1
1 30 31 32 29 30 31 2
1 30 32 33 29 31 32 2
1 10 30 33 33 29 32 2
1 10 34 30 33 34 29 2
1 31 35 36 30 35 36 2
1 31 36 32 30 36 31 2
1 37 38 39 37 38 38 1
1 39 38 40 38 38 39 1
1 41 42 43 40 41 42 1
1 42 41 44 41 40 43 1
1 42 44 45 41 43 44 1
1 44 46 45 43 45 44 1
1 14 13 47 14 13 46 1
1 47 13 48 46 13 47 1
1 49 50 51 48 49 50 1
1 52 53 51 51 52 50 1
1 51 53 49 50 52 48 1
1 53 52 54 52 51 53 1
1 55 9 8 54 9 8 1
1 8 56 55 8 55 54 1
1 57 23 25 56 22 24 1
1 25 58 57 24 57 56 1
1 15 59 60 15 58 59 1
1 61 27 62 60 26 61 1
1 18 63 64 18 62 63 1
1 57 65 23 56 64 22 1
1 65 66 23 64 65 22 1
1 67 68 69 66 67 68 1
1 66 67 69 65 66 68 1
1 66 69 23 65 68 22 1
1 69 70 28 68 69 27 1
1 28 23 69 27 22 68 1
1 70 71 28 69 70 27 1
1 72 73 18 71 72 18 1
1 15 60 74 15 59 73 1
1 74 18 15 73 18 15 1
1 74 75 76 73 74 75 1
1 74 76 72 73 75 71 1
1 74 72 18 73 71 18 1
1 73 77 18 72 76 18 1
1 77 78 16 76 77 16 1
1 16 18 77 16 18 76 1
1 61 79 27 60 78 26 1
1 79 80 27 78 79 26 1
1 80 81 28 79 80 27 1
1 80 28 27 79 27 26 1
1 81 82 28 80 81 27 1
1 83 84 28 82 83 27 1
1 28 82 83 27 81 82 1
1 84 85 23 83 84 22 1
1 23 28 84 22 27 83 1
1 85 86 23 84 85 22 1
1 87 13 15 86 13 15 1
1 18 64 88 18 63 87 1
1 88 15 18 87 15 18 1
1 15 88 89 15 87 88 1
1 89 90 15 88 89 15 1
1 90 91 15 89 90 15 1
1 91 87 15 90 86 15 1
1 87 92 13 86 91 13 1
1 92 93 13 91 92 13 1
1 93 94 13 92 93 13 1
1 95 96 97 94 95 94 1
1 97 98 95 94 96 94 1
1 99 100 101 97 98 99 1
1 101 102 99 99 100 97 1
1 103 100 99 101 98 97 1
1 99 104 103 97 102 101 1
1 105 106 107 103 104 105 1
1 107 108 105 105 106 103 1
1 103 104 106 101 102 104 1
1 106 105 103 104 103 101 1
1 107 109 110 105 107 107 1
1 110 108 107 107 106 105 1
1 111 112 113 108 109 110 1
1 113 114 111 110 108 108 1
1 112 115 116 109 111 112 1
1 116 113 112 112 110 109 1
1 117 118 119 113 114 113 1
1 119 120 117 113 115 113 1
1 121 122 123 116 117 118 1
1 123 124 121 118 118 116 1
1 125 126 122 119 119 117 1
1 122 121 125 117 116 119 1
1 127 128 129 120 121 122 1
1 129 130 127 122 122 120 1
1 131 132 128 123 123 121 1
1 128 127 131 121 120 123 1
1 133 134 135 124 125 126 1
1 135 136 133 126 127 124 1
1 137 138 139 128 129 130 1
1 139 140 137 130 131 128 1
1 141 142 139 132 132 130 1
1 139 138 141 130 129 132 1
1 133 136 143 124 127 133 1
1 143 144 133 133 134 124 1
"Object0312" 1 1
80
1 -7.106149 3.598449 7.318103 0.024553 -1.405559 -1
1 -7.022844 -0.030288 7.346375 0.976303 -1.383710 -1
1 -7.391097 -0.030277 7.346375 0.976300 -1.480296 -1
1 -7.421216 3.598465 7.318094 0.024549 -1.488195 -1
1 -7.421215 3.598291 7.637520 0.975406 -1.488195 -1
1 -7.391097 -0.030418 7.605545 0.023663 -1.480296 -1
1 -7.124250 -0.030431 7.605541 0.023660 -1.410307 -1
1 -7.106149 3.598277 7.637527 0.975402 -1.405559 -1
1 -7.124250 -0.030431 7.605541 0.976340 1.521383 -1
1 -7.022844 -0.030288 7.346375 0.976303 1.453409 -1
1 -7.106149 3.598277 7.637527 0.024599 1.529773 -1
1 -7.106149 3.598449 7.318103 0.024553 1.445993 -1
1 -7.421216 3.598465 7.318094 -0.445991 -1.488195 -1
1 -7.421215 3.598291 7.637520 -0.529770 -1.488195 -1
1 -7.106149 3.598449 7.318103 -0.445993 -1.405559 -1
1 -7.106149 3.598277 7.637527 -0.529773 -1.405559 -1
1 -7.391097 -0.030277 7.346375 0.023700 1.453409 -1
1 -7.391097 -0.030418 7.605545 0.023663 1.521384 -1
1 -7.421216 3.598465 7.318094 0.975451 1.445991 -1
1 -7.421215 3.598291 7.637520 0.975406 1.529770 -1
1 0.176039 -0.030775 7.584880 0.976431 1.515965 -1
1 0.178563 -0.030635 7.327982 0.976394 1.448585 -1
1 0.206510 3.597932 7.617359 0.024689 1.524484 -1
1 0.206257 3.598104 7.301974 0.024644 1.441764 -1
1 -0.085506 -0.030622 7.327477 0.023609 1.448453 -1
1 -0.082982 -0.030762 7.585133 0.023573 1.516031 -1
1 -0.113101 3.598120 7.302221 0.975360 1.441829 -1
1 -0.112848 3.597949 7.617357 0.975315 1.524483 -1
1 -0.082982 -0.030762 7.585133 0.023573 0.436486 -1
1 0.176039 -0.030775 7.584880 0.023569 0.504422 -1
1 -0.112848 3.597949 7.617357 0.975315 0.428653 -1
1 0.206510 3.597932 7.617359 0.975311 0.512414 -1
1 0.206257 3.598104 7.301974 -0.441764 0.512348 -1
1 -0.113101 3.598120 7.302221 -0.441829 0.428587 -1
1 0.206510 3.597932 7.617359 -0.524484 0.512414 -1
1 -0.112848 3.597949 7.617357 -0.524483 0.428653 -1
1 0.178563 -0.030635 7.327982 0.976394 0.505085 -1
1 -0.085506 -0.030622 7.327477 0.976391 0.435824 -1
1 0.206257 3.598104 7.301974 0.024644 0.512348 -1
1 -0.113101 3.598120 7.302221 0.024640 0.428587 -1
1 7.420457 3.597754 7.301975 0.975264 1.441765 -1
1 7.450324 -0.030983 7.318157 0.023515 1.446009 -1
1 7.450324 -0.031128 7.584888 0.023477 1.515967 -1
1 7.420457 3.597581 7.617370 0.975219 1.524487 -1
1 7.739816 3.597566 7.617367 0.024785 1.524486 -1
1 7.709344 -0.031140 7.584888 0.976527 1.515967 -1
1 7.709344 -0.030995 7.318156 0.976489 1.446008 -1
1 7.739816 3.597739 7.301973 0.024740 1.441764 -1
1 7.709344 -0.030995 7.318156 0.976489 2.480268 -1
1 7.450324 -0.030983 7.318157 0.976485 2.412332 -1
1 7.739816 3.597739 7.301973 0.024740 2.488260 -1
1 7.420457 3.597754 7.301975 0.024736 2.404498 -1
1 7.420457 3.597581 7.617370 -0.524487 2.404498 -1
1 7.739816 3.597566 7.617367 -0.524486 2.488260 -1
1 7.420457 3.597754 7.301975 -0.441765 2.404498 -1
1 7.739816 3.597739 7.301973 -0.441764 2.488260 -1
1 7.450324 -0.031128 7.584888 0.023477 2.412331 -1
1 7.709344 -0.031140 7.584888 0.023473 2.480268 -1
1 7.420457 3.597581 7.617370 0.975219 2.404498 -1
1 7.739816 3.597566 7.617367 0.975215 2.488260 -1
1 -7.391091 -0.026320 0.072304 0.024738 -1.480294 -1
1 -7.134089 -0.026333 0.074827 0.024734 -1.412887 -1
1 -7.421211 3.602393 0.104518 0.976481 -1.488194 -1
1 -7.105893 3.602376 0.104268 0.976477 -1.405492 -1
1 -7.133586 -0.026187 -0.189395 0.975228 -1.412755 -1
1 -7.391092 -0.026177 -0.186871 0.975225 -1.480294 -1
1 -7.106144 3.602549 -0.214884 0.023478 -1.405558 -1
1 -7.421463 3.602565 -0.214899 0.023473 -1.488260 -1
1 -7.105893 3.602376 0.104268 1.446061 -1.405492 -1
1 -7.106144 3.602549 -0.214884 1.529768 -1.405558 -1
1 -7.421211 3.602393 0.104518 1.445995 -1.488194 -1
1 -7.421463 3.602565 -0.214899 1.529773 -1.488260 -1
1 -7.134089 -0.026333 0.074827 0.975266 -0.453783 -1
1 -7.133586 -0.026187 -0.189395 0.975228 -0.523083 -1
1 -7.105893 3.602376 0.104268 0.023523 -0.446061 -1
1 -7.106144 3.602549 -0.214884 0.023478 -0.529768 -1
1 -7.391092 -0.026177 -0.186871 0.024775 -0.522421 -1
1 -7.391091 -0.026320 0.072304 0.024738 -0.454444 -1
1 -7.421463 3.602565 -0.214899 0.976527 -0.529773 -1
1 -7.421211 3.602393 0.104518 0.976481 -0.445995 -1
60
0.000013 -0.007792 -0.999970
-0.000000 -0.007791 -0.999970
0.000027 -0.007793 -0.999970
-0.000004 -0.008813 0.999961
0.000014 -0.008811 0.999961
-0.000022 -0.008814 0.999961
0.931223 -0.007857 0.364365
0.982628 0.007681 0.185425
0.999737 0.022951 0.000012
0.000051 1.000000 0.000545
0.000049 1.000000 0.000543
0.000047 1.000000 0.000540
-0.999966 -0.008300 -0.000005
-0.999966 -0.008300 -0.000003
-0.999966 -0.008300 -0.000002
0.999916 -0.008485 0.009820
0.999957 -0.008061 0.004506
0.999970 -0.007637 -0.000807
-0.999924 -0.007536 0.009791
-0.999955 -0.007887 0.005295
-0.999966 -0.008237 0.000799
0.000975 -0.008872 0.999960
0.000484 -0.008911 0.999960
-0.000006 -0.008950 0.999960
0.000053 1.000000 0.000543
0.000052 1.000000 0.000544
0.000051 1.000000 0.000545
0.001910 -0.007182 -0.999972
0.000568 -0.007074 -0.999975
-0.000774 -0.006966 -0.999975
-0.999966 -0.008230 -0.000004
-0.999966 -0.008230 -0.000004
-0.999966 -0.008230 -0.000005
0.999965 -0.008397 -0.000005
0.999965 -0.008397 -0.000005
0.999965 -0.008397 -0.000005
-0.000004 -0.004460 -0.999990
-0.000005 -0.004459 -0.999990
-0.000006 -0.004459 -0.999990
0.000048 1.000000 0.000547
0.000048 1.000000 0.000547
0.000048 1.000000 0.000547
0.000003 -0.008951 0.999960
0.000006 -0.008951 0.999960
0.000009 -0.008950 0.999960
-0.009816 -0.008958 0.999912
-0.004511 -0.008539 0.999953
0.000793 -0.008119 0.999967
-0.009801 -0.006950 -0.999928
-0.004877 -0.007337 -0.999961
0.000048 -0.007723 -0.999970
0.000053 1.000000 0.000542
0.000052 1.000000 0.000541
0.000051 1.000000 0.000540
0.999968 -0.007786 0.001900
0.999970 -0.007677 0.000554
0.999971 -0.007568 -0.000791
-0.999965 -0.008369 -0.000001
-0.999965 -0.008338 0.000392
-0.999965 -0.008307 0.000785
40
1 0 1 2 0 1 0 1
1 0 2 3 0 0 2 1
1 4 5 6 3 4 3 1
1 4 6 7 3 3 5 1
1 8 9 10 6 7 7 1
1 10 9 11 7 7 8 1
1 12 13 14 9 10 10 1
1 14 13 15 10 10 11 1
1 16 17 18 12 13 13 1
1 18 17 19 13 13 14 1
1 20 21 22 15 16 16 1
1 22 21 23 16 16 17 1
1 24 25 26 18 19 19 1
1 26 25 27 19 19 20 1
1 28 29 30 21 22 22 1
1 30 29 31 22 22 23 1
1 32 33 34 24 25 25 1
1 34 33 35 25 25 26 1
1 36 37 38 27 28 28 1
1 38 37 39 28 28 29 1
1 40 41 42 30 31 30 1
1 40 42 43 30 30 32 1
1 44 45 46 33 34 33 1
1 44 46 47 33 33 35 1
1 48 49 50 36 37 37 1
1 50 49 51 37 37 38 1
1 52 53 54 39 40 40 1
1 54 53 55 40 40 41 1
1 56 57 58 42 43 43 1
1 58 57 59 43 43 44 1
1 60 61 62 45 46 46 1
1 62 61 63 46 46 47 1
1 64 65 66 48 49 49 1
1 66 65 67 49 49 50 1
1 68 69 70 51 52 52 1
1 70 69 71 52 52 53 1
1 72 73 74 54 55 55 1
1 74 73 75 55 55 56 1
1 76 77 78 57 58 58 1
1 78 77 79 58 58 59 1
"Object0313" 1 2
48
1 -7.472351 0.742959 7.615798 2.493504 0.727506 -1
1 7.728822 0.742221 7.615817 -1.493480 0.727699 -1
1 -7.472361 0.533931 7.615684 2.493506 0.782330 -1
1 7.728811 0.533191 7.615702 -1.493478 0.782524 -1
1 -7.471493 2.795787 7.618928 2.493279 -0.100913 -1
1 7.728921 2.795047 7.618945 -1.493506 -0.100719 -1
1 -7.471504 2.571146 7.618807 2.493281 -0.041994 -1
1 7.728910 2.570408 7.618824 -1.493503 -0.041800 -1
1 -7.421354 0.542224 -7.625300 2.503140 0.780155 -1
1 -7.421344 0.751254 -7.625192 2.503111 0.725330 -1
1 -7.421345 0.749939 -4.957783 1.803500 0.725675 -1
1 -7.421354 0.573925 -4.962756 1.804804 0.771840 -1
1 -7.421355 0.540911 -4.963689 1.805049 0.780499 -1
1 -7.423527 2.579442 -7.624191 2.502849 -0.044170 -1
1 -7.423517 2.804081 -7.624070 2.502817 -0.103088 -1
1 -7.241693 2.802740 -4.898491 1.787949 -0.102736 -1
1 -7.241826 2.614293 -4.903818 1.789346 -0.053310 -1
1 -7.241910 2.578103 -4.904842 1.789615 -0.043818 -1
1 -7.421351 0.745206 4.638341 -0.713384 0.726916 -1
1 -7.421354 0.742939 7.648317 -1.502845 0.727511 -1
1 -7.421354 0.688306 4.643704 -0.714791 0.741840 -1
1 -7.421363 0.533910 7.648204 -1.502815 0.782335 -1
1 -7.421361 0.536165 4.658045 -0.718552 0.781744 -1
1 -7.199765 2.798139 4.445006 -0.662676 -0.101530 -1
1 -7.423526 2.795767 7.649444 -1.503140 -0.100907 -1
1 -7.199769 2.734138 4.451040 -0.664259 -0.084743 -1
1 -7.423537 2.571127 7.649318 -1.503107 -0.041989 -1
1 -7.199776 2.573487 4.466183 -0.668230 -0.042608 -1
1 -7.450113 0.542224 -7.625300 2.503140 0.780155 -1
1 -7.450113 0.573925 -4.962756 1.804804 0.771840 -1
1 -7.450104 0.749939 -4.957783 1.803500 0.725675 -1
1 -7.450103 0.751254 -7.625192 2.503111 0.725330 -1
1 -7.450114 0.540911 -4.963689 1.805049 0.780499 -1
1 -7.452287 2.579442 -7.624192 2.502849 -0.044170 -1
1 -7.270585 2.614293 -4.903818 1.789346 -0.053310 -1
1 -7.270453 2.802740 -4.898491 1.787949 -0.102736 -1
1 -7.452276 2.804081 -7.624070 2.502817 -0.103088 -1
1 -7.270669 2.578103 -4.904842 1.789615 -0.043818 -1
1 -7.450110 0.745206 4.638341 -0.713384 0.726916 -1
1 -7.450113 0.688306 4.643704 -0.714791 0.741840 -1
1 -7.450113 0.742939 7.648317 -1.502845 0.727511 -1
1 -7.450122 0.533910 7.648204 -1.502815 0.782335 -1
1 -7.450120 0.536165 4.658045 -0.718552 0.781744 -1
1 -7.228524 2.798139 4.445006 -0.662676 -0.101530 -1
1 -7.228528 2.734138 4.451040 -0.664259 -0.084743 -1
1 -7.452285 2.795767 7.649444 -1.503140 -0.100907 -1
1 -7.452296 2.571127 7.649318 -1.503107 -0.041989 -1
1 -7.228535 2.573487 4.466183 -0.668230 -0.042608 -1
46
0.000001 0.000547 -1.000000
0.000001 0.000550 -1.000000
0.000001 0.000552 -1.000000
0.000001 0.000539 -1.000000
0.000001 0.000539 -1.000000
0.000001 0.000539 -1.000000
1.000000 -0.000041 0.000000
1.000000 -0.000046 0.000000
1.000000 -0.000048 0.000001
1.000000 -0.000041 0.000001
1.000000 -0.000029 0.000000
0.997778 0.000249 -0.066620
0.997782 -0.000006 -0.066562
0.998945 0.000198 -0.045923
0.999682 -0.000495 -0.025221
0.999366 -0.001310 -0.035585
1.000000 -0.000044 0.000001
1.000000 -0.000044 0.000001
1.000000 -0.000045 0.000001
1.000000 -0.000046 0.000001
1.000000 -0.000041 0.000001
0.999793 0.001816 0.020241
0.997561 0.003210 0.069726
0.999191 0.002409 0.040147
0.997545 0.003239 0.069958
0.999791 0.001303 0.020392
-1.000000 0.000042 -0.000000
-1.000000 0.000041 -0.000001
-1.000000 0.000048 -0.000001
-1.000000 0.000048 -0.000001
-1.000000 0.000029 -0.000000
-0.997778 -0.000248 0.066620
-0.999682 0.000493 0.025221
-0.998945 -0.000200 0.045923
-0.997782 0.000013 0.066562
-0.999366 0.001310 0.035585
-1.000000 0.000044 -0.000001
-1.000000 0.000045 -0.000001
-1.000000 0.000044 -0.000001
-1.000000 0.000046 -0.000001
-1.000000 0.000041 -0.000001
-0.999793 -0.001818 -0.020241
-0.999191 -0.002409 -0.040147
-0.997561 -0.003210 -0.069726
-0.997545 -0.003239 -0.069958
-0.999791 -0.001303 -0.020392
44
1 0 1 2 0 1 1 1
1 2 1 3 1 1 2 1
1 4 5 6 3 4 4 1
1 6 5 7 4 4 5 1
1 8 9 10 6 7 8 1
1 10 11 8 8 9 6 1
1 8 11 12 6 9 10 1
1 13 14 15 11 12 13 1
1 15 16 13 13 14 11 1
1 13 16 17 11 14 15 1
1 18 19 20 16 17 18 1
1 21 22 20 19 20 18 1
1 20 19 21 18 17 19 1
1 23 24 25 21 22 23 1
1 26 27 25 24 25 23 1
1 25 24 26 23 22 24 1
1 11 10 18 9 8 16 1
1 18 20 11 16 18 9 1
1 22 12 11 20 10 9 1
1 11 20 22 9 18 20 1
1 16 15 23 14 13 21 1
1 23 25 16 21 23 14 1
1 27 17 16 25 15 14 1
1 16 25 27 14 23 25 1
1 28 29 30 26 27 28 1
1 30 31 28 28 29 26 1
1 28 32 29 26 30 27 1
1 33 34 35 31 32 33 1
1 35 36 33 33 34 31 1
1 33 37 34 31 35 32 1
1 38 39 40 36 37 38 1
1 41 40 39 39 38 37 1
1 39 42 41 37 40 39 1
1 43 44 45 41 42 43 1
1 46 45 44 44 43 42 1
1 44 47 46 42 45 44 1
1 29 39 38 27 37 36 1
1 38 30 29 36 28 27 1
1 42 39 29 40 37 27 1
1 29 32 42 27 30 40 1
1 34 44 43 32 42 41 1
1 43 35 34 41 33 32 1
1 47 44 34 45 42 32 1
1 34 37 47 32 35 45 1

Materials: 4
"_2_-_Default"
0.584314 0.584314 0.584314 1.000000
0.584314 0.584314 0.584314 1.000000
0.894118 0.894118 0.894118 1.000000
0.000000 0.000000 0.000000 1.000000
125.440002
1.000000
"MET_2.tga"
""
"_3_-_Default"
0.584314 0.584314 0.584314 1.000000
0.584314 0.584314 0.584314 1.000000
0.894118 0.894118 0.894118 1.000000
0.000000 0.000000 0.000000 1.000000
125.440002
1.000000
"CON_12.tga"
""
"_4_-_Default"
0.584314 0.584314 0.584314 1.000000
0.584314 0.584314 0.584314 1.000000
0.894118 0.894118 0.894118 1.000000
0.000000 0.000000 0.000000 1.000000
125.440002
1.000000
"METALL_3.tga"
""
"Material"
0.117647 0.117647 0.117647 1.000000
0.752941 0.752941 0.752941 1.000000
0.752941 0.752941 0.752941 1.000000
0.000000 0.000000 0.000000 1.000000
125.440002
1.000000
""
""

Bones: 0
GroupComments: 0
MaterialComments: 0
BoneComments: 0
ModelComment: 0
