// MilkShape 3D ASCII

Frames: 30
Frame: 1

Meshes: 3
"Object0111" 1 0
72
1 0.008480 0.152246 14.003803 -3.150583 0.947122 -1
1 0.008633 3.352060 14.217125 -3.206534 0.061232 -1
1 0.008633 3.343107 15.336746 -3.500189 0.063711 -1
1 0.008478 0.151522 15.335011 -3.499734 0.947323 -1
1 0.008637 3.317224 7.445097 -1.430357 0.070876 -1
1 0.008482 0.154315 10.202698 -2.153624 0.946550 -1
1 0.008487 0.159822 0.084593 0.500166 0.945025 -1
1 0.008641 3.370406 2.925698 -0.245003 0.056152 -1
1 0.008642 3.351408 0.086329 0.499711 0.061412 -1
1 -0.059382 3.370417 2.909407 1.240730 0.056149 -1
1 -0.059536 0.159826 0.084593 0.499834 0.945024 -1
1 -0.059387 3.317213 7.467920 2.436343 0.070879 -1
1 -0.059380 3.351412 0.086329 0.500289 0.061411 -1
1 -0.059545 0.151526 15.335011 4.499734 0.947322 -1
1 -0.059389 3.352087 14.217127 4.206534 0.061224 -1
1 -0.059544 0.152250 14.003805 4.150583 0.947121 -1
1 0.008633 3.343107 15.336746 0.499650 0.063711 -1
1 -0.059545 0.151526 15.335011 0.481768 0.947322 -1
1 0.008478 0.151522 15.335011 0.499610 0.947323 -1
1 -0.059392 3.343111 15.336737 0.481809 0.063709 -1
1 0.008642 3.351408 0.086329 0.499654 0.500289 -1
1 -0.059382 3.370417 2.909407 0.481812 1.240730 -1
1 0.008641 3.370406 2.925698 0.499653 1.245003 -1
1 -0.059380 3.351412 0.086329 0.481813 0.500289 -1
1 0.008637 3.317224 7.445097 0.499652 2.430357 -1
1 -0.059387 3.317213 7.467920 0.481810 2.436343 -1
1 0.147636 3.359958 10.227264 0.536109 3.160068 -1
1 0.079614 3.359740 10.227253 0.518268 3.160064 -1
1 0.008646 3.382960 -3.859244 1.534561 0.052677 -1
1 0.008646 3.325525 -7.805321 2.569543 0.068578 -1
1 0.008497 0.168125 -15.166296 4.500189 0.942726 -1
1 0.008652 3.378707 -12.324711 3.754895 0.053854 -1
1 0.008652 3.359710 -15.164560 4.499734 0.059113 -1
1 -0.059371 3.359714 -15.164560 0.518184 0.059112 -1
1 0.008497 0.168125 -15.166296 0.500383 0.942726 -1
1 -0.059527 0.168128 -15.166294 0.518225 0.942725 -1
1 0.008652 3.359710 -15.164560 0.500343 0.059113 -1
1 -0.059371 3.378721 -12.341019 -2.759172 0.053850 -1
1 -0.059527 0.168128 -15.166294 -3.500189 0.942725 -1
1 -0.059378 3.325516 -7.782497 -1.563557 0.068580 -1
1 -0.059371 3.359714 -15.164560 -3.499734 0.059112 -1
1 -0.059376 3.382956 -3.848063 -0.531628 0.052678 -1
1 -0.059376 3.382956 -3.848063 0.481814 -0.531628 -1
1 0.008646 3.382960 -3.859244 0.499655 -0.534561 -1
1 0.008652 3.359710 -15.164560 0.499657 -3.499734 -1
1 -0.059371 3.378721 -12.341019 0.481816 -2.759172 -1
1 0.008652 3.378707 -12.324711 0.499657 -2.754895 -1
1 -0.059371 3.359714 -15.164560 0.481816 -3.499734 -1
1 0.008646 3.325525 -7.805321 0.499655 -1.569543 -1
1 -0.059378 3.325516 -7.782497 0.481814 -1.563557 -1
1 0.147636 3.359958 10.227264 -2.160068 0.059045 -1
1 -0.059542 0.154319 10.202696 3.153623 0.946549 -1
1 0.079614 3.359740 10.227253 3.160064 0.059106 -1
1 -0.326981 3.363206 13.680237 -3.065717 0.058146 -1
1 -0.225413 0.152780 13.334620 -2.975069 0.946975 -1
1 -0.356421 3.363263 13.694756 0.463891 4.069525 -1
1 -0.059389 3.352087 14.217127 0.481809 4.206534 -1
1 0.008633 3.352060 14.217125 0.499650 4.206534 -1
1 -0.326981 3.363206 13.680237 0.471613 4.065717 -1
1 -0.356421 3.363263 13.694756 4.069526 0.058130 -1
1 -0.293437 0.152783 13.334620 3.975069 0.946974 -1
1 -0.059392 3.343111 15.336737 4.500187 0.063709 -1
1 0.008633 3.343107 15.336746 0.499650 4.500189 -1
1 -0.059392 3.343111 15.336737 0.481809 4.500187 -1
1 0.008482 0.154315 10.202698 0.499611 0.946550 -1
1 0.147636 3.359958 10.227264 0.536109 0.059045 -1
1 0.079614 3.359740 10.227253 0.518268 0.059106 -1
1 -0.059542 0.154319 10.202696 0.481770 0.946549 -1
1 -0.326981 3.363206 13.680237 0.528387 0.058146 -1
1 -0.225413 0.152780 13.334620 0.498542 0.946975 -1
1 -0.293437 0.152783 13.334620 0.516383 0.946974 -1
1 -0.356421 3.363263 13.694756 0.536109 0.058130 -1
68
1.000000 -0.000048 0.000000
1.000000 -0.000048 -0.000000
1.000000 -0.000048 0.000001
0.999762 -0.014352 -0.016406
0.999466 -0.021506 -0.024610
1.000000 -0.000048 0.000001
1.000000 -0.000048 0.000000
1.000000 -0.000049 0.000001
-1.000000 0.000048 -0.000001
-1.000000 0.000049 -0.000001
-0.999760 0.014352 0.016542
-1.000000 0.000049 -0.000001
-1.000000 0.000048 -0.000002
-0.985465 -0.011253 0.169503
-0.959305 -0.030110 0.280761
-0.000070 -0.000542 1.000000
-0.000000 -0.000544 1.000000
-0.000140 -0.000541 1.000000
0.000782 0.999999 0.000648
0.000728 0.999997 0.002504
-0.000454 0.999997 0.002538
0.000056 1.000000 0.000643
-0.001374 0.999995 0.002780
-0.001555 0.999979 -0.006226
-0.004214 0.999876 -0.015173
-0.003208 0.999879 -0.015248
1.000000 -0.000049 0.000001
1.000000 -0.000049 0.000001
1.000000 -0.000049 0.000001
1.000000 -0.000049 0.000001
1.000000 -0.000049 0.000000
-0.000014 0.000544 -1.000000
-0.000028 0.000543 -1.000000
0.000000 0.000544 -1.000000
-1.000000 0.000049 -0.000001
-1.000000 0.000049 -0.000001
-1.000000 0.000049 -0.000001
-1.000000 0.000049 -0.000000
-1.000000 0.000049 -0.000000
-0.000380 1.000000 0.000472
-0.002069 0.999973 -0.007052
0.000928 0.999977 -0.006710
0.000755 0.999997 0.002504
-0.000412 0.999997 0.002539
0.000056 0.999977 -0.006731
-0.001282 0.999995 0.002962
-0.001225 0.999982 -0.005827
0.997866 -0.042940 -0.049195
-0.999461 0.021505 0.024815
-0.997846 0.042939 0.049604
0.900503 0.050557 -0.431900
0.942005 0.065242 -0.329197
0.004859 0.999825 0.018049
0.000290 0.999923 0.012391
0.003375 0.999886 0.014698
0.009310 0.999845 0.014938
0.847759 0.035240 -0.529210
-0.909584 -0.044332 0.413149
-0.942562 -0.055442 0.329399
-1.000000 0.000048 -0.000002
0.000231 0.999968 0.008006
0.000055 0.999968 0.008017
-0.000086 -0.007658 0.999971
-0.000144 -0.007657 0.999971
-0.000028 -0.007660 0.999971
-0.225993 0.101933 -0.968781
0.000006 0.107036 -0.994255
-0.440296 0.091554 -0.893173
52
1 0 1 2 0 1 0 1
1 2 3 0 0 2 0 1
1 4 5 6 3 4 5 1
1 6 7 4 5 6 3 1
1 6 8 7 5 7 6 1
1 9 10 11 8 9 10 1
1 9 12 10 8 11 9 1
1 13 14 15 12 13 14 1
1 16 17 18 15 15 16 1
1 19 17 16 17 15 15 1
1 20 21 22 18 19 20 1
1 20 23 21 18 21 19 1
1 24 21 25 22 19 23 1
1 22 21 24 20 19 22 1
1 25 26 24 23 24 22 1
1 25 27 26 23 25 24 1
1 6 28 8 5 26 7 1
1 29 6 30 27 5 28 1
1 28 6 29 26 5 27 1
1 30 31 29 28 29 27 1
1 30 32 31 28 30 29 1
1 33 34 35 31 31 32 1
1 36 34 33 33 31 31 1
1 37 38 39 34 35 36 1
1 37 40 38 34 37 35 1
1 10 39 38 9 36 35 1
1 10 41 39 9 38 36 1
1 41 10 12 38 9 11 1
1 42 20 43 39 18 40 1
1 42 23 20 39 21 18 1
1 44 45 46 41 42 43 1
1 44 47 45 41 44 42 1
1 48 45 49 45 42 46 1
1 46 45 48 43 42 45 1
1 49 43 48 46 40 45 1
1 49 42 43 46 39 40 1
1 5 4 50 4 3 47 1
1 51 11 10 48 10 9 1
1 52 11 51 49 10 48 1
1 53 0 54 50 50 51 2
1 55 56 57 52 53 54 1
1 57 58 55 54 55 52 1
1 0 53 1 50 50 56 2
1 15 14 59 14 13 57 1
1 59 60 15 57 58 14 1
1 14 13 61 13 12 59 1
1 56 62 57 53 60 54 1
1 56 63 62 53 61 60 1
1 64 65 66 62 63 62 1
1 66 67 64 62 64 62 1
1 68 69 70 65 66 65 1
1 70 71 68 65 67 65 1
"Object0112" 1 1
80
1 0.041124 3.665376 15.132940 0.974266 3.446049 -1
1 0.071299 0.036520 15.419750 0.022485 3.521274 -1
1 0.041125 3.665203 15.452007 0.974220 3.529734 -1
1 0.071299 0.036661 15.160782 0.022522 3.453351 -1
1 0.356349 3.665360 15.132954 -2.446052 0.541336 -1
1 0.041125 3.665203 15.452007 -2.529734 0.458659 -1
1 0.356349 3.665186 15.452011 -2.529735 0.541336 -1
1 0.041124 3.665376 15.132940 -2.446049 0.458659 -1
1 0.356349 3.665186 15.452011 0.025784 3.529735 -1
1 0.338168 0.036648 15.160788 0.977482 3.453353 -1
1 0.356349 3.665360 15.132954 0.025738 3.446052 -1
1 0.338168 0.036505 15.419765 0.977519 3.521278 -1
1 0.041125 3.665203 15.452007 0.974220 0.458659 -1
1 0.338168 0.036505 15.419765 0.022481 0.536568 -1
1 0.356349 3.665186 15.452011 0.974216 0.541336 -1
1 0.071299 0.036520 15.419750 0.022485 0.466573 -1
1 0.356349 3.665360 15.132954 0.025738 0.541336 -1
1 0.071299 0.036661 15.160782 0.977478 0.466573 -1
1 0.041124 3.665376 15.132940 0.025734 0.458659 -1
1 0.338168 0.036648 15.160788 0.977482 0.536568 -1
1 0.356412 3.669343 7.814187 0.024694 1.553850 -1
1 0.328769 0.040751 7.520635 0.976406 1.476857 -1
1 0.356289 3.669459 7.495135 0.024663 1.470169 -1
1 0.328365 0.040606 7.784739 0.976444 1.546126 -1
1 0.041188 3.669302 7.814197 -0.553852 0.458676 -1
1 0.356289 3.669459 7.495135 -0.470169 0.541321 -1
1 0.041064 3.669474 7.495131 -0.470168 0.458643 -1
1 0.356412 3.669343 7.814187 -0.553850 0.541353 -1
1 0.041064 3.669474 7.495131 0.975341 1.470168 -1
1 0.071350 0.040619 7.782404 0.023560 1.545514 -1
1 0.041188 3.669302 7.814197 0.975296 1.553852 -1
1 0.071252 0.040760 7.522973 0.023597 1.477470 -1
1 0.356289 3.669459 7.495135 0.024663 0.541321 -1
1 0.071252 0.040760 7.522973 0.976403 0.466561 -1
1 0.041064 3.669474 7.495131 0.024659 0.458643 -1
1 0.328769 0.040751 7.520635 0.976406 0.534103 -1
1 0.041188 3.669302 7.814197 0.975296 0.458676 -1
1 0.328365 0.040606 7.784739 0.023556 0.533997 -1
1 0.356412 3.669343 7.814187 0.975306 0.541353 -1
1 0.071350 0.040619 7.782404 0.023560 0.466587 -1
1 0.041134 3.673679 -0.221845 0.976444 -0.553851 -1
1 0.071309 0.044820 0.065438 0.024662 -0.478502 -1
1 0.041135 3.673503 0.097222 0.976398 -0.470166 -1
1 0.071309 0.044962 -0.194001 0.024699 -0.546548 -1
1 0.356359 3.673662 -0.221842 1.553850 0.541340 -1
1 0.041135 3.673503 0.097222 1.470166 0.458662 -1
1 0.356359 3.673486 0.097226 1.470165 0.541340 -1
1 0.041134 3.673679 -0.221845 1.553851 0.458662 -1
1 0.356359 3.673486 0.097226 0.023606 -0.470165 -1
1 0.338179 0.044947 -0.193997 0.975305 -0.546547 -1
1 0.356359 3.673662 -0.221842 0.023560 -0.553850 -1
1 0.338179 0.044807 0.065442 0.975342 -0.478501 -1
1 0.041135 3.673503 0.097222 0.976398 0.458662 -1
1 0.338179 0.044807 0.065442 0.024658 0.536571 -1
1 0.356359 3.673486 0.097226 0.976394 0.541340 -1
1 0.071309 0.044820 0.065438 0.024662 0.466576 -1
1 0.356359 3.673662 -0.221842 0.023560 0.541340 -1
1 0.071309 0.044962 -0.194001 0.975301 0.466576 -1
1 0.041134 3.673679 -0.221845 0.023556 0.458662 -1
1 0.338179 0.044947 -0.193997 0.975305 0.536571 -1
1 0.356422 3.677646 -7.436240 0.022516 -2.446052 -1
1 0.328778 0.049052 -7.729784 0.974228 -2.523043 -1
1 0.356298 3.677763 -7.755293 0.022485 -2.529734 -1
1 0.328375 0.048907 -7.465679 0.974266 -2.453774 -1
1 0.041198 3.677604 -7.435770 3.445929 0.458679 -1
1 0.356298 3.677763 -7.755293 3.529734 0.541324 -1
1 0.041073 3.677778 -7.755296 3.529735 0.458647 -1
1 0.356422 3.677646 -7.436240 3.446052 0.541357 -1
1 0.041073 3.677778 -7.755296 0.977519 -2.529735 -1
1 0.071358 0.048921 -7.468015 0.025737 -2.454386 -1
1 0.041198 3.677604 -7.435770 0.977473 -2.445929 -1
1 0.071262 0.049062 -7.726984 0.025774 -2.522309 -1
1 0.356298 3.677763 -7.755293 0.022485 0.541324 -1
1 0.071262 0.049062 -7.726984 0.974226 0.466564 -1
1 0.041073 3.677778 -7.755296 0.022481 0.458647 -1
1 0.328778 0.049052 -7.729784 0.974228 0.534106 -1
1 0.041198 3.677604 -7.435770 0.977473 0.458679 -1
1 0.328375 0.048907 -7.465679 0.025734 0.534001 -1
1 0.356422 3.677646 -7.436240 0.977484 0.541357 -1
1 0.071358 0.048921 -7.468015 0.025737 0.466590 -1
60
-0.999965 -0.008315 -0.000003
-0.999965 -0.008315 -0.000001
-0.999965 -0.008315 -0.000005
0.000053 1.000000 0.000545
0.000054 1.000000 0.000547
0.000051 1.000000 0.000544
0.999987 -0.005010 -0.000003
0.999987 -0.005010 -0.000003
0.999987 -0.005010 -0.000003
-0.000035 -0.008888 0.999960
-0.000013 -0.008886 0.999961
-0.000058 -0.008890 0.999960
0.000031 -0.007671 -0.999971
0.000042 -0.007672 -0.999971
0.000021 -0.007670 -0.999971
0.999970 -0.007664 0.000568
0.999971 -0.007586 -0.000390
0.999969 -0.007741 0.001526
-0.000041 1.000000 0.000453
0.000048 1.000000 0.000541
-0.000130 1.000000 0.000365
-0.999965 -0.008315 0.000379
-0.999965 -0.008315 0.000385
-0.999965 -0.008316 0.000374
-0.004534 -0.007315 -0.999963
0.000010 -0.007672 -0.999971
-0.009078 -0.006958 -0.999935
-0.004526 -0.008476 0.999954
0.000031 -0.008115 0.999967
-0.009083 -0.008836 0.999920
-0.999965 -0.008315 -0.000003
-0.999965 -0.008315 -0.000001
-0.999965 -0.008315 -0.000005
0.000053 1.000000 0.000551
0.000051 1.000000 0.000550
0.000054 1.000000 0.000553
0.999987 -0.005010 -0.000003
0.999987 -0.005010 -0.000003
0.999987 -0.005010 -0.000003
-0.000013 -0.008759 0.999962
-0.000013 -0.008759 0.999962
-0.000014 -0.008759 0.999962
0.000012 -0.007673 -0.999971
0.000011 -0.007673 -0.999971
0.000013 -0.007673 -0.999971
0.999970 -0.007664 0.000565
0.999971 -0.007587 -0.000390
0.999969 -0.007741 0.001519
-0.000042 1.000000 0.000454
0.000048 1.000000 0.000543
-0.000133 1.000000 0.000365
-0.999965 -0.008316 0.000377
-0.999965 -0.008315 0.000386
-0.999965 -0.008316 0.000368
-0.005431 -0.007375 -0.999958
0.000009 -0.007802 -0.999970
-0.010871 -0.006947 -0.999917
-0.003798 -0.008543 0.999956
0.001494 -0.008124 0.999966
-0.009091 -0.008961 0.999919
40
1 0 1 2 0 0 1 1
1 3 1 0 2 0 0 1
1 4 5 6 3 3 4 1
1 7 5 4 5 3 3 1
1 8 9 10 6 6 7 1
1 11 9 8 8 6 6 1
1 12 13 14 9 9 10 1
1 12 15 13 9 11 9 1
1 16 17 18 12 12 13 1
1 16 19 17 12 14 12 1
1 20 21 22 15 15 16 1
1 23 21 20 17 15 15 1
1 24 25 26 18 18 19 1
1 27 25 24 20 18 18 1
1 28 29 30 21 21 22 1
1 31 29 28 23 21 21 1
1 32 33 34 24 24 25 1
1 35 33 32 26 24 24 1
1 36 37 38 27 27 28 1
1 39 37 36 29 27 27 1
1 40 41 42 30 30 31 1
1 43 41 40 32 30 30 1
1 44 45 46 33 33 34 1
1 47 45 44 35 33 33 1
1 48 49 50 36 36 37 1
1 51 49 48 38 36 36 1
1 52 53 54 39 39 40 1
1 52 55 53 39 41 39 1
1 56 57 58 42 42 43 1
1 56 59 57 42 44 42 1
1 60 61 62 45 45 46 1
1 63 61 60 47 45 45 1
1 64 65 66 48 48 49 1
1 67 65 64 50 48 48 1
1 68 69 70 51 51 52 1
1 71 69 68 53 51 51 1
1 72 73 74 54 54 55 1
1 75 73 72 56 54 54 1
1 76 77 78 57 57 58 1
1 79 77 76 59 57 57 1
"Object0113" 1 2
20
1 0.038912 2.646343 0.085944 0.499871 -0.213983 -1
1 0.156552 2.864936 10.158718 -2.142029 -0.271315 -1
1 0.156540 2.640292 10.149538 -2.139621 -0.212396 -1
1 0.038924 2.870991 0.086066 0.499839 -0.272903 -1
1 0.041025 0.609063 0.084832 0.500163 1.000358 -1
1 0.041028 0.812142 9.814089 -2.051640 0.947094 -1
1 0.041018 0.603057 9.805546 -2.049398 1.001933 -1
1 0.041035 0.818150 0.084949 0.500132 0.945518 -1
1 0.038923 2.654644 -15.164474 4.499771 -0.216160 -1
1 0.038933 2.879292 -15.164352 4.499740 -0.275081 -1
1 0.041033 0.617365 -15.165586 4.500063 0.998181 -1
1 0.041044 0.826452 -15.165468 4.500032 0.943341 -1
1 0.038903 2.638041 15.336370 -3.500031 -0.211805 -1
1 0.038906 2.639945 14.257915 -3.217172 -0.212304 -1
1 0.038916 2.864592 14.258415 -3.217303 -0.271225 -1
1 0.038915 2.862689 15.336494 -3.500063 -0.270726 -1
1 0.041016 0.600761 15.335260 -3.499739 1.002536 -1
1 0.041017 0.602666 14.260258 -3.217787 1.002036 -1
1 0.041027 0.811754 14.260723 -3.217908 0.947196 -1
1 0.041025 0.809850 15.335367 -3.499767 0.947696 -1
18
0.999970 0.000110 -0.007788
0.999932 0.000191 -0.011682
0.999932 0.000426 -0.011687
0.999992 -0.000047 -0.003892
1.000000 -0.000047 0.000001
1.000000 -0.000048 0.000001
1.000000 -0.000049 0.000001
1.000000 -0.000047 0.000001
1.000000 -0.000049 0.000001
1.000000 -0.000046 0.000001
1.000000 -0.000048 0.000001
1.000000 -0.000049 0.000001
1.000000 -0.000047 0.000002
1.000000 -0.000043 0.000003
1.000000 -0.000051 0.000001
1.000000 -0.000046 0.000002
1.000000 -0.000049 0.000001
1.000000 -0.000043 0.000002
12
1 0 1 2 0 1 2 1
1 3 1 0 3 1 0 1
1 4 5 6 4 5 6 1
1 7 5 4 7 5 4 1
1 8 3 0 8 3 0 1
1 9 3 8 9 3 8 1
1 10 7 4 10 7 4 1
1 11 7 10 11 7 10 1
1 12 13 14 12 13 12 1
1 14 15 12 12 14 12 1
1 16 17 18 15 16 15 1
1 18 19 16 15 17 15 1

Materials: 4
"_2_-_Default"
0.584314 0.584314 0.584314 1.000000
0.584314 0.584314 0.584314 1.000000
0.894118 0.894118 0.894118 1.000000
0.000000 0.000000 0.000000 1.000000
125.440002
1.000000
"MET_2.tga"
""
"_3_-_Default"
0.584314 0.584314 0.584314 1.000000
0.584314 0.584314 0.584314 1.000000
0.894118 0.894118 0.894118 1.000000
0.000000 0.000000 0.000000 1.000000
125.440002
1.000000
"CON_12.tga"
""
"_4_-_Default"
0.584314 0.584314 0.584314 1.000000
0.584314 0.584314 0.584314 1.000000
0.894118 0.894118 0.894118 1.000000
0.000000 0.000000 0.000000 1.000000
125.440002
1.000000
"METALL_3.tga"
""
"Material"
0.117647 0.117647 0.117647 1.000000
0.752941 0.752941 0.752941 1.000000
0.752941 0.752941 0.752941 1.000000
0.000000 0.000000 0.000000 1.000000
125.440002
1.000000
""
""

Bones: 0
GroupComments: 0
MaterialComments: 0
BoneComments: 0
ModelComment: 0
