// MilkShape 3D ASCII

Frames: 30
Frame: 1

Meshes: 1
"MDL-cube1" 1 0
24
1 -10.694192 0.040953 -22.063778 0.709817 0.680835 -1
1 10.694192 8.403498 -22.063778 0.004179 0.404941 -1
1 10.694192 0.040953 -22.063778 0.004179 0.680835 -1
1 -10.694192 8.403498 -22.063778 0.709817 0.404941 -1
1 -10.694192 0.040953 -22.063778 0.000000 1.000000 -1
1 10.694192 0.040947 22.063774 1.000000 0.000000 -1
1 -10.694192 0.040947 22.063774 0.000000 0.000000 -1
1 10.694192 0.040953 -22.063778 1.000000 1.000000 -1
1 -10.694192 0.040953 -22.063778 0.013454 0.197183 -1
1 -10.694192 8.403492 22.063774 0.986546 0.009862 -1
1 -10.694192 8.403498 -22.063778 0.013454 0.009862 -1
1 -10.694192 0.040947 22.063774 0.986546 0.197183 -1
1 10.694192 0.040953 -22.063778 0.994544 0.394065 -1
1 10.694192 8.403492 22.063774 0.005456 0.206625 -1
1 10.694192 0.040947 22.063774 0.005456 0.394065 -1
1 10.694192 8.403498 -22.063778 0.994544 0.206625 -1
1 -10.694192 8.403498 -22.063778 0.726538 0.416163 -1
1 10.694192 8.403492 22.063774 0.984639 0.948664 -1
1 10.694192 8.403498 -22.063778 0.984639 0.416163 -1
1 -10.694192 8.403492 22.063774 0.726538 0.948664 -1
1 -10.694192 0.040947 22.063774 0.006146 0.967021 -1
1 10.694192 8.403492 22.063774 0.714604 0.690025 -1
1 -10.694192 8.403492 22.063774 0.006146 0.690025 -1
1 10.694192 0.040947 22.063774 0.714604 0.967021 -1
6
0.000000 0.000000 -1.000000
0.000000 -1.000000 -0.000000
-1.000000 0.000000 0.000000
1.000000 0.000000 0.000000
0.000000 1.000000 0.000000
0.000000 0.000000 1.000000
12
1 0 1 2 0 0 0 1
1 0 3 1 0 0 0 1
1 4 5 6 1 1 1 1
1 4 7 5 1 1 1 1
1 8 9 10 2 2 2 1
1 8 11 9 2 2 2 1
1 12 13 14 3 3 3 1
1 12 15 13 3 3 3 1
1 16 17 18 4 4 4 1
1 16 19 17 4 4 4 1
1 20 21 22 5 5 5 1
1 20 23 21 5 5 5 1

Materials: 1
"DefaultLib_Mater"
0.298039 0.298039 0.298039 1.000000
0.698039 0.698039 0.698039 1.000000
1.000000 1.000000 1.000000 1.000000
0.000000 0.000000 0.000000 1.000000
125.440002
1.000000
"lager_2.tga"
""

Bones: 0
GroupComments: 0
MaterialComments: 0
BoneComments: 0
ModelComment: 0
