// MilkShape 3D ASCII

Frames: 30
Frame: 1

Meshes: 1
"MDL-polym1" 1 0
145
1 -9.623026 0.068800 -14.104649 0.098254 0.651412 -1
1 -1.529560 0.081859 -14.104649 0.017883 0.678218 -1
1 -1.529560 0.068800 -14.104649 0.017883 0.678437 -1
1 -9.623026 0.081859 -14.104649 0.098254 0.651215 -1
1 -1.529560 0.068800 -9.709297 0.026333 0.737107 -1
1 -9.623026 0.068800 -9.709297 0.128924 0.682245 -1
1 -9.623026 0.068800 -14.104649 0.199809 0.407856 -1
1 -9.623026 1.910410 -9.709297 0.296267 0.368587 -1
1 -9.623026 0.081859 -14.104649 0.199809 0.407577 -1
1 -9.623026 0.068800 -9.709297 0.296267 0.407856 -1
1 -1.529560 1.910410 -9.709297 0.026333 0.699427 -1
1 -9.623026 0.081859 -14.104649 0.907787 0.993762 -1
1 -1.529560 1.910410 -9.709297 0.766332 0.957499 -1
1 -1.529560 0.081859 -14.104649 0.766332 0.993762 -1
1 -9.623026 1.910410 -9.709297 0.907787 0.957499 -1
1 -9.623026 1.910410 -9.709297 0.128924 0.649093 -1
1 -13.952028 0.123529 6.377695 0.985502 0.993563 -1
1 9.984965 9.653103 6.377696 0.573246 0.827276 -1
1 9.984965 0.123529 6.377695 0.573246 0.993563 -1
1 -13.952028 9.653103 6.377696 0.985502 0.827276 -1
1 -13.952028 0.123529 6.377695 0.323345 0.659136 -1
1 9.984965 0.123528 21.378662 0.568006 0.608055 -1
1 -13.952028 0.123528 21.378662 0.409814 0.600706 -1
1 9.984965 0.123529 6.377695 0.653469 0.694432 -1
1 -13.952028 0.123529 6.377695 0.649277 0.406503 -1
1 -13.952028 9.653103 21.378662 0.978478 0.203306 -1
1 -13.952028 9.653103 6.377696 0.649277 0.203306 -1
1 -13.952028 0.123528 21.378662 0.978478 0.406503 -1
1 9.984965 0.123529 6.377695 0.324370 0.988891 -1
1 9.984965 9.653103 21.378662 0.487583 0.826210 -1
1 9.984965 0.123528 21.378662 0.487583 0.988890 -1
1 9.984965 9.653103 6.377696 0.324370 0.826210 -1
1 -14.005867 17.177860 14.716014 0.931909 0.667138 -1
1 9.984965 13.926353 21.245014 0.986343 0.466899 -1
1 9.931126 17.177860 14.716014 0.931909 0.467348 -1
1 -13.952028 13.926353 21.245014 0.986343 0.666689 -1
1 -13.952028 0.123528 21.378662 0.608260 0.654472 -1
1 9.984965 9.653103 21.378662 0.099441 0.529408 -1
1 -13.952028 9.653103 21.378662 0.608260 0.529408 -1
1 9.984965 0.123528 21.378662 0.099441 0.654472 -1
1 -13.952028 13.926353 21.245014 0.975545 0.097788 -1
1 -14.005867 17.177860 14.716014 0.832264 0.042856 -1
1 9.984965 13.926353 21.245014 0.099441 0.473316 -1
1 -13.952028 13.926353 21.245014 0.608260 0.473316 -1
1 9.984965 9.653103 21.378662 0.487583 0.900866 -1
1 9.931126 17.177860 14.716014 0.415092 0.772409 -1
1 9.984965 13.926353 21.245014 0.486129 0.827916 -1
1 9.984965 9.653103 6.377696 0.324370 0.900866 -1
1 9.984965 9.653103 6.377696 0.862391 0.466899 -1
1 -13.952028 9.653103 6.377696 0.862391 0.666689 -1
1 -4.067634 0.031651 -15.998134 0.811306 0.990362 -1
1 0.480020 10.213469 -15.998134 0.731824 0.812694 -1
1 0.480020 0.031651 -15.998134 0.731824 0.990362 -1
1 -4.067634 10.213469 -15.998134 0.811306 0.812694 -1
1 -4.067634 0.031651 -15.998134 0.040975 0.657202 -1
1 0.480020 0.031651 14.528956 0.505065 0.664929 -1
1 -4.067634 0.031651 14.528956 0.458064 0.660230 -1
1 0.480020 0.031651 -15.998134 0.995056 0.661630 -1
1 -4.067634 0.031651 -15.998134 0.158288 0.408886 -1
1 -4.067634 10.213469 14.528956 0.828216 0.191781 -1
1 -4.067634 10.213469 -15.998134 0.158288 0.191782 -1
1 -4.067634 0.031651 14.528956 0.828216 0.408885 -1
1 14.005867 0.031651 -15.998134 0.080929 0.990524 -1
1 14.005867 10.213469 14.528956 0.413069 0.816709 -1
1 14.005867 0.031651 14.528956 0.413069 0.990524 -1
1 14.005867 10.213469 -15.998134 0.080929 0.816709 -1
1 4.070230 17.232563 -15.998134 0.675838 0.516266 -1
1 10.120823 17.232563 14.528956 0.930350 0.465765 -1
1 10.120823 17.232563 -15.998134 0.675838 0.465765 -1
1 4.070230 17.232563 14.528956 0.930350 0.516266 -1
1 -4.067634 10.213469 14.528956 0.398151 0.521518 -1
1 -4.067634 0.031651 14.528956 0.398151 0.655142 -1
1 14.005867 10.213469 14.528956 0.013970 0.521518 -1
1 0.480020 0.031651 14.528956 0.301484 0.655142 -1
1 14.005867 0.031651 14.528956 0.013970 0.655142 -1
1 -4.067634 10.213469 -15.998134 0.675838 0.584189 -1
1 0.445991 14.198605 14.528956 0.930350 0.546516 -1
1 0.445991 14.198605 -15.998134 0.675838 0.546516 -1
1 -4.067634 10.213469 14.528956 0.930350 0.584189 -1
1 14.005867 13.630745 14.528956 0.013970 0.476671 -1
1 0.445991 14.198605 14.528956 0.302207 0.469218 -1
1 14.005867 13.630745 -15.998134 0.080929 0.758373 -1
1 14.005867 13.630745 14.528956 0.413069 0.758372 -1
1 14.005867 10.213469 -22.477505 0.498890 0.818947 -1
1 0.445991 14.198605 -22.477505 0.728965 0.750351 -1
1 14.005867 13.630745 -22.477505 0.498890 0.760125 -1
1 0.480020 10.213469 -22.477505 0.728388 0.818947 -1
1 10.120823 17.232563 14.528956 0.096553 0.429401 -1
1 4.070230 17.232563 14.528956 0.225168 0.429401 -1
1 14.005867 13.630745 14.528956 0.930350 0.433339 -1
1 14.005867 13.630745 -15.998134 0.675838 0.433339 -1
1 4.070230 17.232563 -22.477505 0.667471 0.698128 -1
1 10.120823 17.232563 -22.477505 0.564809 0.698128 -1
1 14.005867 0.031651 -15.998134 0.882790 0.624518 -1
1 14.005867 0.031651 14.528956 0.619134 0.626003 -1
1 0.480020 0.031650 -22.477509 0.728388 0.994205 -1
1 14.005867 0.031650 -22.477509 0.498890 0.994205 -1
1 0.445991 14.198605 -15.998134 0.732418 0.743155 -1
1 0.480020 10.213469 -15.998134 0.154163 0.191976 -1
1 0.445991 14.198605 -22.477505 0.020274 0.107001 -1
1 0.480020 10.213469 -22.477505 0.020274 0.191976 -1
1 0.445991 14.198605 -15.998134 0.154163 0.107001 -1
1 4.070230 17.232563 -22.477505 0.621817 0.516266 -1
1 0.445991 14.198605 -22.477505 0.621817 0.546516 -1
1 10.120823 17.232563 -22.477505 0.621817 0.465765 -1
1 14.005867 13.630745 -22.477505 0.621817 0.433339 -1
1 14.005867 10.213469 -22.477505 0.010433 0.816709 -1
1 14.005867 13.630745 -22.477505 0.010433 0.758373 -1
1 14.005867 0.031650 -22.477509 0.010433 0.990524 -1
1 0.480020 0.031650 -22.477509 0.996517 0.618950 -1
1 14.005867 0.031650 -22.477509 0.909536 0.601616 -1
1 0.480020 0.031651 -15.998134 0.154163 0.409081 -1
1 0.480020 0.031650 -22.477509 0.020274 0.409081 -1
1 -9.623026 0.068800 -9.687850 0.129110 0.682406 -1
1 -1.529560 1.910410 -9.687850 0.026394 0.699772 -1
1 -1.529560 0.068800 -9.687850 0.026394 0.737469 -1
1 -9.623026 1.910410 -9.687850 0.129110 0.649235 -1
1 -1.529560 0.068801 0.584223 0.351512 0.930363 -1
1 -9.623026 0.068801 0.584223 0.268663 0.730384 -1
1 -9.623026 0.068800 -9.687850 0.296738 0.407856 -1
1 -9.623026 1.910411 0.584223 0.522162 0.368587 -1
1 -9.623026 1.910410 -9.687850 0.296738 0.368587 -1
1 -9.623026 0.068801 0.584223 0.522162 0.407856 -1
1 -1.529560 1.910411 0.584223 0.351512 0.912143 -1
1 -9.623026 1.910410 -9.687850 0.728448 0.630557 -1
1 -1.529560 1.910411 0.584223 0.814089 0.563005 -1
1 -1.529560 1.910410 -9.687850 0.728448 0.563005 -1
1 -9.623026 1.910411 0.584223 0.814089 0.630557 -1
1 -9.623026 1.910411 0.584223 0.268663 0.693051 -1
1 -9.566105 5.566355 -9.125717 0.907407 0.896817 -1
1 -1.586481 6.924136 -9.125717 0.767941 0.873125 -1
1 -1.568471 6.808142 -9.125717 0.767627 0.875149 -1
1 -9.584115 5.682349 -9.125717 0.907722 0.894793 -1
1 -9.566105 5.566355 -9.125717 0.133675 0.574562 -1
1 -1.568471 6.808142 -0.535003 0.251463 0.773921 -1
1 -9.566105 5.566355 -0.535003 0.250240 0.598720 -1
1 -1.568471 6.808142 -9.125717 0.028789 0.565645 -1
1 -9.584115 5.682348 -0.535003 0.250239 0.595039 -1
1 -9.584115 5.682349 -9.125717 0.133823 0.571765 -1
1 -1.586481 6.924136 -0.535003 0.251447 0.761727 -1
1 -1.586481 6.924136 -9.125717 0.029112 0.561555 -1
1 -9.584115 5.682349 -9.125717 0.733135 0.630232 -1
1 -1.586481 6.924136 -0.535003 0.804758 0.563480 -1
1 -1.586481 6.924136 -9.125717 0.733135 0.563480 -1
1 -9.584115 5.682348 -0.535003 0.804758 0.630232 -1
53
0.000000 0.000000 -1.000000
0.000000 -1.000000 0.000000
-1.000000 0.000000 0.000000
1.000000 0.000000 0.000000
0.000000 0.923289 -0.384106
0.000000 0.000000 1.000000
0.000000 0.000000 -1.000000
0.000000 -1.000000 -0.000000
-0.999993 -0.003499 0.001006
0.000000 0.895139 0.445788
0.000000 0.895139 0.445788
0.000000 0.010421 0.999946
0.000000 0.020842 0.999783
-0.999985 -0.005249 0.001509
-0.999940 -0.010498 0.003017
0.000000 0.031260 0.999511
0.999985 0.003446 -0.004188
0.999965 -0.000262 -0.008376
0.999974 0.007155 0.000000
0.000000 0.742396 -0.669961
0.000000 -1.000000 0.000000
0.000000 -1.000000 0.000000
-0.226000 0.974127 0.000000
0.241379 0.970431 0.000000
0.482757 0.875754 0.000000
-0.451999 0.892018 0.000000
-0.661857 0.749630 0.000000
-0.655256 0.755407 0.000000
-0.645928 0.763398 0.000000
0.000000 0.000000 -1.000000
0.679871 0.733332 0.000000
0.000000 -1.000000 0.000000
0.000000 0.000000 -1.000000
-0.999984 -0.005692 0.000000
-0.999964 -0.008539 0.000000
-0.999996 -0.002846 0.000000
-0.451999 0.892018 0.000000
-0.641901 0.766788 0.000000
0.679871 0.733332 0.000000
0.000000 -1.000000 0.000000
0.000000 -1.000000 0.000000
0.000000 1.000000 -0.000000
0.153431 -0.988159 0.000000
-0.988159 -0.153431 -0.000000
-0.988160 -0.153430 -0.000000
-0.988159 -0.153431 0.000000
0.988160 0.153429 0.000000
-0.153431 0.988159 0.000000
-0.153431 0.988159 0.000000
-0.153431 0.988159 0.000000
-0.000000 -0.000000 1.000000
-0.000000 -0.000000 1.000000
-0.000000 -0.000000 1.000000
106
1 0 1 2 0 0 0 1
1 0 3 1 0 0 0 1
1 0 4 5 1 1 1 2
1 0 2 4 1 1 1 2
1 6 7 8 2 2 2 1
1 6 9 7 2 2 2 1
1 2 10 4 3 3 3 3
1 2 1 10 3 3 3 3
1 11 12 13 4 4 4 1
1 11 14 12 4 4 4 1
1 5 10 15 5 5 5 1
1 5 4 10 5 5 5 1
1 16 17 18 6 6 6 1
1 16 19 17 6 6 6 1
1 20 21 22 7 7 7 1
1 20 23 21 7 7 7 1
1 24 25 26 2 2 8 1
1 24 27 25 2 2 2 1
1 28 29 30 3 3 3 1
1 28 31 29 3 3 3 1
1 32 33 34 9 9 9 1
1 32 35 33 9 10 9 1
1 36 37 38 5 11 12 1
1 36 39 37 5 5 11 1
1 26 40 41 8 13 14 1
1 26 25 40 8 2 13 1
1 38 42 43 12 15 15 1
1 38 37 42 12 11 15 1
1 44 45 46 16 16 17 1
1 44 47 45 16 18 16 1
1 48 32 34 19 19 19 2
1 48 49 32 19 19 19 2
1 50 51 52 0 0 0 1
1 50 53 51 0 0 0 1
1 54 55 56 20 20 20 1
1 54 57 55 20 21 20 1
1 58 59 60 2 2 2 1
1 58 61 59 2 2 2 1
1 62 63 64 3 3 3 1
1 62 65 63 3 3 3 1
1 66 67 68 22 23 24 1
1 66 69 67 22 25 23 1
1 70 71 72 5 5 5 1
1 71 73 72 5 5 5 1
1 74 72 73 5 5 5 1
1 75 76 77 26 27 28 1
1 75 78 76 26 26 27 1
1 70 79 80 5 5 5 1
1 70 72 79 5 5 5 1
1 63 81 82 3 3 3 1
1 63 65 81 3 3 3 1
1 83 84 85 29 0 0 1
1 83 86 84 29 29 0 1
1 77 69 66 28 25 22 1
1 77 76 69 28 27 25 1
1 80 87 88 5 5 5 1
1 80 79 87 5 5 5 1
1 89 68 67 30 24 23 1
1 89 90 68 30 30 24 1
1 85 91 92 0 0 0 1
1 85 84 91 0 0 0 1
1 93 55 57 31 20 21 1
1 93 94 55 31 20 20 1
1 83 95 86 29 32 29 1
1 83 96 95 29 32 32 1
1 53 97 51 0 0 0 1
1 98 99 100 33 34 35 1
1 98 101 99 33 34 34 1
1 77 102 103 28 36 37 1
1 77 66 102 28 22 36 1
1 66 104 102 22 23 36 1
1 66 68 104 22 24 23 1
1 68 105 104 24 38 23 1
1 68 90 105 24 30 38 1
1 81 106 107 3 3 3 1
1 81 65 106 3 3 3 1
1 65 108 106 3 3 3 1
1 65 62 108 3 3 3 1
1 93 109 110 31 39 39 1
1 93 57 109 31 21 39 1
1 111 100 112 2 35 2 1
1 111 98 100 2 33 35 1
1 113 114 115 0 0 0 1
1 113 116 114 0 0 0 1
1 113 117 118 40 40 40 2
1 113 115 117 40 40 40 2
1 119 120 121 2 2 2 1
1 119 122 120 2 2 2 1
1 115 123 117 3 3 3 3
1 115 114 123 3 3 3 3
1 124 125 126 41 41 41 1
1 124 127 125 41 41 41 1
1 118 123 128 5 5 5 1
1 118 117 123 5 5 5 1
1 129 130 131 0 0 0 1
1 129 132 130 0 0 0 1
1 133 134 135 42 42 42 1
1 133 136 134 42 42 42 1
1 133 137 138 43 43 44 2
1 133 135 137 43 45 43 2
1 136 139 134 46 46 46 2
1 136 140 139 46 46 46 2
1 141 142 143 47 47 48 1
1 141 144 142 47 49 47 1
1 135 139 137 50 50 51 3
1 135 134 139 50 52 50 3

Materials: 1
"DefaultLib_Mater"
0.298039 0.298039 0.298039 1.000000
0.698039 0.698039 0.698039 1.000000
1.000000 1.000000 1.000000 1.000000
0.000000 0.000000 0.000000 1.000000
125.440002
1.000000
"house_2C.tga"
""

Bones: 0
GroupComments: 0
MaterialComments: 0
BoneComments: 0
ModelComment: 0
